,,,,,Name,Power On,Init CAN,Sensor_Comm_Init,Select Instrument,Init Tx Cal,Ping DUT,Proceed Request,WritePoints1571-1576,Points 812 to 815,Write Mailbox points,ReadTemperature,Make Path,Check Current,Get Sw Vers,Disable_Temp_Comp,SetMaxPowerForOccupiedBW,Save Config Points,Switch to RCTA,RCTA Occupied Bandwidth,Switch to BSD,BSD Occupied Bandwidth,Select Tx Antenna1,Set Cw mode enable,Disable_Temp_Comp,SetHondaTxPowerCal,Enable_Temp_comp,Select Tx Antenna1,TX Power Main,Select Tx Antenna2,TX Power Squint,Centre Frequencey Main,Centre Frequency Squint,CW Leakage Main,CW Leakage Squint,Set Cw mode disable,ReadTemperature,Reset DUT,Verify Points 1571-1576,Verify Mailbox points,ReadPoint 812-815,Power off,,,,,,,,,,,,,,,,,,,,,,,,,,,,,,,,,,,,,,,,,,,,,,,,,,,,,,,,,,,,,,,,,,,,,,,,,,,,,,,,,,,,,,,,,,,,,,,,,,,,,,,,,,,,,,
,,,,,Procedure,Bat_Ctrl,InitCanInterface,Sensor_Comm_Init,Get_Test_Instrument,Init_Tx_Cal,PingDut,Proceed_Request,WriteDUTData,WritePointCsvValue,WriteNBMailboxPoints,ReadTemperature,Make_Path,AnalogVoltMeas,GetSWVersion,SetTemperatureCompensation,SetMaxPowerForOccupiedBW,SaveConfigPoints,Force_Radar_Mode,GetOccupiedBw,Force_Radar_Mode,GetOccupiedBw,Select_TX_Antenna,SetCWMode,SetTemperatureCompensation,SetHondaTxPowerCal,SetTemperatureCompensation,Select_TX_Antenna,GetTxPower,Select_TX_Antenna,GetTxPower,GetCenterFrequency,GetCenterFrequency,GetCwLeakage,GetCwLeakage,SetCWMode,ReadTemperature,Reset_Bat,SerialpointsCheck,VerifyNBMailboxPoints,ReadPointCSV,Bat_Ctrl,,,,,,,,,,,,,,,,,,,,,,,,,,,,,,,,,,,,,,,,,,,,,,,,,,,,,,,,,,,,,,,,,,,,,,,,,,,,,,,,,,,,,,,,,,,,,,,,,,,,,,,,,,,,,,
Date,Time,Test Time,Nest,MIS#,Pass/Fail
03-03-2017,00:06:35,38.6,6,155080461691,PASS,Pass,Pass,Pass,Pass,Pass,Pass,Pass,Pass,Skip,Pass,Pass,Pass,Pass,Pass,Pass,Pass,Pass,Pass,Pass,Pass,Pass,Pass,Pass,Pass,Pass,Pass,Pass,Pass,Pass,Pass,Pass,Pass,Pass,Pass,Pass,Pass,Pass,Pass,Pass,Skip,Pass,
03-03-2017,00:59:41,40.2,1,155080461696,PASS,Pass,Pass,Pass,Pass,Pass,Pass,Pass,Pass,Skip,Pass,Pass,Pass,Pass,Pass,Pass,Pass,Pass,Pass,Pass,Pass,Pass,Pass,Pass,Pass,Pass,Pass,Pass,Pass,Pass,Pass,Pass,Pass,Pass,Pass,Pass,Pass,Pass,Pass,Pass,Skip,Pass,
03-03-2017,01:29:48,43.1,1,155080461696,FAIL,Pass,Pass,Pass,Pass,Pass,Fail,,,,,,,,,,,,,,,,,,,,,,,,,,,,,,,,,,,,
03-03-2017,02:22:13,73.7,1,155080461701,PASS,Pass,Pass,Pass,Pass,Pass,Pass,Pass,Pass,Skip,Pass,Pass,Pass,Pass,Pass,Pass,Pass,Pass,Pass,Pass,Pass,Pass,Pass,Pass,Pass,Pass,Pass,Pass,Pass,Pass,Pass,Pass,Pass,Pass,Pass,Pass,Pass,Pass,Pass,Pass,Skip,Pass,
03-03-2017,02:25:59,39.3,1,155080461702,PASS,Pass,Pass,Pass,Pass,Pass,Pass,Pass,Pass,Skip,Pass,Pass,Pass,Pass,Pass,Pass,Pass,Pass,Pass,Pass,Pass,Pass,Pass,Pass,Pass,Pass,Pass,Pass,Pass,Pass,Pass,Pass,Pass,Pass,Pass,Pass,Pass,Pass,Pass,Pass,Skip,Pass,
03-03-2017,02:26:14,39.6,3,155080461703,PASS,Pass,Pass,Pass,Pass,Pass,Pass,Pass,Pass,Skip,Pass,Pass,Pass,Pass,Pass,Pass,Pass,Pass,Pass,Pass,Pass,Pass,Pass,Pass,Pass,Pass,Pass,Pass,Pass,Pass,Pass,Pass,Pass,Pass,Pass,Pass,Pass,Pass,Pass,Pass,Skip,Pass,
03-03-2017,02:27:07,38.8,1,155080461705,PASS,Pass,Pass,Pass,Pass,Pass,Pass,Pass,Pass,Skip,Pass,Pass,Pass,Pass,Pass,Pass,Pass,Pass,Pass,Pass,Pass,Pass,Pass,Pass,Pass,Pass,Pass,Pass,Pass,Pass,Pass,Pass,Pass,Pass,Pass,Pass,Pass,Pass,Pass,Pass,Skip,Pass,
03-03-2017,02:27:30,39.1,3,155080461711,PASS,Pass,Pass,Pass,Pass,Pass,Pass,Pass,Pass,Skip,Pass,Pass,Pass,Pass,Pass,Pass,Pass,Pass,Pass,Pass,Pass,Pass,Pass,Pass,Pass,Pass,Pass,Pass,Pass,Pass,Pass,Pass,Pass,Pass,Pass,Pass,Pass,Pass,Pass,Pass,Skip,Pass,
03-03-2017,02:27:30,38.7,5,155080461706,PASS,Pass,Pass,Pass,Pass,Pass,Pass,Pass,Pass,Skip,Pass,Pass,Pass,Pass,Pass,Pass,Pass,Pass,Pass,Pass,Pass,Pass,Pass,Pass,Pass,Pass,Pass,Pass,Pass,Pass,Pass,Pass,Pass,Pass,Pass,Pass,Pass,Pass,Pass,Pass,Skip,Pass,
03-03-2017,02:28:20,39.1,1,155080461712,PASS,Pass,Pass,Pass,Pass,Pass,Pass,Pass,Pass,Skip,Pass,Pass,Pass,Pass,Pass,Pass,Pass,Pass,Pass,Pass,Pass,Pass,Pass,Pass,Pass,Pass,Pass,Pass,Pass,Pass,Pass,Pass,Pass,Pass,Pass,Pass,Pass,Pass,Pass,Pass,Skip,Pass,
03-03-2017,02:28:39,39.9,3,155080461713,PASS,Pass,Pass,Pass,Pass,Pass,Pass,Pass,Pass,Skip,Pass,Pass,Pass,Pass,Pass,Pass,Pass,Pass,Pass,Pass,Pass,Pass,Pass,Pass,Pass,Pass,Pass,Pass,Pass,Pass,Pass,Pass,Pass,Pass,Pass,Pass,Pass,Pass,Pass,Pass,Skip,Pass,
03-03-2017,02:28:55,40.2,5,155080461714,PASS,Pass,Pass,Pass,Pass,Pass,Pass,Pass,Pass,Skip,Pass,Pass,Pass,Pass,Pass,Pass,Pass,Pass,Pass,Pass,Pass,Pass,Pass,Pass,Pass,Pass,Pass,Pass,Pass,Pass,Pass,Pass,Pass,Pass,Pass,Pass,Pass,Pass,Pass,Pass,Skip,Pass,
03-03-2017,02:29:09,38.5,1,155080461715,PASS,Pass,Pass,Pass,Pass,Pass,Pass,Pass,Pass,Skip,Pass,Pass,Pass,Pass,Pass,Pass,Pass,Pass,Pass,Pass,Pass,Pass,Pass,Pass,Pass,Pass,Pass,Pass,Pass,Pass,Pass,Pass,Pass,Pass,Pass,Pass,Pass,Pass,Pass,Pass,Skip,Pass,
03-03-2017,02:29:46,39.1,3,155080461716,PASS,Pass,Pass,Pass,Pass,Pass,Pass,Pass,Pass,Skip,Pass,Pass,Pass,Pass,Pass,Pass,Pass,Pass,Pass,Pass,Pass,Pass,Pass,Pass,Pass,Pass,Pass,Pass,Pass,Pass,Pass,Pass,Pass,Pass,Pass,Pass,Pass,Pass,Pass,Pass,Skip,Pass,
03-03-2017,02:29:50,38.5,5,155080461721,PASS,Pass,Pass,Pass,Pass,Pass,Pass,Pass,Pass,Skip,Pass,Pass,Pass,Pass,Pass,Pass,Pass,Pass,Pass,Pass,Pass,Pass,Pass,Pass,Pass,Pass,Pass,Pass,Pass,Pass,Pass,Pass,Pass,Pass,Pass,Pass,Pass,Pass,Pass,Pass,Skip,Pass,
03-03-2017,02:30:19,39.3,1,155080461722,PASS,Pass,Pass,Pass,Pass,Pass,Pass,Pass,Pass,Skip,Pass,Pass,Pass,Pass,Pass,Pass,Pass,Pass,Pass,Pass,Pass,Pass,Pass,Pass,Pass,Pass,Pass,Pass,Pass,Pass,Pass,Pass,Pass,Pass,Pass,Pass,Pass,Pass,Pass,Pass,Skip,Pass,
03-03-2017,02:31:04,45.3,2,155080461723,PASS,Pass,Pass,Pass,Pass,Pass,Pass,Pass,Pass,Skip,Pass,Pass,Pass,Pass,Pass,Pass,Pass,Pass,Pass,Pass,Pass,Pass,Pass,Pass,Pass,Pass,Pass,Pass,Pass,Pass,Pass,Pass,Pass,Pass,Pass,Pass,Pass,Pass,Pass,Pass,Skip,Pass,
03-03-2017,02:33:29,40.1,1,155080461724,PASS,Pass,Pass,Pass,Pass,Pass,Pass,Pass,Pass,Skip,Pass,Pass,Pass,Pass,Pass,Pass,Pass,Pass,Pass,Pass,Pass,Pass,Pass,Pass,Pass,Pass,Pass,Pass,Pass,Pass,Pass,Pass,Pass,Pass,Pass,Pass,Pass,Pass,Pass,Pass,Skip,Pass,
03-03-2017,02:36:26,39.2,1,155080461725,PASS,Pass,Pass,Pass,Pass,Pass,Pass,Pass,Pass,Skip,Pass,Pass,Pass,Pass,Pass,Pass,Pass,Pass,Pass,Pass,Pass,Pass,Pass,Pass,Pass,Pass,Pass,Pass,Pass,Pass,Pass,Pass,Pass,Pass,Pass,Pass,Pass,Pass,Pass,Pass,Skip,Pass,
03-03-2017,02:36:44,38.7,3,155080461726,PASS,Pass,Pass,Pass,Pass,Pass,Pass,Pass,Pass,Skip,Pass,Pass,Pass,Pass,Pass,Pass,Pass,Pass,Pass,Pass,Pass,Pass,Pass,Pass,Pass,Pass,Pass,Pass,Pass,Pass,Pass,Pass,Pass,Pass,Pass,Pass,Pass,Pass,Pass,Pass,Skip,Pass,
03-03-2017,02:37:02,40.9,5,155080462991,PASS,Pass,Pass,Pass,Pass,Pass,Pass,Pass,Pass,Skip,Pass,Pass,Pass,Pass,Pass,Pass,Pass,Pass,Pass,Pass,Pass,Pass,Pass,Pass,Pass,Pass,Pass,Pass,Pass,Pass,Pass,Pass,Pass,Pass,Pass,Pass,Pass,Pass,Pass,Pass,Skip,Pass,
03-03-2017,02:37:18,39.3,1,155080462992,PASS,Pass,Pass,Pass,Pass,Pass,Pass,Pass,Pass,Skip,Pass,Pass,Pass,Pass,Pass,Pass,Pass,Pass,Pass,Pass,Pass,Pass,Pass,Pass,Pass,Pass,Pass,Pass,Pass,Pass,Pass,Pass,Pass,Pass,Pass,Pass,Pass,Pass,Pass,Pass,Skip,Pass,
03-03-2017,02:37:30,38.6,3,155080462993,PASS,Pass,Pass,Pass,Pass,Pass,Pass,Pass,Pass,Skip,Pass,Pass,Pass,Pass,Pass,Pass,Pass,Pass,Pass,Pass,Pass,Pass,Pass,Pass,Pass,Pass,Pass,Pass,Pass,Pass,Pass,Pass,Pass,Pass,Pass,Pass,Pass,Pass,Pass,Pass,Skip,Pass,
03-03-2017,02:38:07,41.7,5,155080462994,PASS,Pass,Pass,Pass,Pass,Pass,Pass,Pass,Pass,Skip,Pass,Pass,Pass,Pass,Pass,Pass,Pass,Pass,Pass,Pass,Pass,Pass,Pass,Pass,Pass,Pass,Pass,Pass,Pass,Pass,Pass,Pass,Pass,Pass,Pass,Pass,Pass,Pass,Pass,Pass,Skip,Pass,
03-03-2017,02:38:19,39.5,1,155080462995,PASS,Pass,Pass,Pass,Pass,Pass,Pass,Pass,Pass,Skip,Pass,Pass,Pass,Pass,Pass,Pass,Pass,Pass,Pass,Pass,Pass,Pass,Pass,Pass,Pass,Pass,Pass,Pass,Pass,Pass,Pass,Pass,Pass,Pass,Pass,Pass,Pass,Pass,Pass,Pass,Skip,Pass,
03-03-2017,02:38:38,39.8,3,155080462996,PASS,Pass,Pass,Pass,Pass,Pass,Pass,Pass,Pass,Skip,Pass,Pass,Pass,Pass,Pass,Pass,Pass,Pass,Pass,Pass,Pass,Pass,Pass,Pass,Pass,Pass,Pass,Pass,Pass,Pass,Pass,Pass,Pass,Pass,Pass,Pass,Pass,Pass,Pass,Pass,Skip,Pass,
03-03-2017,02:39:02,39.4,5,155080463061,PASS,Pass,Pass,Pass,Pass,Pass,Pass,Pass,Pass,Skip,Pass,Pass,Pass,Pass,Pass,Pass,Pass,Pass,Pass,Pass,Pass,Pass,Pass,Pass,Pass,Pass,Pass,Pass,Pass,Pass,Pass,Pass,Pass,Pass,Pass,Pass,Pass,Pass,Pass,Pass,Skip,Pass,
03-03-2017,02:39:15,39.6,1,155080463062,PASS,Pass,Pass,Pass,Pass,Pass,Pass,Pass,Pass,Skip,Pass,Pass,Pass,Pass,Pass,Pass,Pass,Pass,Pass,Pass,Pass,Pass,Pass,Pass,Pass,Pass,Pass,Pass,Pass,Pass,Pass,Pass,Pass,Pass,Pass,Pass,Pass,Pass,Pass,Pass,Skip,Pass,
03-03-2017,02:39:32,38.2,3,155080463063,PASS,Pass,Pass,Pass,Pass,Pass,Pass,Pass,Pass,Skip,Pass,Pass,Pass,Pass,Pass,Pass,Pass,Pass,Pass,Pass,Pass,Pass,Pass,Pass,Pass,Pass,Pass,Pass,Pass,Pass,Pass,Pass,Pass,Pass,Pass,Pass,Pass,Pass,Pass,Pass,Skip,Pass,
03-03-2017,02:39:52,40.3,5,155080463064,PASS,Pass,Pass,Pass,Pass,Pass,Pass,Pass,Pass,Skip,Pass,Pass,Pass,Pass,Pass,Pass,Pass,Pass,Pass,Pass,Pass,Pass,Pass,Pass,Pass,Pass,Pass,Pass,Pass,Pass,Pass,Pass,Pass,Pass,Pass,Pass,Pass,Pass,Pass,Pass,Skip,Pass,
03-03-2017,02:40:09,40.3,1,155080463065,PASS,Pass,Pass,Pass,Pass,Pass,Pass,Pass,Pass,Skip,Pass,Pass,Pass,Pass,Pass,Pass,Pass,Pass,Pass,Pass,Pass,Pass,Pass,Pass,Pass,Pass,Pass,Pass,Pass,Pass,Pass,Pass,Pass,Pass,Pass,Pass,Pass,Pass,Pass,Pass,Skip,Pass,
03-03-2017,02:40:23,39.1,3,155080463066,PASS,Pass,Pass,Pass,Pass,Pass,Pass,Pass,Pass,Skip,Pass,Pass,Pass,Pass,Pass,Pass,Pass,Pass,Pass,Pass,Pass,Pass,Pass,Pass,Pass,Pass,Pass,Pass,Pass,Pass,Pass,Pass,Pass,Pass,Pass,Pass,Pass,Pass,Pass,Pass,Skip,Pass,
03-03-2017,02:40:40,42.4,5,155080463071,PASS,Pass,Pass,Pass,Pass,Pass,Pass,Pass,Pass,Skip,Pass,Pass,Pass,Pass,Pass,Pass,Pass,Pass,Pass,Pass,Pass,Pass,Pass,Pass,Pass,Pass,Pass,Pass,Pass,Pass,Pass,Pass,Pass,Pass,Pass,Pass,Pass,Pass,Pass,Pass,Skip,Pass,
03-03-2017,02:41:00,45.3,2,155080463072,PASS,Pass,Pass,Pass,Pass,Pass,Pass,Pass,Pass,Skip,Pass,Pass,Pass,Pass,Pass,Pass,Pass,Pass,Pass,Pass,Pass,Pass,Pass,Pass,Pass,Pass,Pass,Pass,Pass,Pass,Pass,Pass,Pass,Pass,Pass,Pass,Pass,Pass,Pass,Pass,Skip,Pass,
03-03-2017,02:41:07,41.0,4,155080463073,PASS,Pass,Pass,Pass,Pass,Pass,Pass,Pass,Pass,Skip,Pass,Pass,Pass,Pass,Pass,Pass,Pass,Pass,Pass,Pass,Pass,Pass,Pass,Pass,Pass,Pass,Pass,Pass,Pass,Pass,Pass,Pass,Pass,Pass,Pass,Pass,Pass,Pass,Pass,Pass,Skip,Pass,
03-03-2017,02:41:22,41.2,6,155080463074,PASS,Pass,Pass,Pass,Pass,Pass,Pass,Pass,Pass,Skip,Pass,Pass,Pass,Pass,Pass,Pass,Pass,Pass,Pass,Pass,Pass,Pass,Pass,Pass,Pass,Pass,Pass,Pass,Pass,Pass,Pass,Pass,Pass,Pass,Pass,Pass,Pass,Pass,Pass,Pass,Skip,Pass,
03-03-2017,02:41:40,39.9,1,155080463075,PASS,Pass,Pass,Pass,Pass,Pass,Pass,Pass,Pass,Skip,Pass,Pass,Pass,Pass,Pass,Pass,Pass,Pass,Pass,Pass,Pass,Pass,Pass,Pass,Pass,Pass,Pass,Pass,Pass,Pass,Pass,Pass,Pass,Pass,Pass,Pass,Pass,Pass,Pass,Pass,Skip,Pass,
03-03-2017,02:41:51,42.0,3,155080463076,PASS,Pass,Pass,Pass,Pass,Pass,Pass,Pass,Pass,Skip,Pass,Pass,Pass,Pass,Pass,Pass,Pass,Pass,Pass,Pass,Pass,Pass,Pass,Pass,Pass,Pass,Pass,Pass,Pass,Pass,Pass,Pass,Pass,Pass,Pass,Pass,Pass,Pass,Pass,Pass,Skip,Pass,
03-03-2017,02:42:07,40.4,5,155080463431,PASS,Pass,Pass,Pass,Pass,Pass,Pass,Pass,Pass,Skip,Pass,Pass,Pass,Pass,Pass,Pass,Pass,Pass,Pass,Pass,Pass,Pass,Pass,Pass,Pass,Pass,Pass,Pass,Pass,Pass,Pass,Pass,Pass,Pass,Pass,Pass,Pass,Pass,Pass,Pass,Skip,Pass,
03-03-2017,02:42:22,39.3,2,155080463432,PASS,Pass,Pass,Pass,Pass,Pass,Pass,Pass,Pass,Skip,Pass,Pass,Pass,Pass,Pass,Pass,Pass,Pass,Pass,Pass,Pass,Pass,Pass,Pass,Pass,Pass,Pass,Pass,Pass,Pass,Pass,Pass,Pass,Pass,Pass,Pass,Pass,Pass,Pass,Pass,Skip,Pass,
03-03-2017,02:42:35,39.8,4,155080463433,PASS,Pass,Pass,Pass,Pass,Pass,Pass,Pass,Pass,Skip,Pass,Pass,Pass,Pass,Pass,Pass,Pass,Pass,Pass,Pass,Pass,Pass,Pass,Pass,Pass,Pass,Pass,Pass,Pass,Pass,Pass,Pass,Pass,Pass,Pass,Pass,Pass,Pass,Pass,Pass,Skip,Pass,
03-03-2017,02:43:01,38.7,1,155080463434,PASS,Pass,Pass,Pass,Pass,Pass,Pass,Pass,Pass,Skip,Pass,Pass,Pass,Pass,Pass,Pass,Pass,Pass,Pass,Pass,Pass,Pass,Pass,Pass,Pass,Pass,Pass,Pass,Pass,Pass,Pass,Pass,Pass,Pass,Pass,Pass,Pass,Pass,Pass,Pass,Skip,Pass,
03-03-2017,02:43:14,39.3,3,155080463435,PASS,Pass,Pass,Pass,Pass,Pass,Pass,Pass,Pass,Skip,Pass,Pass,Pass,Pass,Pass,Pass,Pass,Pass,Pass,Pass,Pass,Pass,Pass,Pass,Pass,Pass,Pass,Pass,Pass,Pass,Pass,Pass,Pass,Pass,Pass,Pass,Pass,Pass,Pass,Pass,Skip,Pass,
03-03-2017,02:43:21,38.9,5,155080463436,PASS,Pass,Pass,Pass,Pass,Pass,Pass,Pass,Pass,Skip,Pass,Pass,Pass,Pass,Pass,Pass,Pass,Pass,Pass,Pass,Pass,Pass,Pass,Pass,Pass,Pass,Pass,Pass,Pass,Pass,Pass,Pass,Pass,Pass,Pass,Pass,Pass,Pass,Pass,Pass,Skip,Pass,
03-03-2017,02:43:41,40.5,2,155080463351,PASS,Pass,Pass,Pass,Pass,Pass,Pass,Pass,Pass,Skip,Pass,Pass,Pass,Pass,Pass,Pass,Pass,Pass,Pass,Pass,Pass,Pass,Pass,Pass,Pass,Pass,Pass,Pass,Pass,Pass,Pass,Pass,Pass,Pass,Pass,Pass,Pass,Pass,Pass,Pass,Skip,Pass,
03-03-2017,02:43:54,39.4,4,155080463352,PASS,Pass,Pass,Pass,Pass,Pass,Pass,Pass,Pass,Skip,Pass,Pass,Pass,Pass,Pass,Pass,Pass,Pass,Pass,Pass,Pass,Pass,Pass,Pass,Pass,Pass,Pass,Pass,Pass,Pass,Pass,Pass,Pass,Pass,Pass,Pass,Pass,Pass,Pass,Pass,Skip,Pass,
03-03-2017,02:44:04,40.1,6,155080463353,PASS,Pass,Pass,Pass,Pass,Pass,Pass,Pass,Pass,Skip,Pass,Pass,Pass,Pass,Pass,Pass,Pass,Pass,Pass,Pass,Pass,Pass,Pass,Pass,Pass,Pass,Pass,Pass,Pass,Pass,Pass,Pass,Pass,Pass,Pass,Pass,Pass,Pass,Pass,Pass,Skip,Pass,
03-03-2017,02:44:21,39.3,1,155080463354,PASS,Pass,Pass,Pass,Pass,Pass,Pass,Pass,Pass,Skip,Pass,Pass,Pass,Pass,Pass,Pass,Pass,Pass,Pass,Pass,Pass,Pass,Pass,Pass,Pass,Pass,Pass,Pass,Pass,Pass,Pass,Pass,Pass,Pass,Pass,Pass,Pass,Pass,Pass,Pass,Skip,Pass,
03-03-2017,02:44:39,40.6,3,155080463355,PASS,Pass,Pass,Pass,Pass,Pass,Pass,Pass,Pass,Skip,Pass,Pass,Pass,Pass,Pass,Pass,Pass,Pass,Pass,Pass,Pass,Pass,Pass,Pass,Pass,Pass,Pass,Pass,Pass,Pass,Pass,Pass,Pass,Pass,Pass,Pass,Pass,Pass,Pass,Pass,Skip,Pass,
03-03-2017,02:44:51,39.5,5,155080463356,PASS,Pass,Pass,Pass,Pass,Pass,Pass,Pass,Pass,Skip,Pass,Pass,Pass,Pass,Pass,Pass,Pass,Pass,Pass,Pass,Pass,Pass,Pass,Pass,Pass,Pass,Pass,Pass,Pass,Pass,Pass,Pass,Pass,Pass,Pass,Pass,Pass,Pass,Pass,Pass,Skip,Pass,
03-03-2017,02:45:07,39.5,2,155080463481,PASS,Pass,Pass,Pass,Pass,Pass,Pass,Pass,Pass,Skip,Pass,Pass,Pass,Pass,Pass,Pass,Pass,Pass,Pass,Pass,Pass,Pass,Pass,Pass,Pass,Pass,Pass,Pass,Pass,Pass,Pass,Pass,Pass,Pass,Pass,Pass,Pass,Pass,Pass,Pass,Skip,Pass,
03-03-2017,02:45:30,38.8,6,155080463482,PASS,Pass,Pass,Pass,Pass,Pass,Pass,Pass,Pass,Skip,Pass,Pass,Pass,Pass,Pass,Pass,Pass,Pass,Pass,Pass,Pass,Pass,Pass,Pass,Pass,Pass,Pass,Pass,Pass,Pass,Pass,Pass,Pass,Pass,Pass,Pass,Pass,Pass,Pass,Pass,Skip,Pass,
03-03-2017,02:45:34,39.3,4,155080463483,PASS,Pass,Pass,Pass,Pass,Pass,Pass,Pass,Pass,Skip,Pass,Pass,Pass,Pass,Pass,Pass,Pass,Pass,Pass,Pass,Pass,Pass,Pass,Pass,Pass,Pass,Pass,Pass,Pass,Pass,Pass,Pass,Pass,Pass,Pass,Pass,Pass,Pass,Pass,Pass,Skip,Pass,
03-03-2017,02:45:53,38.9,1,155080463484,PASS,Pass,Pass,Pass,Pass,Pass,Pass,Pass,Pass,Skip,Pass,Pass,Pass,Pass,Pass,Pass,Pass,Pass,Pass,Pass,Pass,Pass,Pass,Pass,Pass,Pass,Pass,Pass,Pass,Pass,Pass,Pass,Pass,Pass,Pass,Pass,Pass,Pass,Pass,Pass,Skip,Pass,
03-03-2017,02:46:15,38.8,3,155080463485,PASS,Pass,Pass,Pass,Pass,Pass,Pass,Pass,Pass,Skip,Pass,Pass,Pass,Pass,Pass,Pass,Pass,Pass,Pass,Pass,Pass,Pass,Pass,Pass,Pass,Pass,Pass,Pass,Pass,Pass,Pass,Pass,Pass,Pass,Pass,Pass,Pass,Pass,Pass,Pass,Skip,Pass,
03-03-2017,02:46:31,40.1,5,155080463486,PASS,Pass,Pass,Pass,Pass,Pass,Pass,Pass,Pass,Skip,Pass,Pass,Pass,Pass,Pass,Pass,Pass,Pass,Pass,Pass,Pass,Pass,Pass,Pass,Pass,Pass,Pass,Pass,Pass,Pass,Pass,Pass,Pass,Pass,Pass,Pass,Pass,Pass,Pass,Pass,Skip,Pass,
03-03-2017,02:46:42,40.1,2,155080463341,PASS,Pass,Pass,Pass,Pass,Pass,Pass,Pass,Pass,Skip,Pass,Pass,Pass,Pass,Pass,Pass,Pass,Pass,Pass,Pass,Pass,Pass,Pass,Pass,Pass,Pass,Pass,Pass,Pass,Pass,Pass,Pass,Pass,Pass,Pass,Pass,Pass,Pass,Pass,Pass,Skip,Pass,
03-03-2017,02:46:57,39.4,4,155080463342,PASS,Pass,Pass,Pass,Pass,Pass,Pass,Pass,Pass,Skip,Pass,Pass,Pass,Pass,Pass,Pass,Pass,Pass,Pass,Pass,Pass,Pass,Pass,Pass,Pass,Pass,Pass,Pass,Pass,Pass,Pass,Pass,Pass,Pass,Pass,Pass,Pass,Pass,Pass,Pass,Skip,Pass,
03-03-2017,02:47:22,39.6,6,155080463343,PASS,Pass,Pass,Pass,Pass,Pass,Pass,Pass,Pass,Skip,Pass,Pass,Pass,Pass,Pass,Pass,Pass,Pass,Pass,Pass,Pass,Pass,Pass,Pass,Pass,Pass,Pass,Pass,Pass,Pass,Pass,Pass,Pass,Pass,Pass,Pass,Pass,Pass,Pass,Pass,Skip,Pass,
03-03-2017,02:47:38,38.8,1,155080463344,PASS,Pass,Pass,Pass,Pass,Pass,Pass,Pass,Pass,Skip,Pass,Pass,Pass,Pass,Pass,Pass,Pass,Pass,Pass,Pass,Pass,Pass,Pass,Pass,Pass,Pass,Pass,Pass,Pass,Pass,Pass,Pass,Pass,Pass,Pass,Pass,Pass,Pass,Pass,Pass,Skip,Pass,
03-03-2017,02:48:14,38.6,3,155080463345,PASS,Pass,Pass,Pass,Pass,Pass,Pass,Pass,Pass,Skip,Pass,Pass,Pass,Pass,Pass,Pass,Pass,Pass,Pass,Pass,Pass,Pass,Pass,Pass,Pass,Pass,Pass,Pass,Pass,Pass,Pass,Pass,Pass,Pass,Pass,Pass,Pass,Pass,Pass,Pass,Skip,Pass,
03-03-2017,02:48:28,40.3,5,155080463346,PASS,Pass,Pass,Pass,Pass,Pass,Pass,Pass,Pass,Skip,Pass,Pass,Pass,Pass,Pass,Pass,Pass,Pass,Pass,Pass,Pass,Pass,Pass,Pass,Pass,Pass,Pass,Pass,Pass,Pass,Pass,Pass,Pass,Pass,Pass,Pass,Pass,Pass,Pass,Pass,Skip,Pass,
03-03-2017,02:48:39,38.8,2,155080463381,PASS,Pass,Pass,Pass,Pass,Pass,Pass,Pass,Pass,Skip,Pass,Pass,Pass,Pass,Pass,Pass,Pass,Pass,Pass,Pass,Pass,Pass,Pass,Pass,Pass,Pass,Pass,Pass,Pass,Pass,Pass,Pass,Pass,Pass,Pass,Pass,Pass,Pass,Pass,Pass,Skip,Pass,
03-03-2017,02:48:56,39.8,4,155080463382,PASS,Pass,Pass,Pass,Pass,Pass,Pass,Pass,Pass,Skip,Pass,Pass,Pass,Pass,Pass,Pass,Pass,Pass,Pass,Pass,Pass,Pass,Pass,Pass,Pass,Pass,Pass,Pass,Pass,Pass,Pass,Pass,Pass,Pass,Pass,Pass,Pass,Pass,Pass,Pass,Skip,Pass,
03-03-2017,02:49:24,40.6,6,155080463383,PASS,Pass,Pass,Pass,Pass,Pass,Pass,Pass,Pass,Skip,Pass,Pass,Pass,Pass,Pass,Pass,Pass,Pass,Pass,Pass,Pass,Pass,Pass,Pass,Pass,Pass,Pass,Pass,Pass,Pass,Pass,Pass,Pass,Pass,Pass,Pass,Pass,Pass,Pass,Pass,Skip,Pass,
03-03-2017,02:49:36,38.8,1,155080463384,PASS,Pass,Pass,Pass,Pass,Pass,Pass,Pass,Pass,Skip,Pass,Pass,Pass,Pass,Pass,Pass,Pass,Pass,Pass,Pass,Pass,Pass,Pass,Pass,Pass,Pass,Pass,Pass,Pass,Pass,Pass,Pass,Pass,Pass,Pass,Pass,Pass,Pass,Pass,Pass,Skip,Pass,
03-03-2017,02:49:52,40.0,3,155080463385,PASS,Pass,Pass,Pass,Pass,Pass,Pass,Pass,Pass,Skip,Pass,Pass,Pass,Pass,Pass,Pass,Pass,Pass,Pass,Pass,Pass,Pass,Pass,Pass,Pass,Pass,Pass,Pass,Pass,Pass,Pass,Pass,Pass,Pass,Pass,Pass,Pass,Pass,Pass,Pass,Skip,Pass,
03-03-2017,02:50:10,41.1,5,155080463386,PASS,Pass,Pass,Pass,Pass,Pass,Pass,Pass,Pass,Skip,Pass,Pass,Pass,Pass,Pass,Pass,Pass,Pass,Pass,Pass,Pass,Pass,Pass,Pass,Pass,Pass,Pass,Pass,Pass,Pass,Pass,Pass,Pass,Pass,Pass,Pass,Pass,Pass,Pass,Pass,Skip,Pass,
03-03-2017,02:50:40,39.4,1,155080463301,PASS,Pass,Pass,Pass,Pass,Pass,Pass,Pass,Pass,Skip,Pass,Pass,Pass,Pass,Pass,Pass,Pass,Pass,Pass,Pass,Pass,Pass,Pass,Pass,Pass,Pass,Pass,Pass,Pass,Pass,Pass,Pass,Pass,Pass,Pass,Pass,Pass,Pass,Pass,Pass,Skip,Pass,
03-03-2017,02:51:06,39.3,3,155080463302,PASS,Pass,Pass,Pass,Pass,Pass,Pass,Pass,Pass,Skip,Pass,Pass,Pass,Pass,Pass,Pass,Pass,Pass,Pass,Pass,Pass,Pass,Pass,Pass,Pass,Pass,Pass,Pass,Pass,Pass,Pass,Pass,Pass,Pass,Pass,Pass,Pass,Pass,Pass,Pass,Skip,Pass,
03-03-2017,02:51:19,40.1,5,155080463303,PASS,Pass,Pass,Pass,Pass,Pass,Pass,Pass,Pass,Skip,Pass,Pass,Pass,Pass,Pass,Pass,Pass,Pass,Pass,Pass,Pass,Pass,Pass,Pass,Pass,Pass,Pass,Pass,Pass,Pass,Pass,Pass,Pass,Pass,Pass,Pass,Pass,Pass,Pass,Pass,Skip,Pass,
03-03-2017,02:51:33,38.7,2,155080463304,PASS,Pass,Pass,Pass,Pass,Pass,Pass,Pass,Pass,Skip,Pass,Pass,Pass,Pass,Pass,Pass,Pass,Pass,Pass,Pass,Pass,Pass,Pass,Pass,Pass,Pass,Pass,Pass,Pass,Pass,Pass,Pass,Pass,Pass,Pass,Pass,Pass,Pass,Pass,Pass,Skip,Pass,
03-03-2017,02:51:51,39.7,4,155080463305,PASS,Pass,Pass,Pass,Pass,Pass,Pass,Pass,Pass,Skip,Pass,Pass,Pass,Pass,Pass,Pass,Pass,Pass,Pass,Pass,Pass,Pass,Pass,Pass,Pass,Pass,Pass,Pass,Pass,Pass,Pass,Pass,Pass,Pass,Pass,Pass,Pass,Pass,Pass,Pass,Skip,Pass,
03-03-2017,02:52:13,39.7,1,155080463306,PASS,Pass,Pass,Pass,Pass,Pass,Pass,Pass,Pass,Skip,Pass,Pass,Pass,Pass,Pass,Pass,Pass,Pass,Pass,Pass,Pass,Pass,Pass,Pass,Pass,Pass,Pass,Pass,Pass,Pass,Pass,Pass,Pass,Pass,Pass,Pass,Pass,Pass,Pass,Pass,Skip,Pass,
03-03-2017,02:52:20,40.0,6,155080463291,PASS,Pass,Pass,Pass,Pass,Pass,Pass,Pass,Pass,Skip,Pass,Pass,Pass,Pass,Pass,Pass,Pass,Pass,Pass,Pass,Pass,Pass,Pass,Pass,Pass,Pass,Pass,Pass,Pass,Pass,Pass,Pass,Pass,Pass,Pass,Pass,Pass,Pass,Pass,Pass,Skip,Pass,
03-03-2017,02:52:32,38.7,3,155080463292,PASS,Pass,Pass,Pass,Pass,Pass,Pass,Pass,Pass,Skip,Pass,Pass,Pass,Pass,Pass,Pass,Pass,Pass,Pass,Pass,Pass,Pass,Pass,Pass,Pass,Pass,Pass,Pass,Pass,Pass,Pass,Pass,Pass,Pass,Pass,Pass,Pass,Pass,Pass,Pass,Skip,Pass,
03-03-2017,02:52:53,39.6,2,155080463293,PASS,Pass,Pass,Pass,Pass,Pass,Pass,Pass,Pass,Skip,Pass,Pass,Pass,Pass,Pass,Pass,Pass,Pass,Pass,Pass,Pass,Pass,Pass,Pass,Pass,Pass,Pass,Pass,Pass,Pass,Pass,Pass,Pass,Pass,Pass,Pass,Pass,Pass,Pass,Pass,Skip,Pass,
03-03-2017,02:53:05,39.5,5,155080463294,PASS,Pass,Pass,Pass,Pass,Pass,Pass,Pass,Pass,Skip,Pass,Pass,Pass,Pass,Pass,Pass,Pass,Pass,Pass,Pass,Pass,Pass,Pass,Pass,Pass,Pass,Pass,Pass,Pass,Pass,Pass,Pass,Pass,Pass,Pass,Pass,Pass,Pass,Pass,Pass,Skip,Pass,
03-03-2017,02:53:19,38.8,3,155080463296,PASS,Pass,Pass,Pass,Pass,Pass,Pass,Pass,Pass,Skip,Pass,Pass,Pass,Pass,Pass,Pass,Pass,Pass,Pass,Pass,Pass,Pass,Pass,Pass,Pass,Pass,Pass,Pass,Pass,Pass,Pass,Pass,Pass,Pass,Pass,Pass,Pass,Pass,Pass,Pass,Skip,Pass,
03-03-2017,02:53:32,38.7,1,155080463295,PASS,Pass,Pass,Pass,Pass,Pass,Pass,Pass,Pass,Skip,Pass,Pass,Pass,Pass,Pass,Pass,Pass,Pass,Pass,Pass,Pass,Pass,Pass,Pass,Pass,Pass,Pass,Pass,Pass,Pass,Pass,Pass,Pass,Pass,Pass,Pass,Pass,Pass,Pass,Pass,Skip,Pass,
03-03-2017,03:00:08,52.0,1,155900129251,PASS,Pass,Pass,Pass,Pass,Pass,Pass,Pass,Pass,Skip,Pass,Pass,Pass,Pass,Pass,Pass,Pass,Pass,Pass,Pass,Pass,Pass,Pass,Pass,Pass,Pass,Pass,Pass,Pass,Pass,Pass,Pass,Pass,Pass,Pass,Pass,Pass,Pass,Pass,Pass,Skip,Pass,
03-03-2017,03:00:21,49.9,3,155900129252,PASS,Pass,Pass,Pass,Pass,Pass,Pass,Pass,Pass,Skip,Pass,Pass,Pass,Pass,Pass,Pass,Pass,Pass,Pass,Pass,Pass,Pass,Pass,Pass,Pass,Pass,Pass,Pass,Pass,Pass,Pass,Pass,Pass,Pass,Pass,Pass,Pass,Pass,Pass,Pass,Skip,Pass,
03-03-2017,03:00:35,48.2,5,155900129253,PASS,Pass,Pass,Pass,Pass,Pass,Pass,Pass,Pass,Skip,Pass,Pass,Pass,Pass,Pass,Pass,Pass,Pass,Pass,Pass,Pass,Pass,Pass,Pass,Pass,Pass,Pass,Pass,Pass,Pass,Pass,Pass,Pass,Pass,Pass,Pass,Pass,Pass,Pass,Pass,Skip,Pass,
03-03-2017,03:00:58,49.9,2,155900129254,PASS,Pass,Pass,Pass,Pass,Pass,Pass,Pass,Pass,Skip,Pass,Pass,Pass,Pass,Pass,Pass,Pass,Pass,Pass,Pass,Pass,Pass,Pass,Pass,Pass,Pass,Pass,Pass,Pass,Pass,Pass,Pass,Pass,Pass,Pass,Pass,Pass,Pass,Pass,Pass,Skip,Pass,
03-03-2017,03:03:05,49.9,4,155900129255,PASS,Pass,Pass,Pass,Pass,Pass,Pass,Pass,Pass,Skip,Pass,Pass,Pass,Pass,Pass,Pass,Pass,Pass,Pass,Pass,Pass,Pass,Pass,Pass,Pass,Pass,Pass,Pass,Pass,Pass,Pass,Pass,Pass,Pass,Pass,Pass,Pass,Pass,Pass,Pass,Skip,Pass,
03-03-2017,03:03:19,50.2,6,155900129256,PASS,Pass,Pass,Pass,Pass,Pass,Pass,Pass,Pass,Skip,Pass,Pass,Pass,Pass,Pass,Pass,Pass,Pass,Pass,Pass,Pass,Pass,Pass,Pass,Pass,Pass,Pass,Pass,Pass,Pass,Pass,Pass,Pass,Pass,Pass,Pass,Pass,Pass,Pass,Pass,Skip,Pass,
03-03-2017,03:03:32,50.0,1,155900129301,PASS,Pass,Pass,Pass,Pass,Pass,Pass,Pass,Pass,Skip,Pass,Pass,Pass,Pass,Pass,Pass,Pass,Pass,Pass,Pass,Pass,Pass,Pass,Pass,Pass,Pass,Pass,Pass,Pass,Pass,Pass,Pass,Pass,Pass,Pass,Pass,Pass,Pass,Pass,Pass,Skip,Pass,
03-03-2017,03:03:53,48.4,3,155900129302,PASS,Pass,Pass,Pass,Pass,Pass,Pass,Pass,Pass,Skip,Pass,Pass,Pass,Pass,Pass,Pass,Pass,Pass,Pass,Pass,Pass,Pass,Pass,Pass,Pass,Pass,Pass,Pass,Pass,Pass,Pass,Pass,Pass,Pass,Pass,Pass,Pass,Pass,Pass,Pass,Skip,Pass,
03-03-2017,03:04:09,50.0,5,155900129303,PASS,Pass,Pass,Pass,Pass,Pass,Pass,Pass,Pass,Skip,Pass,Pass,Pass,Pass,Pass,Pass,Pass,Pass,Pass,Pass,Pass,Pass,Pass,Pass,Pass,Pass,Pass,Pass,Pass,Pass,Pass,Pass,Pass,Pass,Pass,Pass,Pass,Pass,Pass,Pass,Skip,Pass,
03-03-2017,03:04:22,50.0,2,155900129304,PASS,Pass,Pass,Pass,Pass,Pass,Pass,Pass,Pass,Skip,Pass,Pass,Pass,Pass,Pass,Pass,Pass,Pass,Pass,Pass,Pass,Pass,Pass,Pass,Pass,Pass,Pass,Pass,Pass,Pass,Pass,Pass,Pass,Pass,Pass,Pass,Pass,Pass,Pass,Pass,Skip,Pass,
03-03-2017,03:05:13,50.9,1,155900129305,PASS,Pass,Pass,Pass,Pass,Pass,Pass,Pass,Pass,Skip,Pass,Pass,Pass,Pass,Pass,Pass,Pass,Pass,Pass,Pass,Pass,Pass,Pass,Pass,Pass,Pass,Pass,Pass,Pass,Pass,Pass,Pass,Pass,Pass,Pass,Pass,Pass,Pass,Pass,Pass,Skip,Pass,
03-03-2017,03:06:13,51.0,4,155900129306,PASS,Pass,Pass,Pass,Pass,Pass,Pass,Pass,Pass,Skip,Pass,Pass,Pass,Pass,Pass,Pass,Pass,Pass,Pass,Pass,Pass,Pass,Pass,Pass,Pass,Pass,Pass,Pass,Pass,Pass,Pass,Pass,Pass,Pass,Pass,Pass,Pass,Pass,Pass,Pass,Skip,Pass,
03-03-2017,03:06:33,47.4,6,155900128911,PASS,Pass,Pass,Pass,Pass,Pass,Pass,Pass,Pass,Skip,Pass,Pass,Pass,Pass,Pass,Pass,Pass,Pass,Pass,Pass,Pass,Pass,Pass,Pass,Pass,Pass,Pass,Pass,Pass,Pass,Pass,Pass,Pass,Pass,Pass,Pass,Pass,Pass,Pass,Pass,Skip,Pass,
03-03-2017,03:06:47,49.5,1,155900128912,PASS,Pass,Pass,Pass,Pass,Pass,Pass,Pass,Pass,Skip,Pass,Pass,Pass,Pass,Pass,Pass,Pass,Pass,Pass,Pass,Pass,Pass,Pass,Pass,Pass,Pass,Pass,Pass,Pass,Pass,Pass,Pass,Pass,Pass,Pass,Pass,Pass,Pass,Pass,Pass,Skip,Pass,
03-03-2017,03:07:05,49.2,3,155900128913,PASS,Pass,Pass,Pass,Pass,Pass,Pass,Pass,Pass,Skip,Pass,Pass,Pass,Pass,Pass,Pass,Pass,Pass,Pass,Pass,Pass,Pass,Pass,Pass,Pass,Pass,Pass,Pass,Pass,Pass,Pass,Pass,Pass,Pass,Pass,Pass,Pass,Pass,Pass,Pass,Skip,Pass,
03-03-2017,03:07:38,43.8,5,155900128914,PASS,Pass,Pass,Pass,Pass,Pass,Pass,Pass,Pass,Skip,Pass,Pass,Pass,Pass,Pass,Pass,Pass,Pass,Pass,Pass,Pass,Pass,Pass,Pass,Pass,Pass,Pass,Pass,Pass,Pass,Pass,Pass,Pass,Pass,Pass,Pass,Pass,Pass,Pass,Pass,Skip,Pass,
03-03-2017,03:10:20,46.5,6,155900128915,PASS,Pass,Pass,Pass,Pass,Pass,Pass,Pass,Pass,Skip,Pass,Pass,Pass,Pass,Pass,Pass,Pass,Pass,Pass,Pass,Pass,Pass,Pass,Pass,Pass,Pass,Pass,Pass,Pass,Pass,Pass,Pass,Pass,Pass,Pass,Pass,Pass,Pass,Pass,Pass,Skip,Pass,
03-03-2017,03:10:49,49.1,4,155900128916,PASS,Pass,Pass,Pass,Pass,Pass,Pass,Pass,Pass,Skip,Pass,Pass,Pass,Pass,Pass,Pass,Pass,Pass,Pass,Pass,Pass,Pass,Pass,Pass,Pass,Pass,Pass,Pass,Pass,Pass,Pass,Pass,Pass,Pass,Pass,Pass,Pass,Pass,Pass,Pass,Skip,Pass,
03-03-2017,03:10:57,50.2,2,155900129211,PASS,Pass,Pass,Pass,Pass,Pass,Pass,Pass,Pass,Skip,Pass,Pass,Pass,Pass,Pass,Pass,Pass,Pass,Pass,Pass,Pass,Pass,Pass,Pass,Pass,Pass,Pass,Pass,Pass,Pass,Pass,Pass,Pass,Pass,Pass,Pass,Pass,Pass,Pass,Pass,Skip,Pass,
03-03-2017,03:11:11,48.6,5,155900129212,PASS,Pass,Pass,Pass,Pass,Pass,Pass,Pass,Pass,Skip,Pass,Pass,Pass,Pass,Pass,Pass,Pass,Pass,Pass,Pass,Pass,Pass,Pass,Pass,Pass,Pass,Pass,Pass,Pass,Pass,Pass,Pass,Pass,Pass,Pass,Pass,Pass,Pass,Pass,Pass,Skip,Pass,
03-03-2017,03:12:01,49.6,6,155900129213,PASS,Pass,Pass,Pass,Pass,Pass,Pass,Pass,Pass,Skip,Pass,Pass,Pass,Pass,Pass,Pass,Pass,Pass,Pass,Pass,Pass,Pass,Pass,Pass,Pass,Pass,Pass,Pass,Pass,Pass,Pass,Pass,Pass,Pass,Pass,Pass,Pass,Pass,Pass,Pass,Skip,Pass,
03-03-2017,03:12:01,50.0,4,155900129214,PASS,Pass,Pass,Pass,Pass,Pass,Pass,Pass,Pass,Skip,Pass,Pass,Pass,Pass,Pass,Pass,Pass,Pass,Pass,Pass,Pass,Pass,Pass,Pass,Pass,Pass,Pass,Pass,Pass,Pass,Pass,Pass,Pass,Pass,Pass,Pass,Pass,Pass,Pass,Pass,Skip,Pass,
03-03-2017,03:12:16,49.7,2,155900129215,PASS,Pass,Pass,Pass,Pass,Pass,Pass,Pass,Pass,Skip,Pass,Pass,Pass,Pass,Pass,Pass,Pass,Pass,Pass,Pass,Pass,Pass,Pass,Pass,Pass,Pass,Pass,Pass,Pass,Pass,Pass,Pass,Pass,Pass,Pass,Pass,Pass,Pass,Pass,Pass,Skip,Pass,
03-03-2017,03:12:59,49.0,5,155900129216,PASS,Pass,Pass,Pass,Pass,Pass,Pass,Pass,Pass,Skip,Pass,Pass,Pass,Pass,Pass,Pass,Pass,Pass,Pass,Pass,Pass,Pass,Pass,Pass,Pass,Pass,Pass,Pass,Pass,Pass,Pass,Pass,Pass,Pass,Pass,Pass,Pass,Pass,Pass,Pass,Skip,Pass,
03-03-2017,03:13:18,52.7,3,155900128651,FAIL,Pass,Pass,Pass,Pass,Pass,Pass,Pass,Pass,Skip,Pass,Pass,Pass,Pass,Pass,Pass,Pass,Pass,Pass,Pass,Pass,Pass,Pass,Pass,Pass,Fail,,,,,,,,,,,,,,,,,
03-03-2017,03:13:29,48.2,1,155900128652,PASS,Pass,Pass,Pass,Pass,Pass,Pass,Pass,Pass,Skip,Pass,Pass,Pass,Pass,Pass,Pass,Pass,Pass,Pass,Pass,Pass,Pass,Pass,Pass,Pass,Pass,Pass,Pass,Pass,Pass,Pass,Pass,Pass,Pass,Pass,Pass,Pass,Pass,Pass,Pass,Skip,Pass,
03-03-2017,03:14:19,13.4,3,155900128651,FAIL,Pass,Fail,,,,,,,,,,,,,,,,,,,,,,,,,,,,,,,,,,,,,,,,
03-03-2017,03:15:17,54.5,5,155900128655,FAIL,Pass,Pass,Pass,Pass,Pass,Pass,Pass,Pass,Skip,Pass,Pass,Pass,Pass,Pass,Pass,Pass,Pass,Pass,Pass,Pass,Pass,Pass,Pass,Pass,Pass,Pass,Pass,Pass,Pass,Pass,Pass,Pass,Fail,,,,,,,,,
03-03-2017,03:16:02,42.1,1,155900128656,PASS,Pass,Pass,Pass,Pass,Pass,Pass,Pass,Pass,Skip,Pass,Pass,Pass,Pass,Pass,Pass,Pass,Pass,Pass,Pass,Pass,Pass,Pass,Pass,Pass,Pass,Pass,Pass,Pass,Pass,Pass,Pass,Pass,Pass,Pass,Pass,Pass,Pass,Pass,Pass,Skip,Pass,
03-03-2017,03:16:31,39.7,4,155900128655,PASS,Pass,Pass,Pass,Pass,Pass,Pass,Pass,Pass,Skip,Pass,Pass,Pass,Pass,Pass,Pass,Pass,Pass,Pass,Pass,Pass,Pass,Pass,Pass,Pass,Pass,Pass,Pass,Pass,Pass,Pass,Pass,Pass,Pass,Pass,Pass,Pass,Pass,Pass,Pass,Skip,Pass,
03-03-2017,03:16:44,42.0,2,155900127761,PASS,Pass,Pass,Pass,Pass,Pass,Pass,Pass,Pass,Skip,Pass,Pass,Pass,Pass,Pass,Pass,Pass,Pass,Pass,Pass,Pass,Pass,Pass,Pass,Pass,Pass,Pass,Pass,Pass,Pass,Pass,Pass,Pass,Pass,Pass,Pass,Pass,Pass,Pass,Pass,Skip,Pass,
03-03-2017,03:17:00,47.5,5,155900127762,FAIL,Pass,Pass,Pass,Pass,Pass,Pass,Pass,Pass,Skip,Pass,Pass,Pass,Pass,Pass,Pass,Pass,Pass,Pass,Pass,Pass,Pass,Pass,Pass,Pass,Fail,,,,,,,,,,,,,,,,,
03-03-2017,03:17:32,42.1,1,155900127764,PASS,Pass,Pass,Pass,Pass,Pass,Pass,Pass,Pass,Skip,Pass,Pass,Pass,Pass,Pass,Pass,Pass,Pass,Pass,Pass,Pass,Pass,Pass,Pass,Pass,Pass,Pass,Pass,Pass,Pass,Pass,Pass,Pass,Pass,Pass,Pass,Pass,Pass,Pass,Pass,Skip,Pass,
03-03-2017,03:17:40,39.6,6,155900127763,PASS,Pass,Pass,Pass,Pass,Pass,Pass,Pass,Pass,Skip,Pass,Pass,Pass,Pass,Pass,Pass,Pass,Pass,Pass,Pass,Pass,Pass,Pass,Pass,Pass,Pass,Pass,Pass,Pass,Pass,Pass,Pass,Pass,Pass,Pass,Pass,Pass,Pass,Pass,Pass,Skip,Pass,
03-03-2017,03:17:57,39.9,4,155900127766,PASS,Pass,Pass,Pass,Pass,Pass,Pass,Pass,Pass,Skip,Pass,Pass,Pass,Pass,Pass,Pass,Pass,Pass,Pass,Pass,Pass,Pass,Pass,Pass,Pass,Pass,Pass,Pass,Pass,Pass,Pass,Pass,Pass,Pass,Pass,Pass,Pass,Pass,Pass,Pass,Skip,Pass,
03-03-2017,03:18:13,41.5,2,155900127765,PASS,Pass,Pass,Pass,Pass,Pass,Pass,Pass,Pass,Skip,Pass,Pass,Pass,Pass,Pass,Pass,Pass,Pass,Pass,Pass,Pass,Pass,Pass,Pass,Pass,Pass,Pass,Pass,Pass,Pass,Pass,Pass,Pass,Pass,Pass,Pass,Pass,Pass,Pass,Pass,Skip,Pass,
03-03-2017,03:22:00,51.4,5,155900127744,PASS,Pass,Pass,Pass,Pass,Pass,Pass,Pass,Pass,Skip,Pass,Pass,Pass,Pass,Pass,Pass,Pass,Pass,Pass,Pass,Pass,Pass,Pass,Pass,Pass,Pass,Pass,Pass,Pass,Pass,Pass,Pass,Pass,Pass,Pass,Pass,Pass,Pass,Pass,Pass,Skip,Pass,
03-03-2017,03:22:02,56.5,3,155900127745,PASS,Pass,Pass,Pass,Pass,Pass,Pass,Pass,Pass,Skip,Pass,Pass,Pass,Pass,Pass,Pass,Pass,Pass,Pass,Pass,Pass,Pass,Pass,Pass,Pass,Pass,Pass,Pass,Pass,Pass,Pass,Pass,Pass,Pass,Pass,Pass,Pass,Pass,Pass,Pass,Skip,Pass,
03-03-2017,03:22:03,58.7,1,155900127746,PASS,Pass,Pass,Pass,Pass,Pass,Pass,Pass,Pass,Skip,Pass,Pass,Pass,Pass,Pass,Pass,Pass,Pass,Pass,Pass,Pass,Pass,Pass,Pass,Pass,Pass,Pass,Pass,Pass,Pass,Pass,Pass,Pass,Pass,Pass,Pass,Pass,Pass,Pass,Pass,Skip,Pass,
03-03-2017,03:22:50,49.9,6,155900127741,PASS,Pass,Pass,Pass,Pass,Pass,Pass,Pass,Pass,Skip,Pass,Pass,Pass,Pass,Pass,Pass,Pass,Pass,Pass,Pass,Pass,Pass,Pass,Pass,Pass,Pass,Pass,Pass,Pass,Pass,Pass,Pass,Pass,Pass,Pass,Pass,Pass,Pass,Pass,Pass,Skip,Pass,
03-03-2017,03:22:53,50.6,4,155900127742,PASS,Pass,Pass,Pass,Pass,Pass,Pass,Pass,Pass,Skip,Pass,Pass,Pass,Pass,Pass,Pass,Pass,Pass,Pass,Pass,Pass,Pass,Pass,Pass,Pass,Pass,Pass,Pass,Pass,Pass,Pass,Pass,Pass,Pass,Pass,Pass,Pass,Pass,Pass,Pass,Skip,Pass,
03-03-2017,03:22:55,51.4,2,155900127743,PASS,Pass,Pass,Pass,Pass,Pass,Pass,Pass,Pass,Skip,Pass,Pass,Pass,Pass,Pass,Pass,Pass,Pass,Pass,Pass,Pass,Pass,Pass,Pass,Pass,Pass,Pass,Pass,Pass,Pass,Pass,Pass,Pass,Pass,Pass,Pass,Pass,Pass,Pass,Pass,Skip,Pass,
03-03-2017,03:23:38,48.1,5,155900127493,PASS,Pass,Pass,Pass,Pass,Pass,Pass,Pass,Pass,Skip,Pass,Pass,Pass,Pass,Pass,Pass,Pass,Pass,Pass,Pass,Pass,Pass,Pass,Pass,Pass,Pass,Pass,Pass,Pass,Pass,Pass,Pass,Pass,Pass,Pass,Pass,Pass,Pass,Pass,Pass,Skip,Pass,
03-03-2017,03:23:42,48.5,3,155900127492,PASS,Pass,Pass,Pass,Pass,Pass,Pass,Pass,Pass,Skip,Pass,Pass,Pass,Pass,Pass,Pass,Pass,Pass,Pass,Pass,Pass,Pass,Pass,Pass,Pass,Pass,Pass,Pass,Pass,Pass,Pass,Pass,Pass,Pass,Pass,Pass,Pass,Pass,Pass,Pass,Skip,Pass,
03-03-2017,03:23:45,50.5,1,155900127491,PASS,Pass,Pass,Pass,Pass,Pass,Pass,Pass,Pass,Skip,Pass,Pass,Pass,Pass,Pass,Pass,Pass,Pass,Pass,Pass,Pass,Pass,Pass,Pass,Pass,Pass,Pass,Pass,Pass,Pass,Pass,Pass,Pass,Pass,Pass,Pass,Pass,Pass,Pass,Pass,Skip,Pass,
03-03-2017,03:24:30,48.7,4,155900127495,PASS,Pass,Pass,Pass,Pass,Pass,Pass,Pass,Pass,Skip,Pass,Pass,Pass,Pass,Pass,Pass,Pass,Pass,Pass,Pass,Pass,Pass,Pass,Pass,Pass,Pass,Pass,Pass,Pass,Pass,Pass,Pass,Pass,Pass,Pass,Pass,Pass,Pass,Pass,Pass,Skip,Pass,
03-03-2017,03:24:36,50.9,2,155900127494,PASS,Pass,Pass,Pass,Pass,Pass,Pass,Pass,Pass,Skip,Pass,Pass,Pass,Pass,Pass,Pass,Pass,Pass,Pass,Pass,Pass,Pass,Pass,Pass,Pass,Pass,Pass,Pass,Pass,Pass,Pass,Pass,Pass,Pass,Pass,Pass,Pass,Pass,Pass,Pass,Skip,Pass,
03-03-2017,03:24:52,73.7,6,155900127496,FAIL,Pass,Pass,Pass,Pass,Pass,Pass,Pass,Pass,Skip,Pass,Pass,Pass,Pass,Pass,Pass,Pass,Pass,Pass,Pass,Pass,Pass,Pass,Pass,Pass,Pass,Pass,Pass,Pass,Pass,Pass,Pass,Pass,Pass,Fail,,,,,,,,
03-03-2017,03:25:21,50.0,3,155900127512,PASS,Pass,Pass,Pass,Pass,Pass,Pass,Pass,Pass,Skip,Pass,Pass,Pass,Pass,Pass,Pass,Pass,Pass,Pass,Pass,Pass,Pass,Pass,Pass,Pass,Pass,Pass,Pass,Pass,Pass,Pass,Pass,Pass,Pass,Pass,Pass,Pass,Pass,Pass,Pass,Skip,Pass,
03-03-2017,03:25:26,49.2,1,155900127511,PASS,Pass,Pass,Pass,Pass,Pass,Pass,Pass,Pass,Skip,Pass,Pass,Pass,Pass,Pass,Pass,Pass,Pass,Pass,Pass,Pass,Pass,Pass,Pass,Pass,Pass,Pass,Pass,Pass,Pass,Pass,Pass,Pass,Pass,Pass,Pass,Pass,Pass,Pass,Pass,Skip,Pass,
03-03-2017,03:25:42,49.5,5,155900127513,PASS,Pass,Pass,Pass,Pass,Pass,Pass,Pass,Pass,Skip,Pass,Pass,Pass,Pass,Pass,Pass,Pass,Pass,Pass,Pass,Pass,Pass,Pass,Pass,Pass,Pass,Pass,Pass,Pass,Pass,Pass,Pass,Pass,Pass,Pass,Pass,Pass,Pass,Pass,Pass,Skip,Pass,
03-03-2017,03:26:14,48.6,2,155900127514,PASS,Pass,Pass,Pass,Pass,Pass,Pass,Pass,Pass,Skip,Pass,Pass,Pass,Pass,Pass,Pass,Pass,Pass,Pass,Pass,Pass,Pass,Pass,Pass,Pass,Pass,Pass,Pass,Pass,Pass,Pass,Pass,Pass,Pass,Pass,Pass,Pass,Pass,Pass,Pass,Skip,Pass,
03-03-2017,03:26:30,49.0,3,155900127762,PASS,Pass,Pass,Pass,Pass,Pass,Pass,Pass,Pass,Skip,Pass,Pass,Pass,Pass,Pass,Pass,Pass,Pass,Pass,Pass,Pass,Pass,Pass,Pass,Pass,Pass,Pass,Pass,Pass,Pass,Pass,Pass,Pass,Pass,Pass,Pass,Pass,Pass,Pass,Pass,Skip,Pass,
03-03-2017,03:26:37,47.1,5,155900127515,PASS,Pass,Pass,Pass,Pass,Pass,Pass,Pass,Pass,Skip,Pass,Pass,Pass,Pass,Pass,Pass,Pass,Pass,Pass,Pass,Pass,Pass,Pass,Pass,Pass,Pass,Pass,Pass,Pass,Pass,Pass,Pass,Pass,Pass,Pass,Pass,Pass,Pass,Pass,Pass,Skip,Pass,
03-03-2017,03:27:04,49.4,1,155900127496,PASS,Pass,Pass,Pass,Pass,Pass,Pass,Pass,Pass,Skip,Pass,Pass,Pass,Pass,Pass,Pass,Pass,Pass,Pass,Pass,Pass,Pass,Pass,Pass,Pass,Pass,Pass,Pass,Pass,Pass,Pass,Pass,Pass,Pass,Pass,Pass,Pass,Pass,Pass,Pass,Skip,Pass,
03-03-2017,03:27:09,32.5,6,155900128651,FAIL,Pass,Pass,Pass,Pass,Pass,Pass,Pass,Pass,Skip,Pass,Pass,Pass,Pass,Pass,Pass,Pass,Pass,Pass,Pass,Pass,Pass,Pass,Pass,Pass,Fail,,,,,,,,,,,,,,,,,
03-03-2017,03:27:19,49.2,4,155900127516,PASS,Pass,Pass,Pass,Pass,Pass,Pass,Pass,Pass,Skip,Pass,Pass,Pass,Pass,Pass,Pass,Pass,Pass,Pass,Pass,Pass,Pass,Pass,Pass,Pass,Pass,Pass,Pass,Pass,Pass,Pass,Pass,Pass,Pass,Pass,Pass,Pass,Pass,Pass,Pass,Skip,Pass,
03-03-2017,03:27:55,51.0,2,155900127523,PASS,Pass,Pass,Pass,Pass,Pass,Pass,Pass,Pass,Skip,Pass,Pass,Pass,Pass,Pass,Pass,Pass,Pass,Pass,Pass,Pass,Pass,Pass,Pass,Pass,Pass,Pass,Pass,Pass,Pass,Pass,Pass,Pass,Pass,Pass,Pass,Pass,Pass,Pass,Pass,Skip,Pass,
03-03-2017,03:27:59,50.0,5,155900128653,PASS,Pass,Pass,Pass,Pass,Pass,Pass,Pass,Pass,Skip,Pass,Pass,Pass,Pass,Pass,Pass,Pass,Pass,Pass,Pass,Pass,Pass,Pass,Pass,Pass,Pass,Pass,Pass,Pass,Pass,Pass,Pass,Pass,Pass,Pass,Pass,Pass,Pass,Pass,Pass,Skip,Pass,
03-03-2017,03:28:09,50.0,3,155900127521,PASS,Pass,Pass,Pass,Pass,Pass,Pass,Pass,Pass,Skip,Pass,Pass,Pass,Pass,Pass,Pass,Pass,Pass,Pass,Pass,Pass,Pass,Pass,Pass,Pass,Pass,Pass,Pass,Pass,Pass,Pass,Pass,Pass,Pass,Pass,Pass,Pass,Pass,Pass,Pass,Skip,Pass,
03-03-2017,03:28:31,32.0,6,155900127525,FAIL,Pass,Pass,Pass,Pass,Pass,Pass,Pass,Pass,Skip,Pass,Pass,Pass,Pass,Pass,Pass,Pass,Pass,Pass,Pass,Pass,Pass,Pass,Pass,Pass,Fail,,,,,,,,,,,,,,,,,
03-03-2017,03:28:43,47.9,1,155900127524,PASS,Pass,Pass,Pass,Pass,Pass,Pass,Pass,Pass,Skip,Pass,Pass,Pass,Pass,Pass,Pass,Pass,Pass,Pass,Pass,Pass,Pass,Pass,Pass,Pass,Pass,Pass,Pass,Pass,Pass,Pass,Pass,Pass,Pass,Pass,Pass,Pass,Pass,Pass,Pass,Skip,Pass,
03-03-2017,03:28:58,48.6,4,155900127522,PASS,Pass,Pass,Pass,Pass,Pass,Pass,Pass,Pass,Skip,Pass,Pass,Pass,Pass,Pass,Pass,Pass,Pass,Pass,Pass,Pass,Pass,Pass,Pass,Pass,Pass,Pass,Pass,Pass,Pass,Pass,Pass,Pass,Pass,Pass,Pass,Pass,Pass,Pass,Pass,Skip,Pass,
03-03-2017,03:29:17,45.3,5,155900127751,PASS,Pass,Pass,Pass,Pass,Pass,Pass,Pass,Pass,Skip,Pass,Pass,Pass,Pass,Pass,Pass,Pass,Pass,Pass,Pass,Pass,Pass,Pass,Pass,Pass,Pass,Pass,Pass,Pass,Pass,Pass,Pass,Pass,Pass,Pass,Pass,Pass,Pass,Pass,Pass,Skip,Pass,
03-03-2017,03:29:25,41.4,2,155900127526,PASS,Pass,Pass,Pass,Pass,Pass,Pass,Pass,Pass,Skip,Pass,Pass,Pass,Pass,Pass,Pass,Pass,Pass,Pass,Pass,Pass,Pass,Pass,Pass,Pass,Pass,Pass,Pass,Pass,Pass,Pass,Pass,Pass,Pass,Pass,Pass,Pass,Pass,Pass,Pass,Skip,Pass,
03-03-2017,03:29:41,42.4,3,155900127752,PASS,Pass,Pass,Pass,Pass,Pass,Pass,Pass,Pass,Skip,Pass,Pass,Pass,Pass,Pass,Pass,Pass,Pass,Pass,Pass,Pass,Pass,Pass,Pass,Pass,Pass,Pass,Pass,Pass,Pass,Pass,Pass,Pass,Pass,Pass,Pass,Pass,Pass,Pass,Pass,Skip,Pass,
03-03-2017,03:30:06,40.9,1,155900127753,PASS,Pass,Pass,Pass,Pass,Pass,Pass,Pass,Pass,Skip,Pass,Pass,Pass,Pass,Pass,Pass,Pass,Pass,Pass,Pass,Pass,Pass,Pass,Pass,Pass,Pass,Pass,Pass,Pass,Pass,Pass,Pass,Pass,Pass,Pass,Pass,Pass,Pass,Pass,Pass,Skip,Pass,
03-03-2017,03:32:27,40.6,1,155900127754,PASS,Pass,Pass,Pass,Pass,Pass,Pass,Pass,Pass,Skip,Pass,Pass,Pass,Pass,Pass,Pass,Pass,Pass,Pass,Pass,Pass,Pass,Pass,Pass,Pass,Pass,Pass,Pass,Pass,Pass,Pass,Pass,Pass,Pass,Pass,Pass,Pass,Pass,Pass,Pass,Skip,Pass,
03-03-2017,03:32:32,39.6,3,155900127755,PASS,Pass,Pass,Pass,Pass,Pass,Pass,Pass,Pass,Skip,Pass,Pass,Pass,Pass,Pass,Pass,Pass,Pass,Pass,Pass,Pass,Pass,Pass,Pass,Pass,Pass,Pass,Pass,Pass,Pass,Pass,Pass,Pass,Pass,Pass,Pass,Pass,Pass,Pass,Pass,Skip,Pass,
03-03-2017,03:32:45,41.0,5,155900127756,PASS,Pass,Pass,Pass,Pass,Pass,Pass,Pass,Pass,Skip,Pass,Pass,Pass,Pass,Pass,Pass,Pass,Pass,Pass,Pass,Pass,Pass,Pass,Pass,Pass,Pass,Pass,Pass,Pass,Pass,Pass,Pass,Pass,Pass,Pass,Pass,Pass,Pass,Pass,Pass,Skip,Pass,
03-03-2017,03:33:09,42.1,2,155900127731,PASS,Pass,Pass,Pass,Pass,Pass,Pass,Pass,Pass,Skip,Pass,Pass,Pass,Pass,Pass,Pass,Pass,Pass,Pass,Pass,Pass,Pass,Pass,Pass,Pass,Pass,Pass,Pass,Pass,Pass,Pass,Pass,Pass,Pass,Pass,Pass,Pass,Pass,Pass,Pass,Skip,Pass,
03-03-2017,03:33:19,40.6,4,155900127732,PASS,Pass,Pass,Pass,Pass,Pass,Pass,Pass,Pass,Skip,Pass,Pass,Pass,Pass,Pass,Pass,Pass,Pass,Pass,Pass,Pass,Pass,Pass,Pass,Pass,Pass,Pass,Pass,Pass,Pass,Pass,Pass,Pass,Pass,Pass,Pass,Pass,Pass,Pass,Pass,Skip,Pass,
03-03-2017,03:33:49,40.0,1,155900127733,PASS,Pass,Pass,Pass,Pass,Pass,Pass,Pass,Pass,Skip,Pass,Pass,Pass,Pass,Pass,Pass,Pass,Pass,Pass,Pass,Pass,Pass,Pass,Pass,Pass,Pass,Pass,Pass,Pass,Pass,Pass,Pass,Pass,Pass,Pass,Pass,Pass,Pass,Pass,Pass,Skip,Pass,
03-03-2017,03:33:59,39.9,3,155900127734,PASS,Pass,Pass,Pass,Pass,Pass,Pass,Pass,Pass,Skip,Pass,Pass,Pass,Pass,Pass,Pass,Pass,Pass,Pass,Pass,Pass,Pass,Pass,Pass,Pass,Pass,Pass,Pass,Pass,Pass,Pass,Pass,Pass,Pass,Pass,Pass,Pass,Pass,Pass,Pass,Skip,Pass,
03-03-2017,03:33:59,39.2,5,155900127735,PASS,Pass,Pass,Pass,Pass,Pass,Pass,Pass,Pass,Skip,Pass,Pass,Pass,Pass,Pass,Pass,Pass,Pass,Pass,Pass,Pass,Pass,Pass,Pass,Pass,Pass,Pass,Pass,Pass,Pass,Pass,Pass,Pass,Pass,Pass,Pass,Pass,Pass,Pass,Pass,Skip,Pass,
03-03-2017,03:34:30,40.6,2,155900127736,PASS,Pass,Pass,Pass,Pass,Pass,Pass,Pass,Pass,Skip,Pass,Pass,Pass,Pass,Pass,Pass,Pass,Pass,Pass,Pass,Pass,Pass,Pass,Pass,Pass,Pass,Pass,Pass,Pass,Pass,Pass,Pass,Pass,Pass,Pass,Pass,Pass,Pass,Pass,Pass,Skip,Pass,
03-03-2017,03:34:39,40.6,4,155900134151,PASS,Pass,Pass,Pass,Pass,Pass,Pass,Pass,Pass,Skip,Pass,Pass,Pass,Pass,Pass,Pass,Pass,Pass,Pass,Pass,Pass,Pass,Pass,Pass,Pass,Pass,Pass,Pass,Pass,Pass,Pass,Pass,Pass,Pass,Pass,Pass,Pass,Pass,Pass,Pass,Skip,Pass,
03-03-2017,03:35:10,39.9,1,155900134152,PASS,Pass,Pass,Pass,Pass,Pass,Pass,Pass,Pass,Skip,Pass,Pass,Pass,Pass,Pass,Pass,Pass,Pass,Pass,Pass,Pass,Pass,Pass,Pass,Pass,Pass,Pass,Pass,Pass,Pass,Pass,Pass,Pass,Pass,Pass,Pass,Pass,Pass,Pass,Pass,Skip,Pass,
03-03-2017,03:35:18,39.2,3,155900134153,PASS,Pass,Pass,Pass,Pass,Pass,Pass,Pass,Pass,Skip,Pass,Pass,Pass,Pass,Pass,Pass,Pass,Pass,Pass,Pass,Pass,Pass,Pass,Pass,Pass,Pass,Pass,Pass,Pass,Pass,Pass,Pass,Pass,Pass,Pass,Pass,Pass,Pass,Pass,Pass,Skip,Pass,
03-03-2017,03:35:23,41.1,5,155900134154,PASS,Pass,Pass,Pass,Pass,Pass,Pass,Pass,Pass,Skip,Pass,Pass,Pass,Pass,Pass,Pass,Pass,Pass,Pass,Pass,Pass,Pass,Pass,Pass,Pass,Pass,Pass,Pass,Pass,Pass,Pass,Pass,Pass,Pass,Pass,Pass,Pass,Pass,Pass,Pass,Skip,Pass,
03-03-2017,03:35:51,39.8,2,155900134156,PASS,Pass,Pass,Pass,Pass,Pass,Pass,Pass,Pass,Skip,Pass,Pass,Pass,Pass,Pass,Pass,Pass,Pass,Pass,Pass,Pass,Pass,Pass,Pass,Pass,Pass,Pass,Pass,Pass,Pass,Pass,Pass,Pass,Pass,Pass,Pass,Pass,Pass,Pass,Pass,Skip,Pass,
03-03-2017,03:35:58,39.7,4,155900134155,PASS,Pass,Pass,Pass,Pass,Pass,Pass,Pass,Pass,Skip,Pass,Pass,Pass,Pass,Pass,Pass,Pass,Pass,Pass,Pass,Pass,Pass,Pass,Pass,Pass,Pass,Pass,Pass,Pass,Pass,Pass,Pass,Pass,Pass,Pass,Pass,Pass,Pass,Pass,Pass,Skip,Pass,
03-03-2017,03:36:11,40.0,5,155900133981,PASS,Pass,Pass,Pass,Pass,Pass,Pass,Pass,Pass,Skip,Pass,Pass,Pass,Pass,Pass,Pass,Pass,Pass,Pass,Pass,Pass,Pass,Pass,Pass,Pass,Pass,Pass,Pass,Pass,Pass,Pass,Pass,Pass,Pass,Pass,Pass,Pass,Pass,Pass,Pass,Skip,Pass,
03-03-2017,03:36:32,40.0,1,155900133982,PASS,Pass,Pass,Pass,Pass,Pass,Pass,Pass,Pass,Skip,Pass,Pass,Pass,Pass,Pass,Pass,Pass,Pass,Pass,Pass,Pass,Pass,Pass,Pass,Pass,Pass,Pass,Pass,Pass,Pass,Pass,Pass,Pass,Pass,Pass,Pass,Pass,Pass,Pass,Pass,Skip,Pass,
03-03-2017,03:36:41,40.2,3,155900133983,PASS,Pass,Pass,Pass,Pass,Pass,Pass,Pass,Pass,Skip,Pass,Pass,Pass,Pass,Pass,Pass,Pass,Pass,Pass,Pass,Pass,Pass,Pass,Pass,Pass,Pass,Pass,Pass,Pass,Pass,Pass,Pass,Pass,Pass,Pass,Pass,Pass,Pass,Pass,Pass,Skip,Pass,
03-03-2017,03:36:56,39.1,5,155900133984,PASS,Pass,Pass,Pass,Pass,Pass,Pass,Pass,Pass,Skip,Pass,Pass,Pass,Pass,Pass,Pass,Pass,Pass,Pass,Pass,Pass,Pass,Pass,Pass,Pass,Pass,Pass,Pass,Pass,Pass,Pass,Pass,Pass,Pass,Pass,Pass,Pass,Pass,Pass,Pass,Skip,Pass,
03-03-2017,03:37:12,40.6,2,155900133985,PASS,Pass,Pass,Pass,Pass,Pass,Pass,Pass,Pass,Skip,Pass,Pass,Pass,Pass,Pass,Pass,Pass,Pass,Pass,Pass,Pass,Pass,Pass,Pass,Pass,Pass,Pass,Pass,Pass,Pass,Pass,Pass,Pass,Pass,Pass,Pass,Pass,Pass,Pass,Pass,Skip,Pass,
03-03-2017,03:37:25,40.0,4,155900133986,PASS,Pass,Pass,Pass,Pass,Pass,Pass,Pass,Pass,Skip,Pass,Pass,Pass,Pass,Pass,Pass,Pass,Pass,Pass,Pass,Pass,Pass,Pass,Pass,Pass,Pass,Pass,Pass,Pass,Pass,Pass,Pass,Pass,Pass,Pass,Pass,Pass,Pass,Pass,Pass,Skip,Pass,
03-03-2017,03:37:44,40.9,5,155900134021,PASS,Pass,Pass,Pass,Pass,Pass,Pass,Pass,Pass,Skip,Pass,Pass,Pass,Pass,Pass,Pass,Pass,Pass,Pass,Pass,Pass,Pass,Pass,Pass,Pass,Pass,Pass,Pass,Pass,Pass,Pass,Pass,Pass,Pass,Pass,Pass,Pass,Pass,Pass,Pass,Skip,Pass,
03-03-2017,03:37:55,40.8,1,155900134022,PASS,Pass,Pass,Pass,Pass,Pass,Pass,Pass,Pass,Skip,Pass,Pass,Pass,Pass,Pass,Pass,Pass,Pass,Pass,Pass,Pass,Pass,Pass,Pass,Pass,Pass,Pass,Pass,Pass,Pass,Pass,Pass,Pass,Pass,Pass,Pass,Pass,Pass,Pass,Pass,Skip,Pass,
03-03-2017,03:38:09,39.2,3,155900134023,PASS,Pass,Pass,Pass,Pass,Pass,Pass,Pass,Pass,Skip,Pass,Pass,Pass,Pass,Pass,Pass,Pass,Pass,Pass,Pass,Pass,Pass,Pass,Pass,Pass,Pass,Pass,Pass,Pass,Pass,Pass,Pass,Pass,Pass,Pass,Pass,Pass,Pass,Pass,Pass,Skip,Pass,
03-03-2017,03:38:45,40.0,2,155900134024,PASS,Pass,Pass,Pass,Pass,Pass,Pass,Pass,Pass,Skip,Pass,Pass,Pass,Pass,Pass,Pass,Pass,Pass,Pass,Pass,Pass,Pass,Pass,Pass,Pass,Pass,Pass,Pass,Pass,Pass,Pass,Pass,Pass,Pass,Pass,Pass,Pass,Pass,Pass,Pass,Skip,Pass,
03-03-2017,03:38:57,39.4,4,155900134025,PASS,Pass,Pass,Pass,Pass,Pass,Pass,Pass,Pass,Skip,Pass,Pass,Pass,Pass,Pass,Pass,Pass,Pass,Pass,Pass,Pass,Pass,Pass,Pass,Pass,Pass,Pass,Pass,Pass,Pass,Pass,Pass,Pass,Pass,Pass,Pass,Pass,Pass,Pass,Pass,Skip,Pass,
03-03-2017,03:39:16,40.0,5,155900134026,PASS,Pass,Pass,Pass,Pass,Pass,Pass,Pass,Pass,Skip,Pass,Pass,Pass,Pass,Pass,Pass,Pass,Pass,Pass,Pass,Pass,Pass,Pass,Pass,Pass,Pass,Pass,Pass,Pass,Pass,Pass,Pass,Pass,Pass,Pass,Pass,Pass,Pass,Pass,Pass,Skip,Pass,
03-03-2017,03:39:29,40.7,1,155900134031,PASS,Pass,Pass,Pass,Pass,Pass,Pass,Pass,Pass,Skip,Pass,Pass,Pass,Pass,Pass,Pass,Pass,Pass,Pass,Pass,Pass,Pass,Pass,Pass,Pass,Pass,Pass,Pass,Pass,Pass,Pass,Pass,Pass,Pass,Pass,Pass,Pass,Pass,Pass,Pass,Skip,Pass,
03-03-2017,03:39:46,41.4,3,155900134032,PASS,Pass,Pass,Pass,Pass,Pass,Pass,Pass,Pass,Skip,Pass,Pass,Pass,Pass,Pass,Pass,Pass,Pass,Pass,Pass,Pass,Pass,Pass,Pass,Pass,Pass,Pass,Pass,Pass,Pass,Pass,Pass,Pass,Pass,Pass,Pass,Pass,Pass,Pass,Pass,Skip,Pass,
03-03-2017,03:40:09,40.6,2,155900134033,PASS,Pass,Pass,Pass,Pass,Pass,Pass,Pass,Pass,Skip,Pass,Pass,Pass,Pass,Pass,Pass,Pass,Pass,Pass,Pass,Pass,Pass,Pass,Pass,Pass,Pass,Pass,Pass,Pass,Pass,Pass,Pass,Pass,Pass,Pass,Pass,Pass,Pass,Pass,Pass,Skip,Pass,
03-03-2017,03:40:15,40.0,5,155900134034,PASS,Pass,Pass,Pass,Pass,Pass,Pass,Pass,Pass,Skip,Pass,Pass,Pass,Pass,Pass,Pass,Pass,Pass,Pass,Pass,Pass,Pass,Pass,Pass,Pass,Pass,Pass,Pass,Pass,Pass,Pass,Pass,Pass,Pass,Pass,Pass,Pass,Pass,Pass,Pass,Skip,Pass,
03-03-2017,03:40:42,38.8,3,155900134036,PASS,Pass,Pass,Pass,Pass,Pass,Pass,Pass,Pass,Skip,Pass,Pass,Pass,Pass,Pass,Pass,Pass,Pass,Pass,Pass,Pass,Pass,Pass,Pass,Pass,Pass,Pass,Pass,Pass,Pass,Pass,Pass,Pass,Pass,Pass,Pass,Pass,Pass,Pass,Pass,Skip,Pass,
03-03-2017,03:40:50,40.4,1,155900134035,PASS,Pass,Pass,Pass,Pass,Pass,Pass,Pass,Pass,Skip,Pass,Pass,Pass,Pass,Pass,Pass,Pass,Pass,Pass,Pass,Pass,Pass,Pass,Pass,Pass,Pass,Pass,Pass,Pass,Pass,Pass,Pass,Pass,Pass,Pass,Pass,Pass,Pass,Pass,Pass,Skip,Pass,
03-03-2017,03:41:07,39.4,5,155900134072,PASS,Pass,Pass,Pass,Pass,Pass,Pass,Pass,Pass,Skip,Pass,Pass,Pass,Pass,Pass,Pass,Pass,Pass,Pass,Pass,Pass,Pass,Pass,Pass,Pass,Pass,Pass,Pass,Pass,Pass,Pass,Pass,Pass,Pass,Pass,Pass,Pass,Pass,Pass,Pass,Skip,Pass,
03-03-2017,03:41:23,40.8,4,155900134071,PASS,Pass,Pass,Pass,Pass,Pass,Pass,Pass,Pass,Skip,Pass,Pass,Pass,Pass,Pass,Pass,Pass,Pass,Pass,Pass,Pass,Pass,Pass,Pass,Pass,Pass,Pass,Pass,Pass,Pass,Pass,Pass,Pass,Pass,Pass,Pass,Pass,Pass,Pass,Pass,Skip,Pass,
03-03-2017,03:41:31,40.6,2,155900134073,PASS,Pass,Pass,Pass,Pass,Pass,Pass,Pass,Pass,Skip,Pass,Pass,Pass,Pass,Pass,Pass,Pass,Pass,Pass,Pass,Pass,Pass,Pass,Pass,Pass,Pass,Pass,Pass,Pass,Pass,Pass,Pass,Pass,Pass,Pass,Pass,Pass,Pass,Pass,Pass,Skip,Pass,
03-03-2017,03:42:04,41.6,3,155900134074,PASS,Pass,Pass,Pass,Pass,Pass,Pass,Pass,Pass,Skip,Pass,Pass,Pass,Pass,Pass,Pass,Pass,Pass,Pass,Pass,Pass,Pass,Pass,Pass,Pass,Pass,Pass,Pass,Pass,Pass,Pass,Pass,Pass,Pass,Pass,Pass,Pass,Pass,Pass,Pass,Skip,Pass,
03-03-2017,03:42:11,40.3,1,155900134075,PASS,Pass,Pass,Pass,Pass,Pass,Pass,Pass,Pass,Skip,Pass,Pass,Pass,Pass,Pass,Pass,Pass,Pass,Pass,Pass,Pass,Pass,Pass,Pass,Pass,Pass,Pass,Pass,Pass,Pass,Pass,Pass,Pass,Pass,Pass,Pass,Pass,Pass,Pass,Pass,Skip,Pass,
03-03-2017,03:42:54,40.0,2,155900134076,PASS,Pass,Pass,Pass,Pass,Pass,Pass,Pass,Pass,Skip,Pass,Pass,Pass,Pass,Pass,Pass,Pass,Pass,Pass,Pass,Pass,Pass,Pass,Pass,Pass,Pass,Pass,Pass,Pass,Pass,Pass,Pass,Pass,Pass,Pass,Pass,Pass,Pass,Pass,Pass,Skip,Pass,
03-03-2017,03:43:13,39.0,5,155900134011,PASS,Pass,Pass,Pass,Pass,Pass,Pass,Pass,Pass,Skip,Pass,Pass,Pass,Pass,Pass,Pass,Pass,Pass,Pass,Pass,Pass,Pass,Pass,Pass,Pass,Pass,Pass,Pass,Pass,Pass,Pass,Pass,Pass,Pass,Pass,Pass,Pass,Pass,Pass,Pass,Skip,Pass,
03-03-2017,03:43:29,40.1,4,155900134012,PASS,Pass,Pass,Pass,Pass,Pass,Pass,Pass,Pass,Skip,Pass,Pass,Pass,Pass,Pass,Pass,Pass,Pass,Pass,Pass,Pass,Pass,Pass,Pass,Pass,Pass,Pass,Pass,Pass,Pass,Pass,Pass,Pass,Pass,Pass,Pass,Pass,Pass,Pass,Pass,Skip,Pass,
03-03-2017,03:43:41,39.2,1,155900134013,PASS,Pass,Pass,Pass,Pass,Pass,Pass,Pass,Pass,Skip,Pass,Pass,Pass,Pass,Pass,Pass,Pass,Pass,Pass,Pass,Pass,Pass,Pass,Pass,Pass,Pass,Pass,Pass,Pass,Pass,Pass,Pass,Pass,Pass,Pass,Pass,Pass,Pass,Pass,Pass,Skip,Pass,
03-03-2017,03:43:58,39.2,5,155900134014,PASS,Pass,Pass,Pass,Pass,Pass,Pass,Pass,Pass,Skip,Pass,Pass,Pass,Pass,Pass,Pass,Pass,Pass,Pass,Pass,Pass,Pass,Pass,Pass,Pass,Pass,Pass,Pass,Pass,Pass,Pass,Pass,Pass,Pass,Pass,Pass,Pass,Pass,Pass,Pass,Skip,Pass,
03-03-2017,03:44:20,39.5,2,155900134015,PASS,Pass,Pass,Pass,Pass,Pass,Pass,Pass,Pass,Skip,Pass,Pass,Pass,Pass,Pass,Pass,Pass,Pass,Pass,Pass,Pass,Pass,Pass,Pass,Pass,Pass,Pass,Pass,Pass,Pass,Pass,Pass,Pass,Pass,Pass,Pass,Pass,Pass,Pass,Pass,Skip,Pass,
03-03-2017,03:44:27,39.7,3,155900134016,PASS,Pass,Pass,Pass,Pass,Pass,Pass,Pass,Pass,Skip,Pass,Pass,Pass,Pass,Pass,Pass,Pass,Pass,Pass,Pass,Pass,Pass,Pass,Pass,Pass,Pass,Pass,Pass,Pass,Pass,Pass,Pass,Pass,Pass,Pass,Pass,Pass,Pass,Pass,Pass,Skip,Pass,
03-03-2017,03:44:52,39.8,5,155900133812,PASS,Pass,Pass,Pass,Pass,Pass,Pass,Pass,Pass,Skip,Pass,Pass,Pass,Pass,Pass,Pass,Pass,Pass,Pass,Pass,Pass,Pass,Pass,Pass,Pass,Pass,Pass,Pass,Pass,Pass,Pass,Pass,Pass,Pass,Pass,Pass,Pass,Pass,Pass,Pass,Skip,Pass,
03-03-2017,03:45:01,40.5,1,155900133811,PASS,Pass,Pass,Pass,Pass,Pass,Pass,Pass,Pass,Skip,Pass,Pass,Pass,Pass,Pass,Pass,Pass,Pass,Pass,Pass,Pass,Pass,Pass,Pass,Pass,Pass,Pass,Pass,Pass,Pass,Pass,Pass,Pass,Pass,Pass,Pass,Pass,Pass,Pass,Pass,Skip,Pass,
03-03-2017,03:45:10,39.8,4,155900134041,PASS,Pass,Pass,Pass,Pass,Pass,Pass,Pass,Pass,Skip,Pass,Pass,Pass,Pass,Pass,Pass,Pass,Pass,Pass,Pass,Pass,Pass,Pass,Pass,Pass,Pass,Pass,Pass,Pass,Pass,Pass,Pass,Pass,Pass,Pass,Pass,Pass,Pass,Pass,Pass,Skip,Pass,
03-03-2017,03:45:51,40.7,3,155900134042,PASS,Pass,Pass,Pass,Pass,Pass,Pass,Pass,Pass,Skip,Pass,Pass,Pass,Pass,Pass,Pass,Pass,Pass,Pass,Pass,Pass,Pass,Pass,Pass,Pass,Pass,Pass,Pass,Pass,Pass,Pass,Pass,Pass,Pass,Pass,Pass,Pass,Pass,Pass,Pass,Skip,Pass,
03-03-2017,03:46:07,39.8,5,155900134044,PASS,Pass,Pass,Pass,Pass,Pass,Pass,Pass,Pass,Skip,Pass,Pass,Pass,Pass,Pass,Pass,Pass,Pass,Pass,Pass,Pass,Pass,Pass,Pass,Pass,Pass,Pass,Pass,Pass,Pass,Pass,Pass,Pass,Pass,Pass,Pass,Pass,Pass,Pass,Pass,Skip,Pass,
03-03-2017,03:46:09,40.0,2,155900134043,PASS,Pass,Pass,Pass,Pass,Pass,Pass,Pass,Pass,Skip,Pass,Pass,Pass,Pass,Pass,Pass,Pass,Pass,Pass,Pass,Pass,Pass,Pass,Pass,Pass,Pass,Pass,Pass,Pass,Pass,Pass,Pass,Pass,Pass,Pass,Pass,Pass,Pass,Pass,Pass,Skip,Pass,
03-03-2017,03:46:31,40.0,4,155900134045,PASS,Pass,Pass,Pass,Pass,Pass,Pass,Pass,Pass,Skip,Pass,Pass,Pass,Pass,Pass,Pass,Pass,Pass,Pass,Pass,Pass,Pass,Pass,Pass,Pass,Pass,Pass,Pass,Pass,Pass,Pass,Pass,Pass,Pass,Pass,Pass,Pass,Pass,Pass,Pass,Skip,Pass,
03-03-2017,03:46:49,39.8,1,155900134081,PASS,Pass,Pass,Pass,Pass,Pass,Pass,Pass,Pass,Skip,Pass,Pass,Pass,Pass,Pass,Pass,Pass,Pass,Pass,Pass,Pass,Pass,Pass,Pass,Pass,Pass,Pass,Pass,Pass,Pass,Pass,Pass,Pass,Pass,Pass,Pass,Pass,Pass,Pass,Pass,Skip,Pass,
03-03-2017,03:47:01,39.3,5,155900134082,PASS,Pass,Pass,Pass,Pass,Pass,Pass,Pass,Pass,Skip,Pass,Pass,Pass,Pass,Pass,Pass,Pass,Pass,Pass,Pass,Pass,Pass,Pass,Pass,Pass,Pass,Pass,Pass,Pass,Pass,Pass,Pass,Pass,Pass,Pass,Pass,Pass,Pass,Pass,Pass,Skip,Pass,
03-03-2017,03:47:11,40.0,3,155900134046,PASS,Pass,Pass,Pass,Pass,Pass,Pass,Pass,Pass,Skip,Pass,Pass,Pass,Pass,Pass,Pass,Pass,Pass,Pass,Pass,Pass,Pass,Pass,Pass,Pass,Pass,Pass,Pass,Pass,Pass,Pass,Pass,Pass,Pass,Pass,Pass,Pass,Pass,Pass,Pass,Skip,Pass,
03-03-2017,03:47:28,39.1,2,155900134083,PASS,Pass,Pass,Pass,Pass,Pass,Pass,Pass,Pass,Skip,Pass,Pass,Pass,Pass,Pass,Pass,Pass,Pass,Pass,Pass,Pass,Pass,Pass,Pass,Pass,Pass,Pass,Pass,Pass,Pass,Pass,Pass,Pass,Pass,Pass,Pass,Pass,Pass,Pass,Pass,Skip,Pass,
03-03-2017,03:47:49,39.9,5,155900134085,PASS,Pass,Pass,Pass,Pass,Pass,Pass,Pass,Pass,Skip,Pass,Pass,Pass,Pass,Pass,Pass,Pass,Pass,Pass,Pass,Pass,Pass,Pass,Pass,Pass,Pass,Pass,Pass,Pass,Pass,Pass,Pass,Pass,Pass,Pass,Pass,Pass,Pass,Pass,Pass,Skip,Pass,
03-03-2017,03:47:50,39.1,4,155900134084,PASS,Pass,Pass,Pass,Pass,Pass,Pass,Pass,Pass,Skip,Pass,Pass,Pass,Pass,Pass,Pass,Pass,Pass,Pass,Pass,Pass,Pass,Pass,Pass,Pass,Pass,Pass,Pass,Pass,Pass,Pass,Pass,Pass,Pass,Pass,Pass,Pass,Pass,Pass,Pass,Skip,Pass,
03-03-2017,03:48:18,40.8,1,155900134321,PASS,Pass,Pass,Pass,Pass,Pass,Pass,Pass,Pass,Skip,Pass,Pass,Pass,Pass,Pass,Pass,Pass,Pass,Pass,Pass,Pass,Pass,Pass,Pass,Pass,Pass,Pass,Pass,Pass,Pass,Pass,Pass,Pass,Pass,Pass,Pass,Pass,Pass,Pass,Pass,Skip,Pass,
03-03-2017,03:48:31,40.0,3,155900134086,PASS,Pass,Pass,Pass,Pass,Pass,Pass,Pass,Pass,Skip,Pass,Pass,Pass,Pass,Pass,Pass,Pass,Pass,Pass,Pass,Pass,Pass,Pass,Pass,Pass,Pass,Pass,Pass,Pass,Pass,Pass,Pass,Pass,Pass,Pass,Pass,Pass,Pass,Pass,Pass,Skip,Pass,
03-03-2017,03:48:47,39.4,5,155900134323,PASS,Pass,Pass,Pass,Pass,Pass,Pass,Pass,Pass,Skip,Pass,Pass,Pass,Pass,Pass,Pass,Pass,Pass,Pass,Pass,Pass,Pass,Pass,Pass,Pass,Pass,Pass,Pass,Pass,Pass,Pass,Pass,Pass,Pass,Pass,Pass,Pass,Pass,Pass,Pass,Skip,Pass,
03-03-2017,03:48:59,40.7,2,155900134322,PASS,Pass,Pass,Pass,Pass,Pass,Pass,Pass,Pass,Skip,Pass,Pass,Pass,Pass,Pass,Pass,Pass,Pass,Pass,Pass,Pass,Pass,Pass,Pass,Pass,Pass,Pass,Pass,Pass,Pass,Pass,Pass,Pass,Pass,Pass,Pass,Pass,Pass,Pass,Pass,Skip,Pass,
03-03-2017,03:49:10,39.8,4,155900134324,PASS,Pass,Pass,Pass,Pass,Pass,Pass,Pass,Pass,Skip,Pass,Pass,Pass,Pass,Pass,Pass,Pass,Pass,Pass,Pass,Pass,Pass,Pass,Pass,Pass,Pass,Pass,Pass,Pass,Pass,Pass,Pass,Pass,Pass,Pass,Pass,Pass,Pass,Pass,Pass,Skip,Pass,
03-03-2017,03:49:39,40.2,1,155900134325,PASS,Pass,Pass,Pass,Pass,Pass,Pass,Pass,Pass,Skip,Pass,Pass,Pass,Pass,Pass,Pass,Pass,Pass,Pass,Pass,Pass,Pass,Pass,Pass,Pass,Pass,Pass,Pass,Pass,Pass,Pass,Pass,Pass,Pass,Pass,Pass,Pass,Pass,Pass,Pass,Skip,Pass,
03-03-2017,03:49:46,39.1,5,155900134091,PASS,Pass,Pass,Pass,Pass,Pass,Pass,Pass,Pass,Skip,Pass,Pass,Pass,Pass,Pass,Pass,Pass,Pass,Pass,Pass,Pass,Pass,Pass,Pass,Pass,Pass,Pass,Pass,Pass,Pass,Pass,Pass,Pass,Pass,Pass,Pass,Pass,Pass,Pass,Pass,Skip,Pass,
03-03-2017,03:49:51,40.0,3,155900134326,PASS,Pass,Pass,Pass,Pass,Pass,Pass,Pass,Pass,Skip,Pass,Pass,Pass,Pass,Pass,Pass,Pass,Pass,Pass,Pass,Pass,Pass,Pass,Pass,Pass,Pass,Pass,Pass,Pass,Pass,Pass,Pass,Pass,Pass,Pass,Pass,Pass,Pass,Pass,Pass,Skip,Pass,
03-03-2017,03:50:19,39.4,2,155900134092,PASS,Pass,Pass,Pass,Pass,Pass,Pass,Pass,Pass,Skip,Pass,Pass,Pass,Pass,Pass,Pass,Pass,Pass,Pass,Pass,Pass,Pass,Pass,Pass,Pass,Pass,Pass,Pass,Pass,Pass,Pass,Pass,Pass,Pass,Pass,Pass,Pass,Pass,Pass,Pass,Skip,Pass,
03-03-2017,03:50:31,40.0,4,155900134093,PASS,Pass,Pass,Pass,Pass,Pass,Pass,Pass,Pass,Skip,Pass,Pass,Pass,Pass,Pass,Pass,Pass,Pass,Pass,Pass,Pass,Pass,Pass,Pass,Pass,Pass,Pass,Pass,Pass,Pass,Pass,Pass,Pass,Pass,Pass,Pass,Pass,Pass,Pass,Pass,Skip,Pass,
03-03-2017,03:50:48,40.0,5,155900134095,PASS,Pass,Pass,Pass,Pass,Pass,Pass,Pass,Pass,Skip,Pass,Pass,Pass,Pass,Pass,Pass,Pass,Pass,Pass,Pass,Pass,Pass,Pass,Pass,Pass,Pass,Pass,Pass,Pass,Pass,Pass,Pass,Pass,Pass,Pass,Pass,Pass,Pass,Pass,Pass,Skip,Pass,
03-03-2017,03:50:59,39.9,1,155900134094,PASS,Pass,Pass,Pass,Pass,Pass,Pass,Pass,Pass,Skip,Pass,Pass,Pass,Pass,Pass,Pass,Pass,Pass,Pass,Pass,Pass,Pass,Pass,Pass,Pass,Pass,Pass,Pass,Pass,Pass,Pass,Pass,Pass,Pass,Pass,Pass,Pass,Pass,Pass,Pass,Skip,Pass,
03-03-2017,03:51:11,40.2,3,155900134096,PASS,Pass,Pass,Pass,Pass,Pass,Pass,Pass,Pass,Skip,Pass,Pass,Pass,Pass,Pass,Pass,Pass,Pass,Pass,Pass,Pass,Pass,Pass,Pass,Pass,Pass,Pass,Pass,Pass,Pass,Pass,Pass,Pass,Pass,Pass,Pass,Pass,Pass,Pass,Pass,Skip,Pass,
03-03-2017,03:51:38,39.1,5,155900134122,PASS,Pass,Pass,Pass,Pass,Pass,Pass,Pass,Pass,Skip,Pass,Pass,Pass,Pass,Pass,Pass,Pass,Pass,Pass,Pass,Pass,Pass,Pass,Pass,Pass,Pass,Pass,Pass,Pass,Pass,Pass,Pass,Pass,Pass,Pass,Pass,Pass,Pass,Pass,Pass,Skip,Pass,
03-03-2017,03:51:49,40.6,2,155900134123,PASS,Pass,Pass,Pass,Pass,Pass,Pass,Pass,Pass,Skip,Pass,Pass,Pass,Pass,Pass,Pass,Pass,Pass,Pass,Pass,Pass,Pass,Pass,Pass,Pass,Pass,Pass,Pass,Pass,Pass,Pass,Pass,Pass,Pass,Pass,Pass,Pass,Pass,Pass,Pass,Skip,Pass,
03-03-2017,03:51:51,40.1,4,155900134121,PASS,Pass,Pass,Pass,Pass,Pass,Pass,Pass,Pass,Skip,Pass,Pass,Pass,Pass,Pass,Pass,Pass,Pass,Pass,Pass,Pass,Pass,Pass,Pass,Pass,Pass,Pass,Pass,Pass,Pass,Pass,Pass,Pass,Pass,Pass,Pass,Pass,Pass,Pass,Pass,Skip,Pass,
03-03-2017,03:52:28,39.3,1,155900134124,PASS,Pass,Pass,Pass,Pass,Pass,Pass,Pass,Pass,Skip,Pass,Pass,Pass,Pass,Pass,Pass,Pass,Pass,Pass,Pass,Pass,Pass,Pass,Pass,Pass,Pass,Pass,Pass,Pass,Pass,Pass,Pass,Pass,Pass,Pass,Pass,Pass,Pass,Pass,Pass,Skip,Pass,
03-03-2017,03:52:31,40.0,3,155900134125,PASS,Pass,Pass,Pass,Pass,Pass,Pass,Pass,Pass,Skip,Pass,Pass,Pass,Pass,Pass,Pass,Pass,Pass,Pass,Pass,Pass,Pass,Pass,Pass,Pass,Pass,Pass,Pass,Pass,Pass,Pass,Pass,Pass,Pass,Pass,Pass,Pass,Pass,Pass,Pass,Skip,Pass,
03-03-2017,03:52:33,39.1,5,155900134126,PASS,Pass,Pass,Pass,Pass,Pass,Pass,Pass,Pass,Skip,Pass,Pass,Pass,Pass,Pass,Pass,Pass,Pass,Pass,Pass,Pass,Pass,Pass,Pass,Pass,Pass,Pass,Pass,Pass,Pass,Pass,Pass,Pass,Pass,Pass,Pass,Pass,Pass,Pass,Pass,Skip,Pass,
03-03-2017,03:53:43,39.9,2,155900134111,PASS,Pass,Pass,Pass,Pass,Pass,Pass,Pass,Pass,Skip,Pass,Pass,Pass,Pass,Pass,Pass,Pass,Pass,Pass,Pass,Pass,Pass,Pass,Pass,Pass,Pass,Pass,Pass,Pass,Pass,Pass,Pass,Pass,Pass,Pass,Pass,Pass,Pass,Pass,Pass,Skip,Pass,
03-03-2017,03:54:13,40.0,3,155900134112,PASS,Pass,Pass,Pass,Pass,Pass,Pass,Pass,Pass,Skip,Pass,Pass,Pass,Pass,Pass,Pass,Pass,Pass,Pass,Pass,Pass,Pass,Pass,Pass,Pass,Pass,Pass,Pass,Pass,Pass,Pass,Pass,Pass,Pass,Pass,Pass,Pass,Pass,Pass,Pass,Skip,Pass,
03-03-2017,03:54:25,41.1,5,155900134113,PASS,Pass,Pass,Pass,Pass,Pass,Pass,Pass,Pass,Skip,Pass,Pass,Pass,Pass,Pass,Pass,Pass,Pass,Pass,Pass,Pass,Pass,Pass,Pass,Pass,Pass,Pass,Pass,Pass,Pass,Pass,Pass,Pass,Pass,Pass,Pass,Pass,Pass,Pass,Pass,Skip,Pass,
03-03-2017,03:54:34,39.2,1,155900134114,PASS,Pass,Pass,Pass,Pass,Pass,Pass,Pass,Pass,Skip,Pass,Pass,Pass,Pass,Pass,Pass,Pass,Pass,Pass,Pass,Pass,Pass,Pass,Pass,Pass,Pass,Pass,Pass,Pass,Pass,Pass,Pass,Pass,Pass,Pass,Pass,Pass,Pass,Pass,Pass,Skip,Pass,
03-03-2017,03:54:53,39.1,4,155900134115,PASS,Pass,Pass,Pass,Pass,Pass,Pass,Pass,Pass,Skip,Pass,Pass,Pass,Pass,Pass,Pass,Pass,Pass,Pass,Pass,Pass,Pass,Pass,Pass,Pass,Pass,Pass,Pass,Pass,Pass,Pass,Pass,Pass,Pass,Pass,Pass,Pass,Pass,Pass,Pass,Skip,Pass,
03-03-2017,03:55:13,39.1,2,155900134116,PASS,Pass,Pass,Pass,Pass,Pass,Pass,Pass,Pass,Skip,Pass,Pass,Pass,Pass,Pass,Pass,Pass,Pass,Pass,Pass,Pass,Pass,Pass,Pass,Pass,Pass,Pass,Pass,Pass,Pass,Pass,Pass,Pass,Pass,Pass,Pass,Pass,Pass,Pass,Pass,Skip,Pass,
03-03-2017,03:55:15,39.7,5,155900134141,PASS,Pass,Pass,Pass,Pass,Pass,Pass,Pass,Pass,Skip,Pass,Pass,Pass,Pass,Pass,Pass,Pass,Pass,Pass,Pass,Pass,Pass,Pass,Pass,Pass,Pass,Pass,Pass,Pass,Pass,Pass,Pass,Pass,Pass,Pass,Pass,Pass,Pass,Pass,Pass,Skip,Pass,
03-03-2017,03:55:33,40.1,3,155900134142,PASS,Pass,Pass,Pass,Pass,Pass,Pass,Pass,Pass,Skip,Pass,Pass,Pass,Pass,Pass,Pass,Pass,Pass,Pass,Pass,Pass,Pass,Pass,Pass,Pass,Pass,Pass,Pass,Pass,Pass,Pass,Pass,Pass,Pass,Pass,Pass,Pass,Pass,Pass,Pass,Skip,Pass,
03-03-2017,03:55:54,40.1,1,155900134143,PASS,Pass,Pass,Pass,Pass,Pass,Pass,Pass,Pass,Skip,Pass,Pass,Pass,Pass,Pass,Pass,Pass,Pass,Pass,Pass,Pass,Pass,Pass,Pass,Pass,Pass,Pass,Pass,Pass,Pass,Pass,Pass,Pass,Pass,Pass,Pass,Pass,Pass,Pass,Pass,Skip,Pass,
03-03-2017,03:56:26,40.6,5,155900134145,PASS,Pass,Pass,Pass,Pass,Pass,Pass,Pass,Pass,Skip,Pass,Pass,Pass,Pass,Pass,Pass,Pass,Pass,Pass,Pass,Pass,Pass,Pass,Pass,Pass,Pass,Pass,Pass,Pass,Pass,Pass,Pass,Pass,Pass,Pass,Pass,Pass,Pass,Pass,Pass,Skip,Pass,
03-03-2017,03:56:27,39.8,4,155900134144,PASS,Pass,Pass,Pass,Pass,Pass,Pass,Pass,Pass,Skip,Pass,Pass,Pass,Pass,Pass,Pass,Pass,Pass,Pass,Pass,Pass,Pass,Pass,Pass,Pass,Pass,Pass,Pass,Pass,Pass,Pass,Pass,Pass,Pass,Pass,Pass,Pass,Pass,Pass,Pass,Skip,Pass,
03-03-2017,03:57:07,39.1,1,155900134101,PASS,Pass,Pass,Pass,Pass,Pass,Pass,Pass,Pass,Skip,Pass,Pass,Pass,Pass,Pass,Pass,Pass,Pass,Pass,Pass,Pass,Pass,Pass,Pass,Pass,Pass,Pass,Pass,Pass,Pass,Pass,Pass,Pass,Pass,Pass,Pass,Pass,Pass,Pass,Pass,Skip,Pass,
03-03-2017,03:57:07,39.9,3,155900134146,PASS,Pass,Pass,Pass,Pass,Pass,Pass,Pass,Pass,Skip,Pass,Pass,Pass,Pass,Pass,Pass,Pass,Pass,Pass,Pass,Pass,Pass,Pass,Pass,Pass,Pass,Pass,Pass,Pass,Pass,Pass,Pass,Pass,Pass,Pass,Pass,Pass,Pass,Pass,Pass,Skip,Pass,
03-03-2017,03:57:50,41.3,5,155900134102,PASS,Pass,Pass,Pass,Pass,Pass,Pass,Pass,Pass,Skip,Pass,Pass,Pass,Pass,Pass,Pass,Pass,Pass,Pass,Pass,Pass,Pass,Pass,Pass,Pass,Pass,Pass,Pass,Pass,Pass,Pass,Pass,Pass,Pass,Pass,Pass,Pass,Pass,Pass,Pass,Skip,Pass,
03-03-2017,03:58:03,39.2,2,155900134103,PASS,Pass,Pass,Pass,Pass,Pass,Pass,Pass,Pass,Skip,Pass,Pass,Pass,Pass,Pass,Pass,Pass,Pass,Pass,Pass,Pass,Pass,Pass,Pass,Pass,Pass,Pass,Pass,Pass,Pass,Pass,Pass,Pass,Pass,Pass,Pass,Pass,Pass,Pass,Pass,Skip,Pass,
03-03-2017,03:58:18,39.7,4,155900134104,PASS,Pass,Pass,Pass,Pass,Pass,Pass,Pass,Pass,Skip,Pass,Pass,Pass,Pass,Pass,Pass,Pass,Pass,Pass,Pass,Pass,Pass,Pass,Pass,Pass,Pass,Pass,Pass,Pass,Pass,Pass,Pass,Pass,Pass,Pass,Pass,Pass,Pass,Pass,Pass,Skip,Pass,
03-03-2017,03:58:58,39.9,3,155900134105,PASS,Pass,Pass,Pass,Pass,Pass,Pass,Pass,Pass,Skip,Pass,Pass,Pass,Pass,Pass,Pass,Pass,Pass,Pass,Pass,Pass,Pass,Pass,Pass,Pass,Pass,Pass,Pass,Pass,Pass,Pass,Pass,Pass,Pass,Pass,Pass,Pass,Pass,Pass,Pass,Skip,Pass,
03-03-2017,03:59:01,39.3,1,155900134106,PASS,Pass,Pass,Pass,Pass,Pass,Pass,Pass,Pass,Skip,Pass,Pass,Pass,Pass,Pass,Pass,Pass,Pass,Pass,Pass,Pass,Pass,Pass,Pass,Pass,Pass,Pass,Pass,Pass,Pass,Pass,Pass,Pass,Pass,Pass,Pass,Pass,Pass,Pass,Pass,Skip,Pass,
03-03-2017,03:59:02,40.9,5,155900134131,PASS,Pass,Pass,Pass,Pass,Pass,Pass,Pass,Pass,Skip,Pass,Pass,Pass,Pass,Pass,Pass,Pass,Pass,Pass,Pass,Pass,Pass,Pass,Pass,Pass,Pass,Pass,Pass,Pass,Pass,Pass,Pass,Pass,Pass,Pass,Pass,Pass,Pass,Pass,Pass,Skip,Pass,
03-03-2017,03:59:41,39.2,2,155900134132,PASS,Pass,Pass,Pass,Pass,Pass,Pass,Pass,Pass,Skip,Pass,Pass,Pass,Pass,Pass,Pass,Pass,Pass,Pass,Pass,Pass,Pass,Pass,Pass,Pass,Pass,Pass,Pass,Pass,Pass,Pass,Pass,Pass,Pass,Pass,Pass,Pass,Pass,Pass,Pass,Skip,Pass,
03-03-2017,04:02:27,40.0,1,155900134133,PASS,Pass,Pass,Pass,Pass,Pass,Pass,Pass,Pass,Skip,Pass,Pass,Pass,Pass,Pass,Pass,Pass,Pass,Pass,Pass,Pass,Pass,Pass,Pass,Pass,Pass,Pass,Pass,Pass,Pass,Pass,Pass,Pass,Pass,Pass,Pass,Pass,Pass,Pass,Pass,Skip,Pass,
03-03-2017,04:02:40,40.0,3,155900134134,PASS,Pass,Pass,Pass,Pass,Pass,Pass,Pass,Pass,Skip,Pass,Pass,Pass,Pass,Pass,Pass,Pass,Pass,Pass,Pass,Pass,Pass,Pass,Pass,Pass,Pass,Pass,Pass,Pass,Pass,Pass,Pass,Pass,Pass,Pass,Pass,Pass,Pass,Pass,Pass,Skip,Pass,
03-03-2017,04:05:43,47.4,5,155900127525,PASS,Pass,Pass,Pass,Pass,Pass,Pass,Pass,Pass,Skip,Pass,Pass,Pass,Pass,Pass,Pass,Pass,Pass,Pass,Pass,Pass,Pass,Pass,Pass,Pass,Pass,Pass,Pass,Pass,Pass,Pass,Pass,Pass,Pass,Pass,Pass,Pass,Pass,Pass,Pass,Skip,Pass,
03-03-2017,04:06:19,49.5,1,155900134135,PASS,Pass,Pass,Pass,Pass,Pass,Pass,Pass,Pass,Skip,Pass,Pass,Pass,Pass,Pass,Pass,Pass,Pass,Pass,Pass,Pass,Pass,Pass,Pass,Pass,Pass,Pass,Pass,Pass,Pass,Pass,Pass,Pass,Pass,Pass,Pass,Pass,Pass,Pass,Pass,Skip,Pass,
03-03-2017,04:14:26,50.6,1,155900134136,PASS,Pass,Pass,Pass,Pass,Pass,Pass,Pass,Pass,Skip,Pass,Pass,Pass,Pass,Pass,Pass,Pass,Pass,Pass,Pass,Pass,Pass,Pass,Pass,Pass,Pass,Pass,Pass,Pass,Pass,Pass,Pass,Pass,Pass,Pass,Pass,Pass,Pass,Pass,Pass,Skip,Pass,
03-03-2017,04:15:05,50.6,3,155900134171,PASS,Pass,Pass,Pass,Pass,Pass,Pass,Pass,Pass,Skip,Pass,Pass,Pass,Pass,Pass,Pass,Pass,Pass,Pass,Pass,Pass,Pass,Pass,Pass,Pass,Pass,Pass,Pass,Pass,Pass,Pass,Pass,Pass,Pass,Pass,Pass,Pass,Pass,Pass,Pass,Skip,Pass,
03-03-2017,04:15:15,49.1,5,155900134172,PASS,Pass,Pass,Pass,Pass,Pass,Pass,Pass,Pass,Skip,Pass,Pass,Pass,Pass,Pass,Pass,Pass,Pass,Pass,Pass,Pass,Pass,Pass,Pass,Pass,Pass,Pass,Pass,Pass,Pass,Pass,Pass,Pass,Pass,Pass,Pass,Pass,Pass,Pass,Pass,Skip,Pass,
03-03-2017,04:16:51,49.9,1,155900134173,PASS,Pass,Pass,Pass,Pass,Pass,Pass,Pass,Pass,Skip,Pass,Pass,Pass,Pass,Pass,Pass,Pass,Pass,Pass,Pass,Pass,Pass,Pass,Pass,Pass,Pass,Pass,Pass,Pass,Pass,Pass,Pass,Pass,Pass,Pass,Pass,Pass,Pass,Pass,Pass,Skip,Pass,
03-03-2017,04:17:07,49.6,3,155900134174,PASS,Pass,Pass,Pass,Pass,Pass,Pass,Pass,Pass,Skip,Pass,Pass,Pass,Pass,Pass,Pass,Pass,Pass,Pass,Pass,Pass,Pass,Pass,Pass,Pass,Pass,Pass,Pass,Pass,Pass,Pass,Pass,Pass,Pass,Pass,Pass,Pass,Pass,Pass,Pass,Skip,Pass,
03-03-2017,04:17:18,47.9,5,155900134175,PASS,Pass,Pass,Pass,Pass,Pass,Pass,Pass,Pass,Skip,Pass,Pass,Pass,Pass,Pass,Pass,Pass,Pass,Pass,Pass,Pass,Pass,Pass,Pass,Pass,Pass,Pass,Pass,Pass,Pass,Pass,Pass,Pass,Pass,Pass,Pass,Pass,Pass,Pass,Pass,Skip,Pass,
03-03-2017,04:18:16,51.3,2,155900134176,PASS,Pass,Pass,Pass,Pass,Pass,Pass,Pass,Pass,Skip,Pass,Pass,Pass,Pass,Pass,Pass,Pass,Pass,Pass,Pass,Pass,Pass,Pass,Pass,Pass,Pass,Pass,Pass,Pass,Pass,Pass,Pass,Pass,Pass,Pass,Pass,Pass,Pass,Pass,Pass,Skip,Pass,
03-03-2017,04:18:30,49.9,4,155900134161,PASS,Pass,Pass,Pass,Pass,Pass,Pass,Pass,Pass,Skip,Pass,Pass,Pass,Pass,Pass,Pass,Pass,Pass,Pass,Pass,Pass,Pass,Pass,Pass,Pass,Pass,Pass,Pass,Pass,Pass,Pass,Pass,Pass,Pass,Pass,Pass,Pass,Pass,Pass,Pass,Skip,Pass,
03-03-2017,04:19:35,50.9,1,155900134163,PASS,Pass,Pass,Pass,Pass,Pass,Pass,Pass,Pass,Skip,Pass,Pass,Pass,Pass,Pass,Pass,Pass,Pass,Pass,Pass,Pass,Pass,Pass,Pass,Pass,Pass,Pass,Pass,Pass,Pass,Pass,Pass,Pass,Pass,Pass,Pass,Pass,Pass,Pass,Pass,Skip,Pass,
03-03-2017,04:19:46,49.3,3,155900134164,PASS,Pass,Pass,Pass,Pass,Pass,Pass,Pass,Pass,Skip,Pass,Pass,Pass,Pass,Pass,Pass,Pass,Pass,Pass,Pass,Pass,Pass,Pass,Pass,Pass,Pass,Pass,Pass,Pass,Pass,Pass,Pass,Pass,Pass,Pass,Pass,Pass,Pass,Pass,Pass,Skip,Pass,
03-03-2017,04:20:10,49.1,6,155900134165,PASS,Pass,Pass,Pass,Pass,Pass,Pass,Pass,Pass,Skip,Pass,Pass,Pass,Pass,Pass,Pass,Pass,Pass,Pass,Pass,Pass,Pass,Pass,Pass,Pass,Pass,Pass,Pass,Pass,Pass,Pass,Pass,Pass,Pass,Pass,Pass,Pass,Pass,Pass,Pass,Skip,Pass,
03-03-2017,04:20:41,49.9,2,155900134166,PASS,Pass,Pass,Pass,Pass,Pass,Pass,Pass,Pass,Skip,Pass,Pass,Pass,Pass,Pass,Pass,Pass,Pass,Pass,Pass,Pass,Pass,Pass,Pass,Pass,Pass,Pass,Pass,Pass,Pass,Pass,Pass,Pass,Pass,Pass,Pass,Pass,Pass,Pass,Pass,Skip,Pass,
03-03-2017,04:20:48,50.0,4,155900134201,PASS,Pass,Pass,Pass,Pass,Pass,Pass,Pass,Pass,Skip,Pass,Pass,Pass,Pass,Pass,Pass,Pass,Pass,Pass,Pass,Pass,Pass,Pass,Pass,Pass,Pass,Pass,Pass,Pass,Pass,Pass,Pass,Pass,Pass,Pass,Pass,Pass,Pass,Pass,Pass,Skip,Pass,
03-03-2017,04:21:08,50.1,5,155900134202,PASS,Pass,Pass,Pass,Pass,Pass,Pass,Pass,Pass,Skip,Pass,Pass,Pass,Pass,Pass,Pass,Pass,Pass,Pass,Pass,Pass,Pass,Pass,Pass,Pass,Pass,Pass,Pass,Pass,Pass,Pass,Pass,Pass,Pass,Pass,Pass,Pass,Pass,Pass,Pass,Skip,Pass,
03-03-2017,04:23:17,49.7,1,155900134205,PASS,Pass,Pass,Pass,Pass,Pass,Pass,Pass,Pass,Skip,Pass,Pass,Pass,Pass,Pass,Pass,Pass,Pass,Pass,Pass,Pass,Pass,Pass,Pass,Pass,Pass,Pass,Pass,Pass,Pass,Pass,Pass,Pass,Pass,Pass,Pass,Pass,Pass,Pass,Pass,Skip,Pass,
03-03-2017,04:23:24,50.0,3,155900134203,PASS,Pass,Pass,Pass,Pass,Pass,Pass,Pass,Pass,Skip,Pass,Pass,Pass,Pass,Pass,Pass,Pass,Pass,Pass,Pass,Pass,Pass,Pass,Pass,Pass,Pass,Pass,Pass,Pass,Pass,Pass,Pass,Pass,Pass,Pass,Pass,Pass,Pass,Pass,Pass,Skip,Pass,
03-03-2017,04:23:36,48.1,5,155900134206,PASS,Pass,Pass,Pass,Pass,Pass,Pass,Pass,Pass,Skip,Pass,Pass,Pass,Pass,Pass,Pass,Pass,Pass,Pass,Pass,Pass,Pass,Pass,Pass,Pass,Pass,Pass,Pass,Pass,Pass,Pass,Pass,Pass,Pass,Pass,Pass,Pass,Pass,Pass,Pass,Skip,Pass,
03-03-2017,04:24:10,50.1,2,155900134231,PASS,Pass,Pass,Pass,Pass,Pass,Pass,Pass,Pass,Skip,Pass,Pass,Pass,Pass,Pass,Pass,Pass,Pass,Pass,Pass,Pass,Pass,Pass,Pass,Pass,Pass,Pass,Pass,Pass,Pass,Pass,Pass,Pass,Pass,Pass,Pass,Pass,Pass,Pass,Pass,Skip,Pass,
03-03-2017,04:26:51,50.0,4,155900134204,PASS,Pass,Pass,Pass,Pass,Pass,Pass,Pass,Pass,Skip,Pass,Pass,Pass,Pass,Pass,Pass,Pass,Pass,Pass,Pass,Pass,Pass,Pass,Pass,Pass,Pass,Pass,Pass,Pass,Pass,Pass,Pass,Pass,Pass,Pass,Pass,Pass,Pass,Pass,Pass,Skip,Pass,
03-03-2017,04:28:08,49.3,1,155900134236,PASS,Pass,Pass,Pass,Pass,Pass,Pass,Pass,Pass,Skip,Pass,Pass,Pass,Pass,Pass,Pass,Pass,Pass,Pass,Pass,Pass,Pass,Pass,Pass,Pass,Pass,Pass,Pass,Pass,Pass,Pass,Pass,Pass,Pass,Pass,Pass,Pass,Pass,Pass,Pass,Skip,Pass,
03-03-2017,04:45:32,43.0,1,155900134236,FAIL,Pass,Pass,Pass,Pass,Pass,Fail,,,,,,,,,,,,,,,,,,,,,,,,,,,,,,,,,,,,
03-03-2017,04:49:00,49.8,1,155900134195,PASS,Pass,Pass,Pass,Pass,Pass,Pass,Pass,Pass,Skip,Pass,Pass,Pass,Pass,Pass,Pass,Pass,Pass,Pass,Pass,Pass,Pass,Pass,Pass,Pass,Pass,Pass,Pass,Pass,Pass,Pass,Pass,Pass,Pass,Pass,Pass,Pass,Pass,Pass,Pass,Skip,Pass,
03-03-2017,04:49:17,50.0,3,155900134196,PASS,Pass,Pass,Pass,Pass,Pass,Pass,Pass,Pass,Skip,Pass,Pass,Pass,Pass,Pass,Pass,Pass,Pass,Pass,Pass,Pass,Pass,Pass,Pass,Pass,Pass,Pass,Pass,Pass,Pass,Pass,Pass,Pass,Pass,Pass,Pass,Pass,Pass,Pass,Pass,Skip,Pass,
03-03-2017,04:49:37,49.1,5,155900134181,PASS,Pass,Pass,Pass,Pass,Pass,Pass,Pass,Pass,Skip,Pass,Pass,Pass,Pass,Pass,Pass,Pass,Pass,Pass,Pass,Pass,Pass,Pass,Pass,Pass,Pass,Pass,Pass,Pass,Pass,Pass,Pass,Pass,Pass,Pass,Pass,Pass,Pass,Pass,Pass,Skip,Pass,
03-03-2017,04:49:55,47.0,2,155900134182,PASS,Pass,Pass,Pass,Pass,Pass,Pass,Pass,Pass,Skip,Pass,Pass,Pass,Pass,Pass,Pass,Pass,Pass,Pass,Pass,Pass,Pass,Pass,Pass,Pass,Pass,Pass,Pass,Pass,Pass,Pass,Pass,Pass,Pass,Pass,Pass,Pass,Pass,Pass,Pass,Skip,Pass,
03-03-2017,04:50:10,41.8,4,155900134183,PASS,Pass,Pass,Pass,Pass,Pass,Pass,Pass,Pass,Skip,Pass,Pass,Pass,Pass,Pass,Pass,Pass,Pass,Pass,Pass,Pass,Pass,Pass,Pass,Pass,Pass,Pass,Pass,Pass,Pass,Pass,Pass,Pass,Pass,Pass,Pass,Pass,Pass,Pass,Pass,Skip,Pass,
03-03-2017,04:50:23,39.9,6,155900134184,PASS,Pass,Pass,Pass,Pass,Pass,Pass,Pass,Pass,Skip,Pass,Pass,Pass,Pass,Pass,Pass,Pass,Pass,Pass,Pass,Pass,Pass,Pass,Pass,Pass,Pass,Pass,Pass,Pass,Pass,Pass,Pass,Pass,Pass,Pass,Pass,Pass,Pass,Pass,Pass,Skip,Pass,
03-03-2017,04:50:57,40.4,4,155900134185,PASS,Pass,Pass,Pass,Pass,Pass,Pass,Pass,Pass,Skip,Pass,Pass,Pass,Pass,Pass,Pass,Pass,Pass,Pass,Pass,Pass,Pass,Pass,Pass,Pass,Pass,Pass,Pass,Pass,Pass,Pass,Pass,Pass,Pass,Pass,Pass,Pass,Pass,Pass,Pass,Skip,Pass,
03-03-2017,05:03:19,40.5,1,155900134186,PASS,Pass,Pass,Pass,Pass,Pass,Pass,Pass,Pass,Skip,Pass,Pass,Pass,Pass,Pass,Pass,Pass,Pass,Pass,Pass,Pass,Pass,Pass,Pass,Pass,Pass,Pass,Pass,Pass,Pass,Pass,Pass,Pass,Pass,Pass,Pass,Pass,Pass,Pass,Pass,Skip,Pass,
03-03-2017,05:03:26,40.0,3,155900134221,PASS,Pass,Pass,Pass,Pass,Pass,Pass,Pass,Pass,Skip,Pass,Pass,Pass,Pass,Pass,Pass,Pass,Pass,Pass,Pass,Pass,Pass,Pass,Pass,Pass,Pass,Pass,Pass,Pass,Pass,Pass,Pass,Pass,Pass,Pass,Pass,Pass,Pass,Pass,Pass,Skip,Pass,
03-03-2017,05:03:37,39.0,5,155900134222,PASS,Pass,Pass,Pass,Pass,Pass,Pass,Pass,Pass,Skip,Pass,Pass,Pass,Pass,Pass,Pass,Pass,Pass,Pass,Pass,Pass,Pass,Pass,Pass,Pass,Pass,Pass,Pass,Pass,Pass,Pass,Pass,Pass,Pass,Pass,Pass,Pass,Pass,Pass,Pass,Skip,Pass,
03-03-2017,05:05:01,40.0,1,155900134223,PASS,Pass,Pass,Pass,Pass,Pass,Pass,Pass,Pass,Skip,Pass,Pass,Pass,Pass,Pass,Pass,Pass,Pass,Pass,Pass,Pass,Pass,Pass,Pass,Pass,Pass,Pass,Pass,Pass,Pass,Pass,Pass,Pass,Pass,Pass,Pass,Pass,Pass,Pass,Pass,Skip,Pass,
03-03-2017,05:05:16,40.4,3,155900134224,PASS,Pass,Pass,Pass,Pass,Pass,Pass,Pass,Pass,Skip,Pass,Pass,Pass,Pass,Pass,Pass,Pass,Pass,Pass,Pass,Pass,Pass,Pass,Pass,Pass,Pass,Pass,Pass,Pass,Pass,Pass,Pass,Pass,Pass,Pass,Pass,Pass,Pass,Pass,Pass,Skip,Pass,
03-03-2017,05:23:20,40.4,1,155900131021,PASS,Pass,Pass,Pass,Pass,Pass,Pass,Pass,Pass,Skip,Pass,Pass,Pass,Pass,Pass,Pass,Pass,Pass,Pass,Pass,Pass,Pass,Pass,Pass,Pass,Pass,Pass,Pass,Pass,Pass,Pass,Pass,Pass,Pass,Pass,Pass,Pass,Pass,Pass,Pass,Skip,Pass,
03-03-2017,05:23:53,40.3,3,155900131022,PASS,Pass,Pass,Pass,Pass,Pass,Pass,Pass,Pass,Skip,Pass,Pass,Pass,Pass,Pass,Pass,Pass,Pass,Pass,Pass,Pass,Pass,Pass,Pass,Pass,Pass,Pass,Pass,Pass,Pass,Pass,Pass,Pass,Pass,Pass,Pass,Pass,Pass,Pass,Pass,Skip,Pass,
03-03-2017,05:24:10,41.0,5,155900131023,PASS,Pass,Pass,Pass,Pass,Pass,Pass,Pass,Pass,Skip,Pass,Pass,Pass,Pass,Pass,Pass,Pass,Pass,Pass,Pass,Pass,Pass,Pass,Pass,Pass,Pass,Pass,Pass,Pass,Pass,Pass,Pass,Pass,Pass,Pass,Pass,Pass,Pass,Pass,Pass,Skip,Pass,
03-03-2017,05:24:25,40.9,2,155900131024,PASS,Pass,Pass,Pass,Pass,Pass,Pass,Pass,Pass,Skip,Pass,Pass,Pass,Pass,Pass,Pass,Pass,Pass,Pass,Pass,Pass,Pass,Pass,Pass,Pass,Pass,Pass,Pass,Pass,Pass,Pass,Pass,Pass,Pass,Pass,Pass,Pass,Pass,Pass,Pass,Skip,Pass,
03-03-2017,05:24:39,39.4,4,155900131026,PASS,Pass,Pass,Pass,Pass,Pass,Pass,Pass,Pass,Skip,Pass,Pass,Pass,Pass,Pass,Pass,Pass,Pass,Pass,Pass,Pass,Pass,Pass,Pass,Pass,Pass,Pass,Pass,Pass,Pass,Pass,Pass,Pass,Pass,Pass,Pass,Pass,Pass,Pass,Pass,Skip,Pass,
03-03-2017,05:24:53,40.1,6,155900131031,PASS,Pass,Pass,Pass,Pass,Pass,Pass,Pass,Pass,Skip,Pass,Pass,Pass,Pass,Pass,Pass,Pass,Pass,Pass,Pass,Pass,Pass,Pass,Pass,Pass,Pass,Pass,Pass,Pass,Pass,Pass,Pass,Pass,Pass,Pass,Pass,Pass,Pass,Pass,Pass,Skip,Pass,
03-03-2017,05:25:09,39.3,1,155900131032,PASS,Pass,Pass,Pass,Pass,Pass,Pass,Pass,Pass,Skip,Pass,Pass,Pass,Pass,Pass,Pass,Pass,Pass,Pass,Pass,Pass,Pass,Pass,Pass,Pass,Pass,Pass,Pass,Pass,Pass,Pass,Pass,Pass,Pass,Pass,Pass,Pass,Pass,Pass,Pass,Skip,Pass,
03-03-2017,05:25:25,40.1,3,155900131033,PASS,Pass,Pass,Pass,Pass,Pass,Pass,Pass,Pass,Skip,Pass,Pass,Pass,Pass,Pass,Pass,Pass,Pass,Pass,Pass,Pass,Pass,Pass,Pass,Pass,Pass,Pass,Pass,Pass,Pass,Pass,Pass,Pass,Pass,Pass,Pass,Pass,Pass,Pass,Pass,Skip,Pass,
03-03-2017,05:25:38,39.2,5,155900131034,PASS,Pass,Pass,Pass,Pass,Pass,Pass,Pass,Pass,Skip,Pass,Pass,Pass,Pass,Pass,Pass,Pass,Pass,Pass,Pass,Pass,Pass,Pass,Pass,Pass,Pass,Pass,Pass,Pass,Pass,Pass,Pass,Pass,Pass,Pass,Pass,Pass,Pass,Pass,Pass,Skip,Pass,
03-03-2017,05:25:54,39.9,2,155900131041,PASS,Pass,Pass,Pass,Pass,Pass,Pass,Pass,Pass,Skip,Pass,Pass,Pass,Pass,Pass,Pass,Pass,Pass,Pass,Pass,Pass,Pass,Pass,Pass,Pass,Pass,Pass,Pass,Pass,Pass,Pass,Pass,Pass,Pass,Pass,Pass,Pass,Pass,Pass,Pass,Skip,Pass,
03-03-2017,05:26:10,39.3,4,155900131042,PASS,Pass,Pass,Pass,Pass,Pass,Pass,Pass,Pass,Skip,Pass,Pass,Pass,Pass,Pass,Pass,Pass,Pass,Pass,Pass,Pass,Pass,Pass,Pass,Pass,Pass,Pass,Pass,Pass,Pass,Pass,Pass,Pass,Pass,Pass,Pass,Pass,Pass,Pass,Pass,Skip,Pass,
03-03-2017,05:26:32,40.2,6,155900131043,PASS,Pass,Pass,Pass,Pass,Pass,Pass,Pass,Pass,Skip,Pass,Pass,Pass,Pass,Pass,Pass,Pass,Pass,Pass,Pass,Pass,Pass,Pass,Pass,Pass,Pass,Pass,Pass,Pass,Pass,Pass,Pass,Pass,Pass,Pass,Pass,Pass,Pass,Pass,Pass,Skip,Pass,
03-03-2017,05:42:50,39.9,1,155900131045,PASS,Pass,Pass,Pass,Pass,Pass,Pass,Pass,Pass,Skip,Pass,Pass,Pass,Pass,Pass,Pass,Pass,Pass,Pass,Pass,Pass,Pass,Pass,Pass,Pass,Pass,Pass,Pass,Pass,Pass,Pass,Pass,Pass,Pass,Pass,Pass,Pass,Pass,Pass,Pass,Skip,Pass,
03-03-2017,05:43:02,39.8,3,155900131046,PASS,Pass,Pass,Pass,Pass,Pass,Pass,Pass,Pass,Skip,Pass,Pass,Pass,Pass,Pass,Pass,Pass,Pass,Pass,Pass,Pass,Pass,Pass,Pass,Pass,Pass,Pass,Pass,Pass,Pass,Pass,Pass,Pass,Pass,Pass,Pass,Pass,Pass,Pass,Pass,Skip,Pass,
03-03-2017,05:43:45,40.9,5,155900131051,PASS,Pass,Pass,Pass,Pass,Pass,Pass,Pass,Pass,Skip,Pass,Pass,Pass,Pass,Pass,Pass,Pass,Pass,Pass,Pass,Pass,Pass,Pass,Pass,Pass,Pass,Pass,Pass,Pass,Pass,Pass,Pass,Pass,Pass,Pass,Pass,Pass,Pass,Pass,Pass,Skip,Pass,
03-03-2017,05:44:02,40.4,1,155900131052,PASS,Pass,Pass,Pass,Pass,Pass,Pass,Pass,Pass,Skip,Pass,Pass,Pass,Pass,Pass,Pass,Pass,Pass,Pass,Pass,Pass,Pass,Pass,Pass,Pass,Pass,Pass,Pass,Pass,Pass,Pass,Pass,Pass,Pass,Pass,Pass,Pass,Pass,Pass,Pass,Skip,Pass,
03-03-2017,05:44:16,39.8,3,155900131053,PASS,Pass,Pass,Pass,Pass,Pass,Pass,Pass,Pass,Skip,Pass,Pass,Pass,Pass,Pass,Pass,Pass,Pass,Pass,Pass,Pass,Pass,Pass,Pass,Pass,Pass,Pass,Pass,Pass,Pass,Pass,Pass,Pass,Pass,Pass,Pass,Pass,Pass,Pass,Pass,Skip,Pass,
03-03-2017,05:44:41,39.1,2,155900131055,PASS,Pass,Pass,Pass,Pass,Pass,Pass,Pass,Pass,Skip,Pass,Pass,Pass,Pass,Pass,Pass,Pass,Pass,Pass,Pass,Pass,Pass,Pass,Pass,Pass,Pass,Pass,Pass,Pass,Pass,Pass,Pass,Pass,Pass,Pass,Pass,Pass,Pass,Pass,Pass,Skip,Pass,
03-03-2017,05:44:59,40.1,4,155900131056,PASS,Pass,Pass,Pass,Pass,Pass,Pass,Pass,Pass,Skip,Pass,Pass,Pass,Pass,Pass,Pass,Pass,Pass,Pass,Pass,Pass,Pass,Pass,Pass,Pass,Pass,Pass,Pass,Pass,Pass,Pass,Pass,Pass,Pass,Pass,Pass,Pass,Pass,Pass,Pass,Skip,Pass,
03-03-2017,05:45:44,39.1,1,155900131061,PASS,Pass,Pass,Pass,Pass,Pass,Pass,Pass,Pass,Skip,Pass,Pass,Pass,Pass,Pass,Pass,Pass,Pass,Pass,Pass,Pass,Pass,Pass,Pass,Pass,Pass,Pass,Pass,Pass,Pass,Pass,Pass,Pass,Pass,Pass,Pass,Pass,Pass,Pass,Pass,Skip,Pass,
03-03-2017,05:46:26,39.1,3,155900131063,PASS,Pass,Pass,Pass,Pass,Pass,Pass,Pass,Pass,Skip,Pass,Pass,Pass,Pass,Pass,Pass,Pass,Pass,Pass,Pass,Pass,Pass,Pass,Pass,Pass,Pass,Pass,Pass,Pass,Pass,Pass,Pass,Pass,Pass,Pass,Pass,Pass,Pass,Pass,Pass,Skip,Pass,
03-03-2017,05:47:15,40.0,1,155900131071,PASS,Pass,Pass,Pass,Pass,Pass,Pass,Pass,Pass,Skip,Pass,Pass,Pass,Pass,Pass,Pass,Pass,Pass,Pass,Pass,Pass,Pass,Pass,Pass,Pass,Pass,Pass,Pass,Pass,Pass,Pass,Pass,Pass,Pass,Pass,Pass,Pass,Pass,Pass,Pass,Skip,Pass,
03-03-2017,05:47:30,39.6,3,155900131072,PASS,Pass,Pass,Pass,Pass,Pass,Pass,Pass,Pass,Skip,Pass,Pass,Pass,Pass,Pass,Pass,Pass,Pass,Pass,Pass,Pass,Pass,Pass,Pass,Pass,Pass,Pass,Pass,Pass,Pass,Pass,Pass,Pass,Pass,Pass,Pass,Pass,Pass,Pass,Pass,Skip,Pass,
03-03-2017,05:49:39,39.8,1,155900131073,PASS,Pass,Pass,Pass,Pass,Pass,Pass,Pass,Pass,Skip,Pass,Pass,Pass,Pass,Pass,Pass,Pass,Pass,Pass,Pass,Pass,Pass,Pass,Pass,Pass,Pass,Pass,Pass,Pass,Pass,Pass,Pass,Pass,Pass,Pass,Pass,Pass,Pass,Pass,Pass,Skip,Pass,
03-03-2017,05:50:30,40.5,1,155900131075,PASS,Pass,Pass,Pass,Pass,Pass,Pass,Pass,Pass,Skip,Pass,Pass,Pass,Pass,Pass,Pass,Pass,Pass,Pass,Pass,Pass,Pass,Pass,Pass,Pass,Pass,Pass,Pass,Pass,Pass,Pass,Pass,Pass,Pass,Pass,Pass,Pass,Pass,Pass,Pass,Skip,Pass,
03-03-2017,05:51:17,39.9,3,155900131081,PASS,Pass,Pass,Pass,Pass,Pass,Pass,Pass,Pass,Skip,Pass,Pass,Pass,Pass,Pass,Pass,Pass,Pass,Pass,Pass,Pass,Pass,Pass,Pass,Pass,Pass,Pass,Pass,Pass,Pass,Pass,Pass,Pass,Pass,Pass,Pass,Pass,Pass,Pass,Pass,Skip,Pass,
03-03-2017,05:51:30,39.9,5,155900131082,PASS,Pass,Pass,Pass,Pass,Pass,Pass,Pass,Pass,Skip,Pass,Pass,Pass,Pass,Pass,Pass,Pass,Pass,Pass,Pass,Pass,Pass,Pass,Pass,Pass,Pass,Pass,Pass,Pass,Pass,Pass,Pass,Pass,Pass,Pass,Pass,Pass,Pass,Pass,Pass,Skip,Pass,
03-03-2017,05:53:40,39.3,1,155900131083,PASS,Pass,Pass,Pass,Pass,Pass,Pass,Pass,Pass,Skip,Pass,Pass,Pass,Pass,Pass,Pass,Pass,Pass,Pass,Pass,Pass,Pass,Pass,Pass,Pass,Pass,Pass,Pass,Pass,Pass,Pass,Pass,Pass,Pass,Pass,Pass,Pass,Pass,Pass,Pass,Skip,Pass,
03-03-2017,05:54:17,40.0,3,155900131085,PASS,Pass,Pass,Pass,Pass,Pass,Pass,Pass,Pass,Skip,Pass,Pass,Pass,Pass,Pass,Pass,Pass,Pass,Pass,Pass,Pass,Pass,Pass,Pass,Pass,Pass,Pass,Pass,Pass,Pass,Pass,Pass,Pass,Pass,Pass,Pass,Pass,Pass,Pass,Pass,Skip,Pass,
03-03-2017,05:57:43,40.4,1,155900131092,PASS,Pass,Pass,Pass,Pass,Pass,Pass,Pass,Pass,Skip,Pass,Pass,Pass,Pass,Pass,Pass,Pass,Pass,Pass,Pass,Pass,Pass,Pass,Pass,Pass,Pass,Pass,Pass,Pass,Pass,Pass,Pass,Pass,Pass,Pass,Pass,Pass,Pass,Pass,Pass,Skip,Pass,
03-03-2017,06:01:05,40.3,1,155900131093,PASS,Pass,Pass,Pass,Pass,Pass,Pass,Pass,Pass,Skip,Pass,Pass,Pass,Pass,Pass,Pass,Pass,Pass,Pass,Pass,Pass,Pass,Pass,Pass,Pass,Pass,Pass,Pass,Pass,Pass,Pass,Pass,Pass,Pass,Pass,Pass,Pass,Pass,Pass,Pass,Skip,Pass,
03-03-2017,06:01:55,39.7,3,155900131094,PASS,Pass,Pass,Pass,Pass,Pass,Pass,Pass,Pass,Skip,Pass,Pass,Pass,Pass,Pass,Pass,Pass,Pass,Pass,Pass,Pass,Pass,Pass,Pass,Pass,Pass,Pass,Pass,Pass,Pass,Pass,Pass,Pass,Pass,Pass,Pass,Pass,Pass,Pass,Pass,Skip,Pass,
03-03-2017,06:02:24,39.3,5,155900131095,PASS,Pass,Pass,Pass,Pass,Pass,Pass,Pass,Pass,Skip,Pass,Pass,Pass,Pass,Pass,Pass,Pass,Pass,Pass,Pass,Pass,Pass,Pass,Pass,Pass,Pass,Pass,Pass,Pass,Pass,Pass,Pass,Pass,Pass,Pass,Pass,Pass,Pass,Pass,Pass,Skip,Pass,
03-03-2017,06:02:41,39.7,2,155900131096,PASS,Pass,Pass,Pass,Pass,Pass,Pass,Pass,Pass,Skip,Pass,Pass,Pass,Pass,Pass,Pass,Pass,Pass,Pass,Pass,Pass,Pass,Pass,Pass,Pass,Pass,Pass,Pass,Pass,Pass,Pass,Pass,Pass,Pass,Pass,Pass,Pass,Pass,Pass,Pass,Skip,Pass,
03-03-2017,06:09:32,40.9,1,155900131111,PASS,Pass,Pass,Pass,Pass,Pass,Pass,Pass,Pass,Skip,Pass,Pass,Pass,Pass,Pass,Pass,Pass,Pass,Pass,Pass,Pass,Pass,Pass,Pass,Pass,Pass,Pass,Pass,Pass,Pass,Pass,Pass,Pass,Pass,Pass,Pass,Pass,Pass,Pass,Pass,Skip,Pass,
03-03-2017,06:12:59,40.7,1,155900131112,PASS,Pass,Pass,Pass,Pass,Pass,Pass,Pass,Pass,Skip,Pass,Pass,Pass,Pass,Pass,Pass,Pass,Pass,Pass,Pass,Pass,Pass,Pass,Pass,Pass,Pass,Pass,Pass,Pass,Pass,Pass,Pass,Pass,Pass,Pass,Pass,Pass,Pass,Pass,Pass,Skip,Pass,
03-03-2017,06:13:31,40.0,3,155900131114,PASS,Pass,Pass,Pass,Pass,Pass,Pass,Pass,Pass,Skip,Pass,Pass,Pass,Pass,Pass,Pass,Pass,Pass,Pass,Pass,Pass,Pass,Pass,Pass,Pass,Pass,Pass,Pass,Pass,Pass,Pass,Pass,Pass,Pass,Pass,Pass,Pass,Pass,Pass,Pass,Skip,Pass,
03-03-2017,06:14:19,40.0,1,155900131115,PASS,Pass,Pass,Pass,Pass,Pass,Pass,Pass,Pass,Skip,Pass,Pass,Pass,Pass,Pass,Pass,Pass,Pass,Pass,Pass,Pass,Pass,Pass,Pass,Pass,Pass,Pass,Pass,Pass,Pass,Pass,Pass,Pass,Pass,Pass,Pass,Pass,Pass,Pass,Pass,Skip,Pass,
03-03-2017,06:14:59,39.1,3,155900131116,PASS,Pass,Pass,Pass,Pass,Pass,Pass,Pass,Pass,Skip,Pass,Pass,Pass,Pass,Pass,Pass,Pass,Pass,Pass,Pass,Pass,Pass,Pass,Pass,Pass,Pass,Pass,Pass,Pass,Pass,Pass,Pass,Pass,Pass,Pass,Pass,Pass,Pass,Pass,Pass,Skip,Pass,
03-03-2017,06:35:34,40.5,1,155900131131,PASS,Pass,Pass,Pass,Pass,Pass,Pass,Pass,Pass,Skip,Pass,Pass,Pass,Pass,Pass,Pass,Pass,Pass,Pass,Pass,Pass,Pass,Pass,Pass,Pass,Pass,Pass,Pass,Pass,Pass,Pass,Pass,Pass,Pass,Pass,Pass,Pass,Pass,Pass,Pass,Skip,Pass,
03-03-2017,06:35:49,40.5,3,155900131132,PASS,Pass,Pass,Pass,Pass,Pass,Pass,Pass,Pass,Skip,Pass,Pass,Pass,Pass,Pass,Pass,Pass,Pass,Pass,Pass,Pass,Pass,Pass,Pass,Pass,Pass,Pass,Pass,Pass,Pass,Pass,Pass,Pass,Pass,Pass,Pass,Pass,Pass,Pass,Pass,Skip,Pass,
03-03-2017,06:36:02,41.8,5,155900131134,PASS,Pass,Pass,Pass,Pass,Pass,Pass,Pass,Pass,Skip,Pass,Pass,Pass,Pass,Pass,Pass,Pass,Pass,Pass,Pass,Pass,Pass,Pass,Pass,Pass,Pass,Pass,Pass,Pass,Pass,Pass,Pass,Pass,Pass,Pass,Pass,Pass,Pass,Pass,Pass,Skip,Pass,
03-03-2017,06:36:14,39.9,2,155900131135,PASS,Pass,Pass,Pass,Pass,Pass,Pass,Pass,Pass,Skip,Pass,Pass,Pass,Pass,Pass,Pass,Pass,Pass,Pass,Pass,Pass,Pass,Pass,Pass,Pass,Pass,Pass,Pass,Pass,Pass,Pass,Pass,Pass,Pass,Pass,Pass,Pass,Pass,Pass,Pass,Skip,Pass,
03-03-2017,06:36:29,39.9,4,155900131136,PASS,Pass,Pass,Pass,Pass,Pass,Pass,Pass,Pass,Skip,Pass,Pass,Pass,Pass,Pass,Pass,Pass,Pass,Pass,Pass,Pass,Pass,Pass,Pass,Pass,Pass,Pass,Pass,Pass,Pass,Pass,Pass,Pass,Pass,Pass,Pass,Pass,Pass,Pass,Pass,Skip,Pass,
03-03-2017,06:36:43,40.0,6,155900131121,PASS,Pass,Pass,Pass,Pass,Pass,Pass,Pass,Pass,Skip,Pass,Pass,Pass,Pass,Pass,Pass,Pass,Pass,Pass,Pass,Pass,Pass,Pass,Pass,Pass,Pass,Pass,Pass,Pass,Pass,Pass,Pass,Pass,Pass,Pass,Pass,Pass,Pass,Pass,Pass,Skip,Pass,
03-03-2017,06:37:05,40.0,1,155900131122,PASS,Pass,Pass,Pass,Pass,Pass,Pass,Pass,Pass,Skip,Pass,Pass,Pass,Pass,Pass,Pass,Pass,Pass,Pass,Pass,Pass,Pass,Pass,Pass,Pass,Pass,Pass,Pass,Pass,Pass,Pass,Pass,Pass,Pass,Pass,Pass,Pass,Pass,Pass,Pass,Skip,Pass,
03-03-2017,06:37:21,40.0,3,155900131124,PASS,Pass,Pass,Pass,Pass,Pass,Pass,Pass,Pass,Skip,Pass,Pass,Pass,Pass,Pass,Pass,Pass,Pass,Pass,Pass,Pass,Pass,Pass,Pass,Pass,Pass,Pass,Pass,Pass,Pass,Pass,Pass,Pass,Pass,Pass,Pass,Pass,Pass,Pass,Pass,Skip,Pass,
03-03-2017,06:38:05,40.9,5,155900131125,PASS,Pass,Pass,Pass,Pass,Pass,Pass,Pass,Pass,Skip,Pass,Pass,Pass,Pass,Pass,Pass,Pass,Pass,Pass,Pass,Pass,Pass,Pass,Pass,Pass,Pass,Pass,Pass,Pass,Pass,Pass,Pass,Pass,Pass,Pass,Pass,Pass,Pass,Pass,Pass,Skip,Pass,
03-03-2017,06:38:18,40.1,1,155900131126,PASS,Pass,Pass,Pass,Pass,Pass,Pass,Pass,Pass,Skip,Pass,Pass,Pass,Pass,Pass,Pass,Pass,Pass,Pass,Pass,Pass,Pass,Pass,Pass,Pass,Pass,Pass,Pass,Pass,Pass,Pass,Pass,Pass,Pass,Pass,Pass,Pass,Pass,Pass,Pass,Skip,Pass,
03-03-2017,06:38:32,42.9,3,155900131151,PASS,Pass,Pass,Pass,Pass,Pass,Pass,Pass,Pass,Skip,Pass,Pass,Pass,Pass,Pass,Pass,Pass,Pass,Pass,Pass,Pass,Pass,Pass,Pass,Pass,Pass,Pass,Pass,Pass,Pass,Pass,Pass,Pass,Pass,Pass,Pass,Pass,Pass,Pass,Pass,Skip,Pass,
03-03-2017,06:38:58,40.1,5,155900131153,PASS,Pass,Pass,Pass,Pass,Pass,Pass,Pass,Pass,Skip,Pass,Pass,Pass,Pass,Pass,Pass,Pass,Pass,Pass,Pass,Pass,Pass,Pass,Pass,Pass,Pass,Pass,Pass,Pass,Pass,Pass,Pass,Pass,Pass,Pass,Pass,Pass,Pass,Pass,Pass,Skip,Pass,
03-03-2017,06:38:59,41.0,2,155900131152,PASS,Pass,Pass,Pass,Pass,Pass,Pass,Pass,Pass,Skip,Pass,Pass,Pass,Pass,Pass,Pass,Pass,Pass,Pass,Pass,Pass,Pass,Pass,Pass,Pass,Pass,Pass,Pass,Pass,Pass,Pass,Pass,Pass,Pass,Pass,Pass,Pass,Pass,Pass,Pass,Skip,Pass,
03-03-2017,06:39:28,39.9,3,155900131156,PASS,Pass,Pass,Pass,Pass,Pass,Pass,Pass,Pass,Skip,Pass,Pass,Pass,Pass,Pass,Pass,Pass,Pass,Pass,Pass,Pass,Pass,Pass,Pass,Pass,Pass,Pass,Pass,Pass,Pass,Pass,Pass,Pass,Pass,Pass,Pass,Pass,Pass,Pass,Pass,Skip,Pass,
03-03-2017,06:39:41,41.3,1,155900131154,PASS,Pass,Pass,Pass,Pass,Pass,Pass,Pass,Pass,Skip,Pass,Pass,Pass,Pass,Pass,Pass,Pass,Pass,Pass,Pass,Pass,Pass,Pass,Pass,Pass,Pass,Pass,Pass,Pass,Pass,Pass,Pass,Pass,Pass,Pass,Pass,Pass,Pass,Pass,Pass,Skip,Pass,
03-03-2017,06:39:44,40.5,5,155900131141,PASS,Pass,Pass,Pass,Pass,Pass,Pass,Pass,Pass,Skip,Pass,Pass,Pass,Pass,Pass,Pass,Pass,Pass,Pass,Pass,Pass,Pass,Pass,Pass,Pass,Pass,Pass,Pass,Pass,Pass,Pass,Pass,Pass,Pass,Pass,Pass,Pass,Pass,Pass,Pass,Skip,Pass,
03-03-2017,06:40:20,39.2,2,155900131142,PASS,Pass,Pass,Pass,Pass,Pass,Pass,Pass,Pass,Skip,Pass,Pass,Pass,Pass,Pass,Pass,Pass,Pass,Pass,Pass,Pass,Pass,Pass,Pass,Pass,Pass,Pass,Pass,Pass,Pass,Pass,Pass,Pass,Pass,Pass,Pass,Pass,Pass,Pass,Pass,Skip,Pass,
03-03-2017,06:40:23,39.0,3,155900131143,PASS,Pass,Pass,Pass,Pass,Pass,Pass,Pass,Pass,Skip,Pass,Pass,Pass,Pass,Pass,Pass,Pass,Pass,Pass,Pass,Pass,Pass,Pass,Pass,Pass,Pass,Pass,Pass,Pass,Pass,Pass,Pass,Pass,Pass,Pass,Pass,Pass,Pass,Pass,Pass,Skip,Pass,
03-03-2017,06:40:44,41.2,5,155900131145,PASS,Pass,Pass,Pass,Pass,Pass,Pass,Pass,Pass,Skip,Pass,Pass,Pass,Pass,Pass,Pass,Pass,Pass,Pass,Pass,Pass,Pass,Pass,Pass,Pass,Pass,Pass,Pass,Pass,Pass,Pass,Pass,Pass,Pass,Pass,Pass,Pass,Pass,Pass,Pass,Skip,Pass,
03-03-2017,06:41:00,40.1,1,155900131146,PASS,Pass,Pass,Pass,Pass,Pass,Pass,Pass,Pass,Skip,Pass,Pass,Pass,Pass,Pass,Pass,Pass,Pass,Pass,Pass,Pass,Pass,Pass,Pass,Pass,Pass,Pass,Pass,Pass,Pass,Pass,Pass,Pass,Pass,Pass,Pass,Pass,Pass,Pass,Pass,Skip,Pass,
03-03-2017,06:41:11,39.0,3,155900131181,PASS,Pass,Pass,Pass,Pass,Pass,Pass,Pass,Pass,Skip,Pass,Pass,Pass,Pass,Pass,Pass,Pass,Pass,Pass,Pass,Pass,Pass,Pass,Pass,Pass,Pass,Pass,Pass,Pass,Pass,Pass,Pass,Pass,Pass,Pass,Pass,Pass,Pass,Pass,Pass,Skip,Pass,
03-03-2017,06:41:37,40.0,5,155900131182,PASS,Pass,Pass,Pass,Pass,Pass,Pass,Pass,Pass,Skip,Pass,Pass,Pass,Pass,Pass,Pass,Pass,Pass,Pass,Pass,Pass,Pass,Pass,Pass,Pass,Pass,Pass,Pass,Pass,Pass,Pass,Pass,Pass,Pass,Pass,Pass,Pass,Pass,Pass,Pass,Skip,Pass,
03-03-2017,06:41:58,39.7,1,155900131183,PASS,Pass,Pass,Pass,Pass,Pass,Pass,Pass,Pass,Skip,Pass,Pass,Pass,Pass,Pass,Pass,Pass,Pass,Pass,Pass,Pass,Pass,Pass,Pass,Pass,Pass,Pass,Pass,Pass,Pass,Pass,Pass,Pass,Pass,Pass,Pass,Pass,Pass,Pass,Pass,Skip,Pass,
03-03-2017,06:42:11,38.9,3,155900131184,PASS,Pass,Pass,Pass,Pass,Pass,Pass,Pass,Pass,Skip,Pass,Pass,Pass,Pass,Pass,Pass,Pass,Pass,Pass,Pass,Pass,Pass,Pass,Pass,Pass,Pass,Pass,Pass,Pass,Pass,Pass,Pass,Pass,Pass,Pass,Pass,Pass,Pass,Pass,Pass,Skip,Pass,
03-03-2017,06:42:27,42.2,5,155900131185,PASS,Pass,Pass,Pass,Pass,Pass,Pass,Pass,Pass,Skip,Pass,Pass,Pass,Pass,Pass,Pass,Pass,Pass,Pass,Pass,Pass,Pass,Pass,Pass,Pass,Pass,Pass,Pass,Pass,Pass,Pass,Pass,Pass,Pass,Pass,Pass,Pass,Pass,Pass,Pass,Skip,Pass,
03-03-2017,06:42:38,39.9,2,155900131171,PASS,Pass,Pass,Pass,Pass,Pass,Pass,Pass,Pass,Skip,Pass,Pass,Pass,Pass,Pass,Pass,Pass,Pass,Pass,Pass,Pass,Pass,Pass,Pass,Pass,Pass,Pass,Pass,Pass,Pass,Pass,Pass,Pass,Pass,Pass,Pass,Pass,Pass,Pass,Pass,Skip,Pass,
03-03-2017,06:44:46,40.8,1,155900131172,PASS,Pass,Pass,Pass,Pass,Pass,Pass,Pass,Pass,Skip,Pass,Pass,Pass,Pass,Pass,Pass,Pass,Pass,Pass,Pass,Pass,Pass,Pass,Pass,Pass,Pass,Pass,Pass,Pass,Pass,Pass,Pass,Pass,Pass,Pass,Pass,Pass,Pass,Pass,Pass,Skip,Pass,
03-03-2017,06:44:57,39.2,3,155900131173,PASS,Pass,Pass,Pass,Pass,Pass,Pass,Pass,Pass,Skip,Pass,Pass,Pass,Pass,Pass,Pass,Pass,Pass,Pass,Pass,Pass,Pass,Pass,Pass,Pass,Pass,Pass,Pass,Pass,Pass,Pass,Pass,Pass,Pass,Pass,Pass,Pass,Pass,Pass,Pass,Skip,Pass,
03-03-2017,06:45:10,40.6,5,155900131174,PASS,Pass,Pass,Pass,Pass,Pass,Pass,Pass,Pass,Skip,Pass,Pass,Pass,Pass,Pass,Pass,Pass,Pass,Pass,Pass,Pass,Pass,Pass,Pass,Pass,Pass,Pass,Pass,Pass,Pass,Pass,Pass,Pass,Pass,Pass,Pass,Pass,Pass,Pass,Pass,Skip,Pass,
03-03-2017,06:45:26,39.7,2,155900131175,PASS,Pass,Pass,Pass,Pass,Pass,Pass,Pass,Pass,Skip,Pass,Pass,Pass,Pass,Pass,Pass,Pass,Pass,Pass,Pass,Pass,Pass,Pass,Pass,Pass,Pass,Pass,Pass,Pass,Pass,Pass,Pass,Pass,Pass,Pass,Pass,Pass,Pass,Pass,Pass,Skip,Pass,
03-03-2017,06:45:41,40.3,4,155900131161,PASS,Pass,Pass,Pass,Pass,Pass,Pass,Pass,Pass,Skip,Pass,Pass,Pass,Pass,Pass,Pass,Pass,Pass,Pass,Pass,Pass,Pass,Pass,Pass,Pass,Pass,Pass,Pass,Pass,Pass,Pass,Pass,Pass,Pass,Pass,Pass,Pass,Pass,Pass,Pass,Skip,Pass,
03-03-2017,06:46:13,40.2,6,155900131162,PASS,Pass,Pass,Pass,Pass,Pass,Pass,Pass,Pass,Skip,Pass,Pass,Pass,Pass,Pass,Pass,Pass,Pass,Pass,Pass,Pass,Pass,Pass,Pass,Pass,Pass,Pass,Pass,Pass,Pass,Pass,Pass,Pass,Pass,Pass,Pass,Pass,Pass,Pass,Pass,Skip,Pass,
03-03-2017,06:46:27,40.1,1,155900131163,PASS,Pass,Pass,Pass,Pass,Pass,Pass,Pass,Pass,Skip,Pass,Pass,Pass,Pass,Pass,Pass,Pass,Pass,Pass,Pass,Pass,Pass,Pass,Pass,Pass,Pass,Pass,Pass,Pass,Pass,Pass,Pass,Pass,Pass,Pass,Pass,Pass,Pass,Pass,Pass,Skip,Pass,
03-03-2017,06:46:42,39.8,3,155900131164,PASS,Pass,Pass,Pass,Pass,Pass,Pass,Pass,Pass,Skip,Pass,Pass,Pass,Pass,Pass,Pass,Pass,Pass,Pass,Pass,Pass,Pass,Pass,Pass,Pass,Pass,Pass,Pass,Pass,Pass,Pass,Pass,Pass,Pass,Pass,Pass,Pass,Pass,Pass,Pass,Skip,Pass,
03-03-2017,06:46:55,39.7,5,155900131165,PASS,Pass,Pass,Pass,Pass,Pass,Pass,Pass,Pass,Skip,Pass,Pass,Pass,Pass,Pass,Pass,Pass,Pass,Pass,Pass,Pass,Pass,Pass,Pass,Pass,Pass,Pass,Pass,Pass,Pass,Pass,Pass,Pass,Pass,Pass,Pass,Pass,Pass,Pass,Pass,Skip,Pass,
03-03-2017,06:47:10,40.0,2,155900131201,PASS,Pass,Pass,Pass,Pass,Pass,Pass,Pass,Pass,Skip,Pass,Pass,Pass,Pass,Pass,Pass,Pass,Pass,Pass,Pass,Pass,Pass,Pass,Pass,Pass,Pass,Pass,Pass,Pass,Pass,Pass,Pass,Pass,Pass,Pass,Pass,Pass,Pass,Pass,Pass,Skip,Pass,
03-03-2017,06:47:30,40.6,4,155900131202,PASS,Pass,Pass,Pass,Pass,Pass,Pass,Pass,Pass,Skip,Pass,Pass,Pass,Pass,Pass,Pass,Pass,Pass,Pass,Pass,Pass,Pass,Pass,Pass,Pass,Pass,Pass,Pass,Pass,Pass,Pass,Pass,Pass,Pass,Pass,Pass,Pass,Pass,Pass,Pass,Skip,Pass,
03-03-2017,06:47:48,40.5,6,155900131203,PASS,Pass,Pass,Pass,Pass,Pass,Pass,Pass,Pass,Skip,Pass,Pass,Pass,Pass,Pass,Pass,Pass,Pass,Pass,Pass,Pass,Pass,Pass,Pass,Pass,Pass,Pass,Pass,Pass,Pass,Pass,Pass,Pass,Pass,Pass,Pass,Pass,Pass,Pass,Pass,Skip,Pass,
03-03-2017,06:48:00,40.5,1,155900131204,PASS,Pass,Pass,Pass,Pass,Pass,Pass,Pass,Pass,Skip,Pass,Pass,Pass,Pass,Pass,Pass,Pass,Pass,Pass,Pass,Pass,Pass,Pass,Pass,Pass,Pass,Pass,Pass,Pass,Pass,Pass,Pass,Pass,Pass,Pass,Pass,Pass,Pass,Pass,Pass,Skip,Pass,
03-03-2017,06:48:14,40.3,3,155900131206,PASS,Pass,Pass,Pass,Pass,Pass,Pass,Pass,Pass,Skip,Pass,Pass,Pass,Pass,Pass,Pass,Pass,Pass,Pass,Pass,Pass,Pass,Pass,Pass,Pass,Pass,Pass,Pass,Pass,Pass,Pass,Pass,Pass,Pass,Pass,Pass,Pass,Pass,Pass,Pass,Skip,Pass,
03-03-2017,06:48:30,39.5,5,155900131212,PASS,Pass,Pass,Pass,Pass,Pass,Pass,Pass,Pass,Skip,Pass,Pass,Pass,Pass,Pass,Pass,Pass,Pass,Pass,Pass,Pass,Pass,Pass,Pass,Pass,Pass,Pass,Pass,Pass,Pass,Pass,Pass,Pass,Pass,Pass,Pass,Pass,Pass,Pass,Pass,Skip,Pass,
03-03-2017,06:49:19,40.0,2,155900131213,PASS,Pass,Pass,Pass,Pass,Pass,Pass,Pass,Pass,Skip,Pass,Pass,Pass,Pass,Pass,Pass,Pass,Pass,Pass,Pass,Pass,Pass,Pass,Pass,Pass,Pass,Pass,Pass,Pass,Pass,Pass,Pass,Pass,Pass,Pass,Pass,Pass,Pass,Pass,Pass,Skip,Pass,
03-03-2017,06:51:19,40.8,1,155900131214,PASS,Pass,Pass,Pass,Pass,Pass,Pass,Pass,Pass,Skip,Pass,Pass,Pass,Pass,Pass,Pass,Pass,Pass,Pass,Pass,Pass,Pass,Pass,Pass,Pass,Pass,Pass,Pass,Pass,Pass,Pass,Pass,Pass,Pass,Pass,Pass,Pass,Pass,Pass,Pass,Skip,Pass,
03-03-2017,06:51:37,39.7,3,155900131215,PASS,Pass,Pass,Pass,Pass,Pass,Pass,Pass,Pass,Skip,Pass,Pass,Pass,Pass,Pass,Pass,Pass,Pass,Pass,Pass,Pass,Pass,Pass,Pass,Pass,Pass,Pass,Pass,Pass,Pass,Pass,Pass,Pass,Pass,Pass,Pass,Pass,Pass,Pass,Pass,Skip,Pass,
03-03-2017,06:52:41,40.3,5,155900131222,PASS,Pass,Pass,Pass,Pass,Pass,Pass,Pass,Pass,Skip,Pass,Pass,Pass,Pass,Pass,Pass,Pass,Pass,Pass,Pass,Pass,Pass,Pass,Pass,Pass,Pass,Pass,Pass,Pass,Pass,Pass,Pass,Pass,Pass,Pass,Pass,Pass,Pass,Pass,Pass,Skip,Pass,
03-03-2017,06:52:56,39.8,2,155900131223,PASS,Pass,Pass,Pass,Pass,Pass,Pass,Pass,Pass,Skip,Pass,Pass,Pass,Pass,Pass,Pass,Pass,Pass,Pass,Pass,Pass,Pass,Pass,Pass,Pass,Pass,Pass,Pass,Pass,Pass,Pass,Pass,Pass,Pass,Pass,Pass,Pass,Pass,Pass,Pass,Skip,Pass,
03-03-2017,06:53:11,40.0,4,155900131224,PASS,Pass,Pass,Pass,Pass,Pass,Pass,Pass,Pass,Skip,Pass,Pass,Pass,Pass,Pass,Pass,Pass,Pass,Pass,Pass,Pass,Pass,Pass,Pass,Pass,Pass,Pass,Pass,Pass,Pass,Pass,Pass,Pass,Pass,Pass,Pass,Pass,Pass,Pass,Pass,Skip,Pass,
03-03-2017,06:53:29,41.8,6,155900131225,PASS,Pass,Pass,Pass,Pass,Pass,Pass,Pass,Pass,Skip,Pass,Pass,Pass,Pass,Pass,Pass,Pass,Pass,Pass,Pass,Pass,Pass,Pass,Pass,Pass,Pass,Pass,Pass,Pass,Pass,Pass,Pass,Pass,Pass,Pass,Pass,Pass,Pass,Pass,Pass,Skip,Pass,
03-03-2017,06:53:43,39.9,1,155900131226,PASS,Pass,Pass,Pass,Pass,Pass,Pass,Pass,Pass,Skip,Pass,Pass,Pass,Pass,Pass,Pass,Pass,Pass,Pass,Pass,Pass,Pass,Pass,Pass,Pass,Pass,Pass,Pass,Pass,Pass,Pass,Pass,Pass,Pass,Pass,Pass,Pass,Pass,Pass,Pass,Skip,Pass,
03-03-2017,06:53:58,40.6,3,155900131101,PASS,Pass,Pass,Pass,Pass,Pass,Pass,Pass,Pass,Skip,Pass,Pass,Pass,Pass,Pass,Pass,Pass,Pass,Pass,Pass,Pass,Pass,Pass,Pass,Pass,Pass,Pass,Pass,Pass,Pass,Pass,Pass,Pass,Pass,Pass,Pass,Pass,Pass,Pass,Pass,Skip,Pass,
03-03-2017,07:03:15,40.1,5,155900131103,PASS,Pass,Pass,Pass,Pass,Pass,Pass,Pass,Pass,Skip,Pass,Pass,Pass,Pass,Pass,Pass,Pass,Pass,Pass,Pass,Pass,Pass,Pass,Pass,Pass,Pass,Pass,Pass,Pass,Pass,Pass,Pass,Pass,Pass,Pass,Pass,Pass,Pass,Pass,Pass,Skip,Pass,
03-03-2017,07:04:23,41.5,1,155900131104,PASS,Pass,Pass,Pass,Pass,Pass,Pass,Pass,Pass,Skip,Pass,Pass,Pass,Pass,Pass,Pass,Pass,Pass,Pass,Pass,Pass,Pass,Pass,Pass,Pass,Pass,Pass,Pass,Pass,Pass,Pass,Pass,Pass,Pass,Pass,Pass,Pass,Pass,Pass,Pass,Skip,Pass,
03-03-2017,07:04:40,40.5,3,155900131105,PASS,Pass,Pass,Pass,Pass,Pass,Pass,Pass,Pass,Skip,Pass,Pass,Pass,Pass,Pass,Pass,Pass,Pass,Pass,Pass,Pass,Pass,Pass,Pass,Pass,Pass,Pass,Pass,Pass,Pass,Pass,Pass,Pass,Pass,Pass,Pass,Pass,Pass,Pass,Pass,Skip,Pass,
03-03-2017,07:05:02,37.7,5,155900131106,FAIL,Pass,Pass,Pass,Pass,Pass,Pass,Pass,Fail,,,,,,,,,,,,,,,,,,,,,,,,,,,,,,,,,,
03-03-2017,07:08:09,8.5,1,155900131106,FAIL,Pass,Pass,Pass,Pass,Pass,Pass,Pass,Fail,,,,,,,,,,,,,,,,,,,,,,,,,,,,,,,,,,
03-03-2017,07:20:13,41.4,1,155900131242,PASS,Pass,Pass,Pass,Pass,Pass,Pass,Pass,Pass,Skip,Pass,Pass,Pass,Pass,Pass,Pass,Pass,Pass,Pass,Pass,Pass,Pass,Pass,Pass,Pass,Pass,Pass,Pass,Pass,Pass,Pass,Pass,Pass,Pass,Pass,Pass,Pass,Pass,Pass,Pass,Skip,Pass,
03-03-2017,07:20:32,41.1,3,155900131243,PASS,Pass,Pass,Pass,Pass,Pass,Pass,Pass,Pass,Skip,Pass,Pass,Pass,Pass,Pass,Pass,Pass,Pass,Pass,Pass,Pass,Pass,Pass,Pass,Pass,Pass,Pass,Pass,Pass,Pass,Pass,Pass,Pass,Pass,Pass,Pass,Pass,Pass,Pass,Pass,Skip,Pass,
03-03-2017,07:20:40,39.9,5,155900131244,PASS,Pass,Pass,Pass,Pass,Pass,Pass,Pass,Pass,Skip,Pass,Pass,Pass,Pass,Pass,Pass,Pass,Pass,Pass,Pass,Pass,Pass,Pass,Pass,Pass,Pass,Pass,Pass,Pass,Pass,Pass,Pass,Pass,Pass,Pass,Pass,Pass,Pass,Pass,Pass,Skip,Pass,
03-03-2017,07:20:54,41.1,2,155900131245,PASS,Pass,Pass,Pass,Pass,Pass,Pass,Pass,Pass,Skip,Pass,Pass,Pass,Pass,Pass,Pass,Pass,Pass,Pass,Pass,Pass,Pass,Pass,Pass,Pass,Pass,Pass,Pass,Pass,Pass,Pass,Pass,Pass,Pass,Pass,Pass,Pass,Pass,Pass,Pass,Skip,Pass,
03-03-2017,07:21:34,39.8,1,155900131246,PASS,Pass,Pass,Pass,Pass,Pass,Pass,Pass,Pass,Skip,Pass,Pass,Pass,Pass,Pass,Pass,Pass,Pass,Pass,Pass,Pass,Pass,Pass,Pass,Pass,Pass,Pass,Pass,Pass,Pass,Pass,Pass,Pass,Pass,Pass,Pass,Pass,Pass,Pass,Pass,Skip,Pass,
03-03-2017,07:21:48,39.8,3,155900131262,PASS,Pass,Pass,Pass,Pass,Pass,Pass,Pass,Pass,Skip,Pass,Pass,Pass,Pass,Pass,Pass,Pass,Pass,Pass,Pass,Pass,Pass,Pass,Pass,Pass,Pass,Pass,Pass,Pass,Pass,Pass,Pass,Pass,Pass,Pass,Pass,Pass,Pass,Pass,Pass,Skip,Pass,
03-03-2017,07:22:12,41.1,5,155900131263,PASS,Pass,Pass,Pass,Pass,Pass,Pass,Pass,Pass,Skip,Pass,Pass,Pass,Pass,Pass,Pass,Pass,Pass,Pass,Pass,Pass,Pass,Pass,Pass,Pass,Pass,Pass,Pass,Pass,Pass,Pass,Pass,Pass,Pass,Pass,Pass,Pass,Pass,Pass,Pass,Skip,Pass,
03-03-2017,07:22:26,40.0,1,155900131264,PASS,Pass,Pass,Pass,Pass,Pass,Pass,Pass,Pass,Skip,Pass,Pass,Pass,Pass,Pass,Pass,Pass,Pass,Pass,Pass,Pass,Pass,Pass,Pass,Pass,Pass,Pass,Pass,Pass,Pass,Pass,Pass,Pass,Pass,Pass,Pass,Pass,Pass,Pass,Pass,Skip,Pass,
03-03-2017,07:22:41,40.3,3,155900131265,PASS,Pass,Pass,Pass,Pass,Pass,Pass,Pass,Pass,Skip,Pass,Pass,Pass,Pass,Pass,Pass,Pass,Pass,Pass,Pass,Pass,Pass,Pass,Pass,Pass,Pass,Pass,Pass,Pass,Pass,Pass,Pass,Pass,Pass,Pass,Pass,Pass,Pass,Pass,Pass,Skip,Pass,
03-03-2017,07:22:57,40.6,5,155900131266,PASS,Pass,Pass,Pass,Pass,Pass,Pass,Pass,Pass,Skip,Pass,Pass,Pass,Pass,Pass,Pass,Pass,Pass,Pass,Pass,Pass,Pass,Pass,Pass,Pass,Pass,Pass,Pass,Pass,Pass,Pass,Pass,Pass,Pass,Pass,Pass,Pass,Pass,Pass,Pass,Skip,Pass,
03-03-2017,07:23:10,40.0,2,155900130451,PASS,Pass,Pass,Pass,Pass,Pass,Pass,Pass,Pass,Skip,Pass,Pass,Pass,Pass,Pass,Pass,Pass,Pass,Pass,Pass,Pass,Pass,Pass,Pass,Pass,Pass,Pass,Pass,Pass,Pass,Pass,Pass,Pass,Pass,Pass,Pass,Pass,Pass,Pass,Pass,Skip,Pass,
03-03-2017,07:23:35,24.6,1,155900130452,FAIL,Pass,Pass,Pass,Pass,Pass,Pass,Pass,Pass,Skip,Pass,Pass,Pass,Pass,Pass,Pass,Pass,Pass,Pass,Pass,Pass,Pass,Pass,Pass,Pass,Fail,,,,,,,,,,,,,,,,,
03-03-2017,07:23:41,40.5,3,155900130453,PASS,Pass,Pass,Pass,Pass,Pass,Pass,Pass,Pass,Skip,Pass,Pass,Pass,Pass,Pass,Pass,Pass,Pass,Pass,Pass,Pass,Pass,Pass,Pass,Pass,Pass,Pass,Pass,Pass,Pass,Pass,Pass,Pass,Pass,Pass,Pass,Pass,Pass,Pass,Pass,Skip,Pass,
03-03-2017,07:24:11,39.7,5,155900130531,PASS,Pass,Pass,Pass,Pass,Pass,Pass,Pass,Pass,Skip,Pass,Pass,Pass,Pass,Pass,Pass,Pass,Pass,Pass,Pass,Pass,Pass,Pass,Pass,Pass,Pass,Pass,Pass,Pass,Pass,Pass,Pass,Pass,Pass,Pass,Pass,Pass,Pass,Pass,Pass,Skip,Pass,
03-03-2017,07:24:26,39.8,4,155900130452,PASS,Pass,Pass,Pass,Pass,Pass,Pass,Pass,Pass,Skip,Pass,Pass,Pass,Pass,Pass,Pass,Pass,Pass,Pass,Pass,Pass,Pass,Pass,Pass,Pass,Pass,Pass,Pass,Pass,Pass,Pass,Pass,Pass,Pass,Pass,Pass,Pass,Pass,Pass,Pass,Skip,Pass,
03-03-2017,07:24:40,53.6,1,155900130533,FAIL,Pass,Pass,Pass,Pass,Pass,Pass,Pass,Pass,Skip,Pass,Pass,Pass,Pass,Pass,Pass,Pass,Pass,Pass,Pass,Pass,Pass,Pass,Pass,Pass,Fail,,,,,,,,,,,,,,,,,
03-03-2017,07:24:55,39.9,6,155900130535,PASS,Pass,Pass,Pass,Pass,Pass,Pass,Pass,Pass,Skip,Pass,Pass,Pass,Pass,Pass,Pass,Pass,Pass,Pass,Pass,Pass,Pass,Pass,Pass,Pass,Pass,Pass,Pass,Pass,Pass,Pass,Pass,Pass,Pass,Pass,Pass,Pass,Pass,Pass,Pass,Skip,Pass,
03-03-2017,07:25:07,40.6,3,155900130534,PASS,Pass,Pass,Pass,Pass,Pass,Pass,Pass,Pass,Skip,Pass,Pass,Pass,Pass,Pass,Pass,Pass,Pass,Pass,Pass,Pass,Pass,Pass,Pass,Pass,Pass,Pass,Pass,Pass,Pass,Pass,Pass,Pass,Pass,Pass,Pass,Pass,Pass,Pass,Pass,Skip,Pass,
03-03-2017,07:25:32,39.9,2,155900135501,PASS,Pass,Pass,Pass,Pass,Pass,Pass,Pass,Pass,Skip,Pass,Pass,Pass,Pass,Pass,Pass,Pass,Pass,Pass,Pass,Pass,Pass,Pass,Pass,Pass,Pass,Pass,Pass,Pass,Pass,Pass,Pass,Pass,Pass,Pass,Pass,Pass,Pass,Pass,Pass,Skip,Pass,
03-03-2017,07:25:35,40.1,5,155900130536,PASS,Pass,Pass,Pass,Pass,Pass,Pass,Pass,Pass,Skip,Pass,Pass,Pass,Pass,Pass,Pass,Pass,Pass,Pass,Pass,Pass,Pass,Pass,Pass,Pass,Pass,Pass,Pass,Pass,Pass,Pass,Pass,Pass,Pass,Pass,Pass,Pass,Pass,Pass,Pass,Skip,Pass,
03-03-2017,07:25:47,39.9,4,155900130533,PASS,Pass,Pass,Pass,Pass,Pass,Pass,Pass,Pass,Skip,Pass,Pass,Pass,Pass,Pass,Pass,Pass,Pass,Pass,Pass,Pass,Pass,Pass,Pass,Pass,Pass,Pass,Pass,Pass,Pass,Pass,Pass,Pass,Pass,Pass,Pass,Pass,Pass,Pass,Pass,Skip,Pass,
03-03-2017,07:32:34,39.8,2,155900135503,PASS,Pass,Pass,Pass,Pass,Pass,Pass,Pass,Pass,Skip,Pass,Pass,Pass,Pass,Pass,Pass,Pass,Pass,Pass,Pass,Pass,Pass,Pass,Pass,Pass,Pass,Pass,Pass,Pass,Pass,Pass,Pass,Pass,Pass,Pass,Pass,Pass,Pass,Pass,Pass,Skip,Pass,
03-03-2017,07:32:47,39.6,4,155900135504,PASS,Pass,Pass,Pass,Pass,Pass,Pass,Pass,Pass,Skip,Pass,Pass,Pass,Pass,Pass,Pass,Pass,Pass,Pass,Pass,Pass,Pass,Pass,Pass,Pass,Pass,Pass,Pass,Pass,Pass,Pass,Pass,Pass,Pass,Pass,Pass,Pass,Pass,Pass,Pass,Skip,Pass,
03-03-2017,07:33:05,40.6,6,155900135505,PASS,Pass,Pass,Pass,Pass,Pass,Pass,Pass,Pass,Skip,Pass,Pass,Pass,Pass,Pass,Pass,Pass,Pass,Pass,Pass,Pass,Pass,Pass,Pass,Pass,Pass,Pass,Pass,Pass,Pass,Pass,Pass,Pass,Pass,Pass,Pass,Pass,Pass,Pass,Pass,Skip,Pass,
03-03-2017,07:33:27,40.1,3,155900135506,PASS,Pass,Pass,Pass,Pass,Pass,Pass,Pass,Pass,Skip,Pass,Pass,Pass,Pass,Pass,Pass,Pass,Pass,Pass,Pass,Pass,Pass,Pass,Pass,Pass,Pass,Pass,Pass,Pass,Pass,Pass,Pass,Pass,Pass,Pass,Pass,Pass,Pass,Pass,Pass,Skip,Pass,
03-03-2017,07:33:46,40.8,5,155900135521,PASS,Pass,Pass,Pass,Pass,Pass,Pass,Pass,Pass,Skip,Pass,Pass,Pass,Pass,Pass,Pass,Pass,Pass,Pass,Pass,Pass,Pass,Pass,Pass,Pass,Pass,Pass,Pass,Pass,Pass,Pass,Pass,Pass,Pass,Pass,Pass,Pass,Pass,Pass,Pass,Skip,Pass,
03-03-2017,07:38:01,39.7,2,155900135522,PASS,Pass,Pass,Pass,Pass,Pass,Pass,Pass,Pass,Skip,Pass,Pass,Pass,Pass,Pass,Pass,Pass,Pass,Pass,Pass,Pass,Pass,Pass,Pass,Pass,Pass,Pass,Pass,Pass,Pass,Pass,Pass,Pass,Pass,Pass,Pass,Pass,Pass,Pass,Pass,Skip,Pass,
03-03-2017,07:38:13,39.2,4,155900135523,PASS,Pass,Pass,Pass,Pass,Pass,Pass,Pass,Pass,Skip,Pass,Pass,Pass,Pass,Pass,Pass,Pass,Pass,Pass,Pass,Pass,Pass,Pass,Pass,Pass,Pass,Pass,Pass,Pass,Pass,Pass,Pass,Pass,Pass,Pass,Pass,Pass,Pass,Pass,Pass,Skip,Pass,
03-03-2017,07:38:25,40.1,6,155900135524,PASS,Pass,Pass,Pass,Pass,Pass,Pass,Pass,Pass,Skip,Pass,Pass,Pass,Pass,Pass,Pass,Pass,Pass,Pass,Pass,Pass,Pass,Pass,Pass,Pass,Pass,Pass,Pass,Pass,Pass,Pass,Pass,Pass,Pass,Pass,Pass,Pass,Pass,Pass,Pass,Skip,Pass,
03-03-2017,07:38:53,40.0,3,155900135525,PASS,Pass,Pass,Pass,Pass,Pass,Pass,Pass,Pass,Skip,Pass,Pass,Pass,Pass,Pass,Pass,Pass,Pass,Pass,Pass,Pass,Pass,Pass,Pass,Pass,Pass,Pass,Pass,Pass,Pass,Pass,Pass,Pass,Pass,Pass,Pass,Pass,Pass,Pass,Pass,Skip,Pass,
03-03-2017,07:40:36,39.4,2,155900135526,PASS,Pass,Pass,Pass,Pass,Pass,Pass,Pass,Pass,Skip,Pass,Pass,Pass,Pass,Pass,Pass,Pass,Pass,Pass,Pass,Pass,Pass,Pass,Pass,Pass,Pass,Pass,Pass,Pass,Pass,Pass,Pass,Pass,Pass,Pass,Pass,Pass,Pass,Pass,Pass,Skip,Pass,
03-03-2017,07:40:44,39.0,4,155900135531,PASS,Pass,Pass,Pass,Pass,Pass,Pass,Pass,Pass,Skip,Pass,Pass,Pass,Pass,Pass,Pass,Pass,Pass,Pass,Pass,Pass,Pass,Pass,Pass,Pass,Pass,Pass,Pass,Pass,Pass,Pass,Pass,Pass,Pass,Pass,Pass,Pass,Pass,Pass,Pass,Skip,Pass,
03-03-2017,07:40:58,39.9,6,155900135532,PASS,Pass,Pass,Pass,Pass,Pass,Pass,Pass,Pass,Skip,Pass,Pass,Pass,Pass,Pass,Pass,Pass,Pass,Pass,Pass,Pass,Pass,Pass,Pass,Pass,Pass,Pass,Pass,Pass,Pass,Pass,Pass,Pass,Pass,Pass,Pass,Pass,Pass,Pass,Pass,Skip,Pass,
03-03-2017,07:41:23,39.3,3,155900135533,PASS,Pass,Pass,Pass,Pass,Pass,Pass,Pass,Pass,Skip,Pass,Pass,Pass,Pass,Pass,Pass,Pass,Pass,Pass,Pass,Pass,Pass,Pass,Pass,Pass,Pass,Pass,Pass,Pass,Pass,Pass,Pass,Pass,Pass,Pass,Pass,Pass,Pass,Pass,Pass,Skip,Pass,
03-03-2017,07:41:27,40.0,2,155900135534,PASS,Pass,Pass,Pass,Pass,Pass,Pass,Pass,Pass,Skip,Pass,Pass,Pass,Pass,Pass,Pass,Pass,Pass,Pass,Pass,Pass,Pass,Pass,Pass,Pass,Pass,Pass,Pass,Pass,Pass,Pass,Pass,Pass,Pass,Pass,Pass,Pass,Pass,Pass,Pass,Skip,Pass,
03-03-2017,07:41:47,39.1,5,155900135535,PASS,Pass,Pass,Pass,Pass,Pass,Pass,Pass,Pass,Skip,Pass,Pass,Pass,Pass,Pass,Pass,Pass,Pass,Pass,Pass,Pass,Pass,Pass,Pass,Pass,Pass,Pass,Pass,Pass,Pass,Pass,Pass,Pass,Pass,Pass,Pass,Pass,Pass,Pass,Pass,Skip,Pass,
03-03-2017,07:42:05,39.8,4,155900135536,PASS,Pass,Pass,Pass,Pass,Pass,Pass,Pass,Pass,Skip,Pass,Pass,Pass,Pass,Pass,Pass,Pass,Pass,Pass,Pass,Pass,Pass,Pass,Pass,Pass,Pass,Pass,Pass,Pass,Pass,Pass,Pass,Pass,Pass,Pass,Pass,Pass,Pass,Pass,Pass,Skip,Pass,
03-03-2017,07:42:18,40.4,2,155900135541,PASS,Pass,Pass,Pass,Pass,Pass,Pass,Pass,Pass,Skip,Pass,Pass,Pass,Pass,Pass,Pass,Pass,Pass,Pass,Pass,Pass,Pass,Pass,Pass,Pass,Pass,Pass,Pass,Pass,Pass,Pass,Pass,Pass,Pass,Pass,Pass,Pass,Pass,Pass,Pass,Skip,Pass,
03-03-2017,07:42:41,40.7,5,155900135543,PASS,Pass,Pass,Pass,Pass,Pass,Pass,Pass,Pass,Skip,Pass,Pass,Pass,Pass,Pass,Pass,Pass,Pass,Pass,Pass,Pass,Pass,Pass,Pass,Pass,Pass,Pass,Pass,Pass,Pass,Pass,Pass,Pass,Pass,Pass,Pass,Pass,Pass,Pass,Pass,Skip,Pass,
03-03-2017,07:42:44,39.4,3,155900135542,PASS,Pass,Pass,Pass,Pass,Pass,Pass,Pass,Pass,Skip,Pass,Pass,Pass,Pass,Pass,Pass,Pass,Pass,Pass,Pass,Pass,Pass,Pass,Pass,Pass,Pass,Pass,Pass,Pass,Pass,Pass,Pass,Pass,Pass,Pass,Pass,Pass,Pass,Pass,Pass,Skip,Pass,
03-03-2017,07:43:03,39.7,2,155900135544,PASS,Pass,Pass,Pass,Pass,Pass,Pass,Pass,Pass,Skip,Pass,Pass,Pass,Pass,Pass,Pass,Pass,Pass,Pass,Pass,Pass,Pass,Pass,Pass,Pass,Pass,Pass,Pass,Pass,Pass,Pass,Pass,Pass,Pass,Pass,Pass,Pass,Pass,Pass,Pass,Skip,Pass,
03-03-2017,07:43:24,39.3,4,155900135545,PASS,Pass,Pass,Pass,Pass,Pass,Pass,Pass,Pass,Skip,Pass,Pass,Pass,Pass,Pass,Pass,Pass,Pass,Pass,Pass,Pass,Pass,Pass,Pass,Pass,Pass,Pass,Pass,Pass,Pass,Pass,Pass,Pass,Pass,Pass,Pass,Pass,Pass,Pass,Pass,Skip,Pass,
03-03-2017,07:43:29,39.3,6,155900135546,PASS,Pass,Pass,Pass,Pass,Pass,Pass,Pass,Pass,Skip,Pass,Pass,Pass,Pass,Pass,Pass,Pass,Pass,Pass,Pass,Pass,Pass,Pass,Pass,Pass,Pass,Pass,Pass,Pass,Pass,Pass,Pass,Pass,Pass,Pass,Pass,Pass,Pass,Pass,Pass,Skip,Pass,
03-03-2017,07:44:04,40.0,3,155900135551,PASS,Pass,Pass,Pass,Pass,Pass,Pass,Pass,Pass,Skip,Pass,Pass,Pass,Pass,Pass,Pass,Pass,Pass,Pass,Pass,Pass,Pass,Pass,Pass,Pass,Pass,Pass,Pass,Pass,Pass,Pass,Pass,Pass,Pass,Pass,Pass,Pass,Pass,Pass,Pass,Skip,Pass,
03-03-2017,07:44:09,39.3,5,155900135552,PASS,Pass,Pass,Pass,Pass,Pass,Pass,Pass,Pass,Skip,Pass,Pass,Pass,Pass,Pass,Pass,Pass,Pass,Pass,Pass,Pass,Pass,Pass,Pass,Pass,Pass,Pass,Pass,Pass,Pass,Pass,Pass,Pass,Pass,Pass,Pass,Pass,Pass,Pass,Pass,Skip,Pass,
03-03-2017,07:44:14,39.9,2,155900135553,PASS,Pass,Pass,Pass,Pass,Pass,Pass,Pass,Pass,Skip,Pass,Pass,Pass,Pass,Pass,Pass,Pass,Pass,Pass,Pass,Pass,Pass,Pass,Pass,Pass,Pass,Pass,Pass,Pass,Pass,Pass,Pass,Pass,Pass,Pass,Pass,Pass,Pass,Pass,Pass,Skip,Pass,
03-03-2017,07:44:44,40.2,4,155900135554,PASS,Pass,Pass,Pass,Pass,Pass,Pass,Pass,Pass,Skip,Pass,Pass,Pass,Pass,Pass,Pass,Pass,Pass,Pass,Pass,Pass,Pass,Pass,Pass,Pass,Pass,Pass,Pass,Pass,Pass,Pass,Pass,Pass,Pass,Pass,Pass,Pass,Pass,Pass,Pass,Skip,Pass,
03-03-2017,07:45:15,39.3,2,155900135556,PASS,Pass,Pass,Pass,Pass,Pass,Pass,Pass,Pass,Skip,Pass,Pass,Pass,Pass,Pass,Pass,Pass,Pass,Pass,Pass,Pass,Pass,Pass,Pass,Pass,Pass,Pass,Pass,Pass,Pass,Pass,Pass,Pass,Pass,Pass,Pass,Pass,Pass,Pass,Pass,Skip,Pass,
03-03-2017,07:45:24,40.0,3,155900135555,PASS,Pass,Pass,Pass,Pass,Pass,Pass,Pass,Pass,Skip,Pass,Pass,Pass,Pass,Pass,Pass,Pass,Pass,Pass,Pass,Pass,Pass,Pass,Pass,Pass,Pass,Pass,Pass,Pass,Pass,Pass,Pass,Pass,Pass,Pass,Pass,Pass,Pass,Pass,Pass,Skip,Pass,
03-03-2017,07:45:26,39.8,5,155900135581,PASS,Pass,Pass,Pass,Pass,Pass,Pass,Pass,Pass,Skip,Pass,Pass,Pass,Pass,Pass,Pass,Pass,Pass,Pass,Pass,Pass,Pass,Pass,Pass,Pass,Pass,Pass,Pass,Pass,Pass,Pass,Pass,Pass,Pass,Pass,Pass,Pass,Pass,Pass,Pass,Skip,Pass,
03-03-2017,07:53:54,49.0,5,155900135583,PASS,Pass,Pass,Pass,Pass,Pass,Pass,Pass,Pass,Skip,Pass,Pass,Pass,Pass,Pass,Pass,Pass,Pass,Pass,Pass,Pass,Pass,Pass,Pass,Pass,Pass,Pass,Pass,Pass,Pass,Pass,Pass,Pass,Pass,Pass,Pass,Pass,Pass,Pass,Pass,Skip,Pass,
03-03-2017,07:53:54,53.3,1,155900135585,PASS,Pass,Pass,Pass,Pass,Pass,Pass,Pass,Pass,Skip,Pass,Pass,Pass,Pass,Pass,Pass,Pass,Pass,Pass,Pass,Pass,Pass,Pass,Pass,Pass,Pass,Pass,Pass,Pass,Pass,Pass,Pass,Pass,Pass,Pass,Pass,Pass,Pass,Pass,Pass,Skip,Pass,
03-03-2017,07:53:55,52.2,3,155900135584,PASS,Pass,Pass,Pass,Pass,Pass,Pass,Pass,Pass,Skip,Pass,Pass,Pass,Pass,Pass,Pass,Pass,Pass,Pass,Pass,Pass,Pass,Pass,Pass,Pass,Pass,Pass,Pass,Pass,Pass,Pass,Pass,Pass,Pass,Pass,Pass,Pass,Pass,Pass,Pass,Skip,Pass,
03-03-2017,07:54:45,51.1,2,155900135582,PASS,Pass,Pass,Pass,Pass,Pass,Pass,Pass,Pass,Skip,Pass,Pass,Pass,Pass,Pass,Pass,Pass,Pass,Pass,Pass,Pass,Pass,Pass,Pass,Pass,Pass,Pass,Pass,Pass,Pass,Pass,Pass,Pass,Pass,Pass,Pass,Pass,Pass,Pass,Pass,Skip,Pass,
03-03-2017,07:55:52,51.4,1,155900135586,PASS,Pass,Pass,Pass,Pass,Pass,Pass,Pass,Pass,Skip,Pass,Pass,Pass,Pass,Pass,Pass,Pass,Pass,Pass,Pass,Pass,Pass,Pass,Pass,Pass,Pass,Pass,Pass,Pass,Pass,Pass,Pass,Pass,Pass,Pass,Pass,Pass,Pass,Pass,Pass,Skip,Pass,
03-03-2017,07:56:44,50.5,3,155900135591,PASS,Pass,Pass,Pass,Pass,Pass,Pass,Pass,Pass,Skip,Pass,Pass,Pass,Pass,Pass,Pass,Pass,Pass,Pass,Pass,Pass,Pass,Pass,Pass,Pass,Pass,Pass,Pass,Pass,Pass,Pass,Pass,Pass,Pass,Pass,Pass,Pass,Pass,Pass,Pass,Skip,Pass,
03-03-2017,07:57:00,50.7,5,155900135592,PASS,Pass,Pass,Pass,Pass,Pass,Pass,Pass,Pass,Skip,Pass,Pass,Pass,Pass,Pass,Pass,Pass,Pass,Pass,Pass,Pass,Pass,Pass,Pass,Pass,Pass,Pass,Pass,Pass,Pass,Pass,Pass,Pass,Pass,Pass,Pass,Pass,Pass,Pass,Pass,Skip,Pass,
03-03-2017,07:57:12,49.7,1,155900135593,PASS,Pass,Pass,Pass,Pass,Pass,Pass,Pass,Pass,Skip,Pass,Pass,Pass,Pass,Pass,Pass,Pass,Pass,Pass,Pass,Pass,Pass,Pass,Pass,Pass,Pass,Pass,Pass,Pass,Pass,Pass,Pass,Pass,Pass,Pass,Pass,Pass,Pass,Pass,Pass,Skip,Pass,
03-03-2017,07:57:51,51.1,4,155900135595,PASS,Pass,Pass,Pass,Pass,Pass,Pass,Pass,Pass,Skip,Pass,Pass,Pass,Pass,Pass,Pass,Pass,Pass,Pass,Pass,Pass,Pass,Pass,Pass,Pass,Pass,Pass,Pass,Pass,Pass,Pass,Pass,Pass,Pass,Pass,Pass,Pass,Pass,Pass,Pass,Skip,Pass,
03-03-2017,07:58:03,50.8,2,155900135594,PASS,Pass,Pass,Pass,Pass,Pass,Pass,Pass,Pass,Skip,Pass,Pass,Pass,Pass,Pass,Pass,Pass,Pass,Pass,Pass,Pass,Pass,Pass,Pass,Pass,Pass,Pass,Pass,Pass,Pass,Pass,Pass,Pass,Pass,Pass,Pass,Pass,Pass,Pass,Pass,Skip,Pass,
03-03-2017,07:58:41,50.4,3,155900135596,PASS,Pass,Pass,Pass,Pass,Pass,Pass,Pass,Pass,Skip,Pass,Pass,Pass,Pass,Pass,Pass,Pass,Pass,Pass,Pass,Pass,Pass,Pass,Pass,Pass,Pass,Pass,Pass,Pass,Pass,Pass,Pass,Pass,Pass,Pass,Pass,Pass,Pass,Pass,Pass,Skip,Pass,
03-03-2017,07:58:54,50.9,1,155900135631,PASS,Pass,Pass,Pass,Pass,Pass,Pass,Pass,Pass,Skip,Pass,Pass,Pass,Pass,Pass,Pass,Pass,Pass,Pass,Pass,Pass,Pass,Pass,Pass,Pass,Pass,Pass,Pass,Pass,Pass,Pass,Pass,Pass,Pass,Pass,Pass,Pass,Pass,Pass,Pass,Skip,Pass,
03-03-2017,07:58:56,49.3,5,155900135633,PASS,Pass,Pass,Pass,Pass,Pass,Pass,Pass,Pass,Skip,Pass,Pass,Pass,Pass,Pass,Pass,Pass,Pass,Pass,Pass,Pass,Pass,Pass,Pass,Pass,Pass,Pass,Pass,Pass,Pass,Pass,Pass,Pass,Pass,Pass,Pass,Pass,Pass,Pass,Pass,Skip,Pass,
03-03-2017,07:59:32,50.6,4,155900135632,PASS,Pass,Pass,Pass,Pass,Pass,Pass,Pass,Pass,Skip,Pass,Pass,Pass,Pass,Pass,Pass,Pass,Pass,Pass,Pass,Pass,Pass,Pass,Pass,Pass,Pass,Pass,Pass,Pass,Pass,Pass,Pass,Pass,Pass,Pass,Pass,Pass,Pass,Pass,Pass,Skip,Pass,
03-03-2017,07:59:44,49.9,2,155900135634,PASS,Pass,Pass,Pass,Pass,Pass,Pass,Pass,Pass,Skip,Pass,Pass,Pass,Pass,Pass,Pass,Pass,Pass,Pass,Pass,Pass,Pass,Pass,Pass,Pass,Pass,Pass,Pass,Pass,Pass,Pass,Pass,Pass,Pass,Pass,Pass,Pass,Pass,Pass,Pass,Skip,Pass,
03-03-2017,07:59:48,51.3,6,155900135635,PASS,Pass,Pass,Pass,Pass,Pass,Pass,Pass,Pass,Skip,Pass,Pass,Pass,Pass,Pass,Pass,Pass,Pass,Pass,Pass,Pass,Pass,Pass,Pass,Pass,Pass,Pass,Pass,Pass,Pass,Pass,Pass,Pass,Pass,Pass,Pass,Pass,Pass,Pass,Pass,Skip,Pass,
03-03-2017,08:00:22,50.3,3,155900135636,PASS,Pass,Pass,Pass,Pass,Pass,Pass,Pass,Pass,Skip,Pass,Pass,Pass,Pass,Pass,Pass,Pass,Pass,Pass,Pass,Pass,Pass,Pass,Pass,Pass,Pass,Pass,Pass,Pass,Pass,Pass,Pass,Pass,Pass,Pass,Pass,Pass,Pass,Pass,Pass,Skip,Pass,
03-03-2017,08:00:35,50.5,1,155900135612,PASS,Pass,Pass,Pass,Pass,Pass,Pass,Pass,Pass,Skip,Pass,Pass,Pass,Pass,Pass,Pass,Pass,Pass,Pass,Pass,Pass,Pass,Pass,Pass,Pass,Pass,Pass,Pass,Pass,Pass,Pass,Pass,Pass,Pass,Pass,Pass,Pass,Pass,Pass,Pass,Skip,Pass,
03-03-2017,08:00:38,49.9,5,155900135611,PASS,Pass,Pass,Pass,Pass,Pass,Pass,Pass,Pass,Skip,Pass,Pass,Pass,Pass,Pass,Pass,Pass,Pass,Pass,Pass,Pass,Pass,Pass,Pass,Pass,Pass,Pass,Pass,Pass,Pass,Pass,Pass,Pass,Pass,Pass,Pass,Pass,Pass,Pass,Pass,Skip,Pass,
03-03-2017,08:01:14,51.5,4,155900135613,PASS,Pass,Pass,Pass,Pass,Pass,Pass,Pass,Pass,Skip,Pass,Pass,Pass,Pass,Pass,Pass,Pass,Pass,Pass,Pass,Pass,Pass,Pass,Pass,Pass,Pass,Pass,Pass,Pass,Pass,Pass,Pass,Pass,Pass,Pass,Pass,Pass,Pass,Pass,Pass,Skip,Pass,
03-03-2017,08:01:26,50.8,2,155900135614,PASS,Pass,Pass,Pass,Pass,Pass,Pass,Pass,Pass,Skip,Pass,Pass,Pass,Pass,Pass,Pass,Pass,Pass,Pass,Pass,Pass,Pass,Pass,Pass,Pass,Pass,Pass,Pass,Pass,Pass,Pass,Pass,Pass,Pass,Pass,Pass,Pass,Pass,Pass,Pass,Skip,Pass,
03-03-2017,08:01:28,49.9,6,155900135615,PASS,Pass,Pass,Pass,Pass,Pass,Pass,Pass,Pass,Skip,Pass,Pass,Pass,Pass,Pass,Pass,Pass,Pass,Pass,Pass,Pass,Pass,Pass,Pass,Pass,Pass,Pass,Pass,Pass,Pass,Pass,Pass,Pass,Pass,Pass,Pass,Pass,Pass,Pass,Pass,Skip,Pass,
03-03-2017,08:02:05,50.7,3,155900135616,PASS,Pass,Pass,Pass,Pass,Pass,Pass,Pass,Pass,Skip,Pass,Pass,Pass,Pass,Pass,Pass,Pass,Pass,Pass,Pass,Pass,Pass,Pass,Pass,Pass,Pass,Pass,Pass,Pass,Pass,Pass,Pass,Pass,Pass,Pass,Pass,Pass,Pass,Pass,Pass,Skip,Pass,
03-03-2017,08:02:16,50.7,1,155900135601,PASS,Pass,Pass,Pass,Pass,Pass,Pass,Pass,Pass,Skip,Pass,Pass,Pass,Pass,Pass,Pass,Pass,Pass,Pass,Pass,Pass,Pass,Pass,Pass,Pass,Pass,Pass,Pass,Pass,Pass,Pass,Pass,Pass,Pass,Pass,Pass,Pass,Pass,Pass,Pass,Skip,Pass,
03-03-2017,08:02:19,51.5,5,155900135602,PASS,Pass,Pass,Pass,Pass,Pass,Pass,Pass,Pass,Skip,Pass,Pass,Pass,Pass,Pass,Pass,Pass,Pass,Pass,Pass,Pass,Pass,Pass,Pass,Pass,Pass,Pass,Pass,Pass,Pass,Pass,Pass,Pass,Pass,Pass,Pass,Pass,Pass,Pass,Pass,Skip,Pass,
03-03-2017,08:02:51,46.3,4,155900135603,PASS,Pass,Pass,Pass,Pass,Pass,Pass,Pass,Pass,Skip,Pass,Pass,Pass,Pass,Pass,Pass,Pass,Pass,Pass,Pass,Pass,Pass,Pass,Pass,Pass,Pass,Pass,Pass,Pass,Pass,Pass,Pass,Pass,Pass,Pass,Pass,Pass,Pass,Pass,Pass,Skip,Pass,
03-03-2017,08:06:14,40.1,1,155900135604,PASS,Pass,Pass,Pass,Pass,Pass,Pass,Pass,Pass,Skip,Pass,Pass,Pass,Pass,Pass,Pass,Pass,Pass,Pass,Pass,Pass,Pass,Pass,Pass,Pass,Pass,Pass,Pass,Pass,Pass,Pass,Pass,Pass,Pass,Pass,Pass,Pass,Pass,Pass,Pass,Skip,Pass,
03-03-2017,08:06:26,41.0,3,155900135605,PASS,Pass,Pass,Pass,Pass,Pass,Pass,Pass,Pass,Skip,Pass,Pass,Pass,Pass,Pass,Pass,Pass,Pass,Pass,Pass,Pass,Pass,Pass,Pass,Pass,Pass,Pass,Pass,Pass,Pass,Pass,Pass,Pass,Pass,Pass,Pass,Pass,Pass,Pass,Pass,Skip,Pass,
03-03-2017,08:06:34,39.8,5,155900135606,PASS,Pass,Pass,Pass,Pass,Pass,Pass,Pass,Pass,Skip,Pass,Pass,Pass,Pass,Pass,Pass,Pass,Pass,Pass,Pass,Pass,Pass,Pass,Pass,Pass,Pass,Pass,Pass,Pass,Pass,Pass,Pass,Pass,Pass,Pass,Pass,Pass,Pass,Pass,Pass,Skip,Pass,
03-03-2017,08:06:56,40.2,2,155900135621,PASS,Pass,Pass,Pass,Pass,Pass,Pass,Pass,Pass,Skip,Pass,Pass,Pass,Pass,Pass,Pass,Pass,Pass,Pass,Pass,Pass,Pass,Pass,Pass,Pass,Pass,Pass,Pass,Pass,Pass,Pass,Pass,Pass,Pass,Pass,Pass,Pass,Pass,Pass,Pass,Skip,Pass,
03-03-2017,08:07:32,39.2,3,155900135623,PASS,Pass,Pass,Pass,Pass,Pass,Pass,Pass,Pass,Skip,Pass,Pass,Pass,Pass,Pass,Pass,Pass,Pass,Pass,Pass,Pass,Pass,Pass,Pass,Pass,Pass,Pass,Pass,Pass,Pass,Pass,Pass,Pass,Pass,Pass,Pass,Pass,Pass,Pass,Pass,Skip,Pass,
03-03-2017,08:07:36,40.0,1,155900135622,PASS,Pass,Pass,Pass,Pass,Pass,Pass,Pass,Pass,Skip,Pass,Pass,Pass,Pass,Pass,Pass,Pass,Pass,Pass,Pass,Pass,Pass,Pass,Pass,Pass,Pass,Pass,Pass,Pass,Pass,Pass,Pass,Pass,Pass,Pass,Pass,Pass,Pass,Pass,Pass,Skip,Pass,
03-03-2017,08:07:45,39.2,5,155900135624,PASS,Pass,Pass,Pass,Pass,Pass,Pass,Pass,Pass,Skip,Pass,Pass,Pass,Pass,Pass,Pass,Pass,Pass,Pass,Pass,Pass,Pass,Pass,Pass,Pass,Pass,Pass,Pass,Pass,Pass,Pass,Pass,Pass,Pass,Pass,Pass,Pass,Pass,Pass,Pass,Skip,Pass,
03-03-2017,08:08:16,39.9,4,155900135626,PASS,Pass,Pass,Pass,Pass,Pass,Pass,Pass,Pass,Skip,Pass,Pass,Pass,Pass,Pass,Pass,Pass,Pass,Pass,Pass,Pass,Pass,Pass,Pass,Pass,Pass,Pass,Pass,Pass,Pass,Pass,Pass,Pass,Pass,Pass,Pass,Pass,Pass,Pass,Pass,Skip,Pass,
03-03-2017,08:08:17,40.6,2,155900135625,PASS,Pass,Pass,Pass,Pass,Pass,Pass,Pass,Pass,Skip,Pass,Pass,Pass,Pass,Pass,Pass,Pass,Pass,Pass,Pass,Pass,Pass,Pass,Pass,Pass,Pass,Pass,Pass,Pass,Pass,Pass,Pass,Pass,Pass,Pass,Pass,Pass,Pass,Pass,Pass,Skip,Pass,
03-03-2017,08:08:31,40.0,6,155900135641,PASS,Pass,Pass,Pass,Pass,Pass,Pass,Pass,Pass,Skip,Pass,Pass,Pass,Pass,Pass,Pass,Pass,Pass,Pass,Pass,Pass,Pass,Pass,Pass,Pass,Pass,Pass,Pass,Pass,Pass,Pass,Pass,Pass,Pass,Pass,Pass,Pass,Pass,Pass,Pass,Skip,Pass,
03-03-2017,08:08:57,39.8,1,155900135642,PASS,Pass,Pass,Pass,Pass,Pass,Pass,Pass,Pass,Skip,Pass,Pass,Pass,Pass,Pass,Pass,Pass,Pass,Pass,Pass,Pass,Pass,Pass,Pass,Pass,Pass,Pass,Pass,Pass,Pass,Pass,Pass,Pass,Pass,Pass,Pass,Pass,Pass,Pass,Pass,Skip,Pass,
03-03-2017,08:08:58,40.0,3,155900135643,PASS,Pass,Pass,Pass,Pass,Pass,Pass,Pass,Pass,Skip,Pass,Pass,Pass,Pass,Pass,Pass,Pass,Pass,Pass,Pass,Pass,Pass,Pass,Pass,Pass,Pass,Pass,Pass,Pass,Pass,Pass,Pass,Pass,Pass,Pass,Pass,Pass,Pass,Pass,Pass,Skip,Pass,
03-03-2017,08:09:34,39.7,6,155900135645,PASS,Pass,Pass,Pass,Pass,Pass,Pass,Pass,Pass,Skip,Pass,Pass,Pass,Pass,Pass,Pass,Pass,Pass,Pass,Pass,Pass,Pass,Pass,Pass,Pass,Pass,Pass,Pass,Pass,Pass,Pass,Pass,Pass,Pass,Pass,Pass,Pass,Pass,Pass,Pass,Skip,Pass,
03-03-2017,08:09:36,39.2,2,155900135644,PASS,Pass,Pass,Pass,Pass,Pass,Pass,Pass,Pass,Skip,Pass,Pass,Pass,Pass,Pass,Pass,Pass,Pass,Pass,Pass,Pass,Pass,Pass,Pass,Pass,Pass,Pass,Pass,Pass,Pass,Pass,Pass,Pass,Pass,Pass,Pass,Pass,Pass,Pass,Pass,Skip,Pass,
03-03-2017,08:09:58,39.9,4,155900134761,PASS,Pass,Pass,Pass,Pass,Pass,Pass,Pass,Pass,Skip,Pass,Pass,Pass,Pass,Pass,Pass,Pass,Pass,Pass,Pass,Pass,Pass,Pass,Pass,Pass,Pass,Pass,Pass,Pass,Pass,Pass,Pass,Pass,Pass,Pass,Pass,Pass,Pass,Pass,Pass,Skip,Pass,
03-03-2017,08:10:15,39.2,1,155900135646,PASS,Pass,Pass,Pass,Pass,Pass,Pass,Pass,Pass,Skip,Pass,Pass,Pass,Pass,Pass,Pass,Pass,Pass,Pass,Pass,Pass,Pass,Pass,Pass,Pass,Pass,Pass,Pass,Pass,Pass,Pass,Pass,Pass,Pass,Pass,Pass,Pass,Pass,Pass,Pass,Skip,Pass,
03-03-2017,08:18:33,39.2,1,155900134762,PASS,Pass,Pass,Pass,Pass,Pass,Pass,Pass,Pass,Skip,Pass,Pass,Pass,Pass,Pass,Pass,Pass,Pass,Pass,Pass,Pass,Pass,Pass,Pass,Pass,Pass,Pass,Pass,Pass,Pass,Pass,Pass,Pass,Pass,Pass,Pass,Pass,Pass,Pass,Pass,Skip,Pass,
03-03-2017,08:18:48,40.7,3,155900134763,PASS,Pass,Pass,Pass,Pass,Pass,Pass,Pass,Pass,Skip,Pass,Pass,Pass,Pass,Pass,Pass,Pass,Pass,Pass,Pass,Pass,Pass,Pass,Pass,Pass,Pass,Pass,Pass,Pass,Pass,Pass,Pass,Pass,Pass,Pass,Pass,Pass,Pass,Pass,Pass,Skip,Pass,
03-03-2017,08:19:02,40.1,5,155900134764,PASS,Pass,Pass,Pass,Pass,Pass,Pass,Pass,Pass,Skip,Pass,Pass,Pass,Pass,Pass,Pass,Pass,Pass,Pass,Pass,Pass,Pass,Pass,Pass,Pass,Pass,Pass,Pass,Pass,Pass,Pass,Pass,Pass,Pass,Pass,Pass,Pass,Pass,Pass,Pass,Skip,Pass,
03-03-2017,08:20:33,40.0,1,155900134765,PASS,Pass,Pass,Pass,Pass,Pass,Pass,Pass,Pass,Skip,Pass,Pass,Pass,Pass,Pass,Pass,Pass,Pass,Pass,Pass,Pass,Pass,Pass,Pass,Pass,Pass,Pass,Pass,Pass,Pass,Pass,Pass,Pass,Pass,Pass,Pass,Pass,Pass,Pass,Pass,Skip,Pass,
03-03-2017,08:20:49,41.1,3,155900134766,PASS,Pass,Pass,Pass,Pass,Pass,Pass,Pass,Pass,Skip,Pass,Pass,Pass,Pass,Pass,Pass,Pass,Pass,Pass,Pass,Pass,Pass,Pass,Pass,Pass,Pass,Pass,Pass,Pass,Pass,Pass,Pass,Pass,Pass,Pass,Pass,Pass,Pass,Pass,Pass,Skip,Pass,
03-03-2017,08:21:02,40.5,5,155900135651,PASS,Pass,Pass,Pass,Pass,Pass,Pass,Pass,Pass,Skip,Pass,Pass,Pass,Pass,Pass,Pass,Pass,Pass,Pass,Pass,Pass,Pass,Pass,Pass,Pass,Pass,Pass,Pass,Pass,Pass,Pass,Pass,Pass,Pass,Pass,Pass,Pass,Pass,Pass,Pass,Skip,Pass,
03-03-2017,08:21:17,39.3,2,155900135652,PASS,Pass,Pass,Pass,Pass,Pass,Pass,Pass,Pass,Skip,Pass,Pass,Pass,Pass,Pass,Pass,Pass,Pass,Pass,Pass,Pass,Pass,Pass,Pass,Pass,Pass,Pass,Pass,Pass,Pass,Pass,Pass,Pass,Pass,Pass,Pass,Pass,Pass,Pass,Pass,Skip,Pass,
03-03-2017,08:21:29,39.7,4,155900135653,PASS,Pass,Pass,Pass,Pass,Pass,Pass,Pass,Pass,Skip,Pass,Pass,Pass,Pass,Pass,Pass,Pass,Pass,Pass,Pass,Pass,Pass,Pass,Pass,Pass,Pass,Pass,Pass,Pass,Pass,Pass,Pass,Pass,Pass,Pass,Pass,Pass,Pass,Pass,Pass,Skip,Pass,
03-03-2017,08:21:45,41.2,6,155900135654,PASS,Pass,Pass,Pass,Pass,Pass,Pass,Pass,Pass,Skip,Pass,Pass,Pass,Pass,Pass,Pass,Pass,Pass,Pass,Pass,Pass,Pass,Pass,Pass,Pass,Pass,Pass,Pass,Pass,Pass,Pass,Pass,Pass,Pass,Pass,Pass,Pass,Pass,Pass,Pass,Skip,Pass,
03-03-2017,08:22:00,39.9,1,155900135655,PASS,Pass,Pass,Pass,Pass,Pass,Pass,Pass,Pass,Skip,Pass,Pass,Pass,Pass,Pass,Pass,Pass,Pass,Pass,Pass,Pass,Pass,Pass,Pass,Pass,Pass,Pass,Pass,Pass,Pass,Pass,Pass,Pass,Pass,Pass,Pass,Pass,Pass,Pass,Pass,Skip,Pass,
03-03-2017,08:23:44,39.9,1,155900135656,PASS,Pass,Pass,Pass,Pass,Pass,Pass,Pass,Pass,Skip,Pass,Pass,Pass,Pass,Pass,Pass,Pass,Pass,Pass,Pass,Pass,Pass,Pass,Pass,Pass,Pass,Pass,Pass,Pass,Pass,Pass,Pass,Pass,Pass,Pass,Pass,Pass,Pass,Pass,Pass,Skip,Pass,
03-03-2017,08:25:05,39.4,1,155900135661,PASS,Pass,Pass,Pass,Pass,Pass,Pass,Pass,Pass,Skip,Pass,Pass,Pass,Pass,Pass,Pass,Pass,Pass,Pass,Pass,Pass,Pass,Pass,Pass,Pass,Pass,Pass,Pass,Pass,Pass,Pass,Pass,Pass,Pass,Pass,Pass,Pass,Pass,Pass,Pass,Skip,Pass,
03-03-2017,08:26:32,39.3,1,155900135662,PASS,Pass,Pass,Pass,Pass,Pass,Pass,Pass,Pass,Skip,Pass,Pass,Pass,Pass,Pass,Pass,Pass,Pass,Pass,Pass,Pass,Pass,Pass,Pass,Pass,Pass,Pass,Pass,Pass,Pass,Pass,Pass,Pass,Pass,Pass,Pass,Pass,Pass,Pass,Pass,Skip,Pass,
03-03-2017,08:26:43,39.3,3,155900135663,PASS,Pass,Pass,Pass,Pass,Pass,Pass,Pass,Pass,Skip,Pass,Pass,Pass,Pass,Pass,Pass,Pass,Pass,Pass,Pass,Pass,Pass,Pass,Pass,Pass,Pass,Pass,Pass,Pass,Pass,Pass,Pass,Pass,Pass,Pass,Pass,Pass,Pass,Pass,Pass,Skip,Pass,
03-03-2017,08:28:24,39.2,1,155900135664,PASS,Pass,Pass,Pass,Pass,Pass,Pass,Pass,Pass,Skip,Pass,Pass,Pass,Pass,Pass,Pass,Pass,Pass,Pass,Pass,Pass,Pass,Pass,Pass,Pass,Pass,Pass,Pass,Pass,Pass,Pass,Pass,Pass,Pass,Pass,Pass,Pass,Pass,Pass,Pass,Skip,Pass,
03-03-2017,08:28:34,39.2,3,155900135665,PASS,Pass,Pass,Pass,Pass,Pass,Pass,Pass,Pass,Skip,Pass,Pass,Pass,Pass,Pass,Pass,Pass,Pass,Pass,Pass,Pass,Pass,Pass,Pass,Pass,Pass,Pass,Pass,Pass,Pass,Pass,Pass,Pass,Pass,Pass,Pass,Pass,Pass,Pass,Pass,Skip,Pass,
03-03-2017,08:28:48,41.0,5,155900135666,PASS,Pass,Pass,Pass,Pass,Pass,Pass,Pass,Pass,Skip,Pass,Pass,Pass,Pass,Pass,Pass,Pass,Pass,Pass,Pass,Pass,Pass,Pass,Pass,Pass,Pass,Pass,Pass,Pass,Pass,Pass,Pass,Pass,Pass,Pass,Pass,Pass,Pass,Pass,Pass,Skip,Pass,
03-03-2017,08:29:07,39.4,2,155900135671,PASS,Pass,Pass,Pass,Pass,Pass,Pass,Pass,Pass,Skip,Pass,Pass,Pass,Pass,Pass,Pass,Pass,Pass,Pass,Pass,Pass,Pass,Pass,Pass,Pass,Pass,Pass,Pass,Pass,Pass,Pass,Pass,Pass,Pass,Pass,Pass,Pass,Pass,Pass,Pass,Skip,Pass,
03-03-2017,08:29:28,40.6,4,155900135672,PASS,Pass,Pass,Pass,Pass,Pass,Pass,Pass,Pass,Skip,Pass,Pass,Pass,Pass,Pass,Pass,Pass,Pass,Pass,Pass,Pass,Pass,Pass,Pass,Pass,Pass,Pass,Pass,Pass,Pass,Pass,Pass,Pass,Pass,Pass,Pass,Pass,Pass,Pass,Pass,Skip,Pass,
03-03-2017,08:29:42,40.0,6,155900135673,PASS,Pass,Pass,Pass,Pass,Pass,Pass,Pass,Pass,Skip,Pass,Pass,Pass,Pass,Pass,Pass,Pass,Pass,Pass,Pass,Pass,Pass,Pass,Pass,Pass,Pass,Pass,Pass,Pass,Pass,Pass,Pass,Pass,Pass,Pass,Pass,Pass,Pass,Pass,Pass,Skip,Pass,
03-03-2017,08:29:57,39.4,1,155900135674,PASS,Pass,Pass,Pass,Pass,Pass,Pass,Pass,Pass,Skip,Pass,Pass,Pass,Pass,Pass,Pass,Pass,Pass,Pass,Pass,Pass,Pass,Pass,Pass,Pass,Pass,Pass,Pass,Pass,Pass,Pass,Pass,Pass,Pass,Pass,Pass,Pass,Pass,Pass,Pass,Skip,Pass,
03-03-2017,08:30:11,39.8,3,155900135675,PASS,Pass,Pass,Pass,Pass,Pass,Pass,Pass,Pass,Skip,Pass,Pass,Pass,Pass,Pass,Pass,Pass,Pass,Pass,Pass,Pass,Pass,Pass,Pass,Pass,Pass,Pass,Pass,Pass,Pass,Pass,Pass,Pass,Pass,Pass,Pass,Pass,Pass,Pass,Pass,Skip,Pass,
03-03-2017,08:30:27,40.0,5,155900135676,PASS,Pass,Pass,Pass,Pass,Pass,Pass,Pass,Pass,Skip,Pass,Pass,Pass,Pass,Pass,Pass,Pass,Pass,Pass,Pass,Pass,Pass,Pass,Pass,Pass,Pass,Pass,Pass,Pass,Pass,Pass,Pass,Pass,Pass,Pass,Pass,Pass,Pass,Pass,Pass,Skip,Pass,
03-03-2017,08:30:59,40.6,3,155900135681,PASS,Pass,Pass,Pass,Pass,Pass,Pass,Pass,Pass,Skip,Pass,Pass,Pass,Pass,Pass,Pass,Pass,Pass,Pass,Pass,Pass,Pass,Pass,Pass,Pass,Pass,Pass,Pass,Pass,Pass,Pass,Pass,Pass,Pass,Pass,Pass,Pass,Pass,Pass,Pass,Skip,Pass,
03-03-2017,08:31:13,39.8,1,155900135682,PASS,Pass,Pass,Pass,Pass,Pass,Pass,Pass,Pass,Skip,Pass,Pass,Pass,Pass,Pass,Pass,Pass,Pass,Pass,Pass,Pass,Pass,Pass,Pass,Pass,Pass,Pass,Pass,Pass,Pass,Pass,Pass,Pass,Pass,Pass,Pass,Pass,Pass,Pass,Pass,Skip,Pass,
03-03-2017,08:31:39,40.1,4,155900135683,PASS,Pass,Pass,Pass,Pass,Pass,Pass,Pass,Pass,Skip,Pass,Pass,Pass,Pass,Pass,Pass,Pass,Pass,Pass,Pass,Pass,Pass,Pass,Pass,Pass,Pass,Pass,Pass,Pass,Pass,Pass,Pass,Pass,Pass,Pass,Pass,Pass,Pass,Pass,Pass,Skip,Pass,
03-03-2017,08:31:53,39.1,2,155900135684,PASS,Pass,Pass,Pass,Pass,Pass,Pass,Pass,Pass,Skip,Pass,Pass,Pass,Pass,Pass,Pass,Pass,Pass,Pass,Pass,Pass,Pass,Pass,Pass,Pass,Pass,Pass,Pass,Pass,Pass,Pass,Pass,Pass,Pass,Pass,Pass,Pass,Pass,Pass,Pass,Skip,Pass,
03-03-2017,08:31:54,40.0,6,155900135685,PASS,Pass,Pass,Pass,Pass,Pass,Pass,Pass,Pass,Skip,Pass,Pass,Pass,Pass,Pass,Pass,Pass,Pass,Pass,Pass,Pass,Pass,Pass,Pass,Pass,Pass,Pass,Pass,Pass,Pass,Pass,Pass,Pass,Pass,Pass,Pass,Pass,Pass,Pass,Pass,Skip,Pass,
03-03-2017,08:32:20,40.6,3,155900135686,PASS,Pass,Pass,Pass,Pass,Pass,Pass,Pass,Pass,Skip,Pass,Pass,Pass,Pass,Pass,Pass,Pass,Pass,Pass,Pass,Pass,Pass,Pass,Pass,Pass,Pass,Pass,Pass,Pass,Pass,Pass,Pass,Pass,Pass,Pass,Pass,Pass,Pass,Pass,Pass,Skip,Pass,
03-03-2017,08:35:52,50.2,1,156180008021,PASS,Pass,Pass,Pass,Pass,Pass,Pass,Pass,Pass,Skip,Pass,Pass,Pass,Pass,Pass,Pass,Pass,Pass,Pass,Pass,Pass,Pass,Pass,Pass,Pass,Pass,Pass,Pass,Pass,Pass,Pass,Pass,Pass,Pass,Pass,Pass,Pass,Pass,Pass,Pass,Skip,Pass,
03-03-2017,08:36:06,50.2,3,156180008022,PASS,Pass,Pass,Pass,Pass,Pass,Pass,Pass,Pass,Skip,Pass,Pass,Pass,Pass,Pass,Pass,Pass,Pass,Pass,Pass,Pass,Pass,Pass,Pass,Pass,Pass,Pass,Pass,Pass,Pass,Pass,Pass,Pass,Pass,Pass,Pass,Pass,Pass,Pass,Pass,Skip,Pass,
03-03-2017,08:36:20,48.0,5,156180008023,PASS,Pass,Pass,Pass,Pass,Pass,Pass,Pass,Pass,Skip,Pass,Pass,Pass,Pass,Pass,Pass,Pass,Pass,Pass,Pass,Pass,Pass,Pass,Pass,Pass,Pass,Pass,Pass,Pass,Pass,Pass,Pass,Pass,Pass,Pass,Pass,Pass,Pass,Pass,Pass,Skip,Pass,
03-03-2017,08:36:41,48.8,2,156180008025,PASS,Pass,Pass,Pass,Pass,Pass,Pass,Pass,Pass,Skip,Pass,Pass,Pass,Pass,Pass,Pass,Pass,Pass,Pass,Pass,Pass,Pass,Pass,Pass,Pass,Pass,Pass,Pass,Pass,Pass,Pass,Pass,Pass,Pass,Pass,Pass,Pass,Pass,Pass,Pass,Skip,Pass,
03-03-2017,08:37:06,49.2,4,156180008026,PASS,Pass,Pass,Pass,Pass,Pass,Pass,Pass,Pass,Skip,Pass,Pass,Pass,Pass,Pass,Pass,Pass,Pass,Pass,Pass,Pass,Pass,Pass,Pass,Pass,Pass,Pass,Pass,Pass,Pass,Pass,Pass,Pass,Pass,Pass,Pass,Pass,Pass,Pass,Pass,Skip,Pass,
03-03-2017,08:43:56,49.7,1,156180008031,PASS,Pass,Pass,Pass,Pass,Pass,Pass,Pass,Pass,Skip,Pass,Pass,Pass,Pass,Pass,Pass,Pass,Pass,Pass,Pass,Pass,Pass,Pass,Pass,Pass,Pass,Pass,Pass,Pass,Pass,Pass,Pass,Pass,Pass,Pass,Pass,Pass,Pass,Pass,Pass,Skip,Pass,
03-03-2017,08:44:25,48.8,5,156180008033,PASS,Pass,Pass,Pass,Pass,Pass,Pass,Pass,Pass,Skip,Pass,Pass,Pass,Pass,Pass,Pass,Pass,Pass,Pass,Pass,Pass,Pass,Pass,Pass,Pass,Pass,Pass,Pass,Pass,Pass,Pass,Pass,Pass,Pass,Pass,Pass,Pass,Pass,Pass,Pass,Skip,Pass,
03-03-2017,08:44:26,65.4,3,156180008032,PASS,Pass,Pass,Pass,Pass,Pass,Pass,Pass,Pass,Skip,Pass,Pass,Pass,Pass,Pass,Pass,Pass,Pass,Pass,Pass,Pass,Pass,Pass,Pass,Pass,Pass,Pass,Pass,Pass,Pass,Pass,Pass,Pass,Pass,Pass,Pass,Pass,Pass,Pass,Pass,Skip,Pass,
03-03-2017,08:44:47,50.3,2,156180008034,PASS,Pass,Pass,Pass,Pass,Pass,Pass,Pass,Pass,Skip,Pass,Pass,Pass,Pass,Pass,Pass,Pass,Pass,Pass,Pass,Pass,Pass,Pass,Pass,Pass,Pass,Pass,Pass,Pass,Pass,Pass,Pass,Pass,Pass,Pass,Pass,Pass,Pass,Pass,Pass,Skip,Pass,
03-03-2017,08:45:16,50.1,4,156180008035,PASS,Pass,Pass,Pass,Pass,Pass,Pass,Pass,Pass,Skip,Pass,Pass,Pass,Pass,Pass,Pass,Pass,Pass,Pass,Pass,Pass,Pass,Pass,Pass,Pass,Pass,Pass,Pass,Pass,Pass,Pass,Pass,Pass,Pass,Pass,Pass,Pass,Pass,Pass,Pass,Skip,Pass,
03-03-2017,08:45:54,49.6,1,156180008036,PASS,Pass,Pass,Pass,Pass,Pass,Pass,Pass,Pass,Skip,Pass,Pass,Pass,Pass,Pass,Pass,Pass,Pass,Pass,Pass,Pass,Pass,Pass,Pass,Pass,Pass,Pass,Pass,Pass,Pass,Pass,Pass,Pass,Pass,Pass,Pass,Pass,Pass,Pass,Pass,Skip,Pass,
03-03-2017,08:46:06,49.7,3,156180007591,PASS,Pass,Pass,Pass,Pass,Pass,Pass,Pass,Pass,Skip,Pass,Pass,Pass,Pass,Pass,Pass,Pass,Pass,Pass,Pass,Pass,Pass,Pass,Pass,Pass,Pass,Pass,Pass,Pass,Pass,Pass,Pass,Pass,Pass,Pass,Pass,Pass,Pass,Pass,Pass,Skip,Pass,
03-03-2017,08:46:19,47.8,5,156180007593,PASS,Pass,Pass,Pass,Pass,Pass,Pass,Pass,Pass,Skip,Pass,Pass,Pass,Pass,Pass,Pass,Pass,Pass,Pass,Pass,Pass,Pass,Pass,Pass,Pass,Pass,Pass,Pass,Pass,Pass,Pass,Pass,Pass,Pass,Pass,Pass,Pass,Pass,Pass,Pass,Skip,Pass,
03-03-2017,08:46:44,50.2,2,156180007595,PASS,Pass,Pass,Pass,Pass,Pass,Pass,Pass,Pass,Skip,Pass,Pass,Pass,Pass,Pass,Pass,Pass,Pass,Pass,Pass,Pass,Pass,Pass,Pass,Pass,Pass,Pass,Pass,Pass,Pass,Pass,Pass,Pass,Pass,Pass,Pass,Pass,Pass,Pass,Pass,Skip,Pass,
03-03-2017,08:46:56,49.7,4,156180007596,PASS,Pass,Pass,Pass,Pass,Pass,Pass,Pass,Pass,Skip,Pass,Pass,Pass,Pass,Pass,Pass,Pass,Pass,Pass,Pass,Pass,Pass,Pass,Pass,Pass,Pass,Pass,Pass,Pass,Pass,Pass,Pass,Pass,Pass,Pass,Pass,Pass,Pass,Pass,Pass,Skip,Pass,
03-03-2017,08:47:07,48.4,6,156180007481,PASS,Pass,Pass,Pass,Pass,Pass,Pass,Pass,Pass,Skip,Pass,Pass,Pass,Pass,Pass,Pass,Pass,Pass,Pass,Pass,Pass,Pass,Pass,Pass,Pass,Pass,Pass,Pass,Pass,Pass,Pass,Pass,Pass,Pass,Pass,Pass,Pass,Pass,Pass,Pass,Skip,Pass,
03-03-2017,08:49:04,49.7,1,156180007482,PASS,Pass,Pass,Pass,Pass,Pass,Pass,Pass,Pass,Skip,Pass,Pass,Pass,Pass,Pass,Pass,Pass,Pass,Pass,Pass,Pass,Pass,Pass,Pass,Pass,Pass,Pass,Pass,Pass,Pass,Pass,Pass,Pass,Pass,Pass,Pass,Pass,Pass,Pass,Pass,Skip,Pass,
03-03-2017,08:49:16,48.7,3,156180007483,PASS,Pass,Pass,Pass,Pass,Pass,Pass,Pass,Pass,Skip,Pass,Pass,Pass,Pass,Pass,Pass,Pass,Pass,Pass,Pass,Pass,Pass,Pass,Pass,Pass,Pass,Pass,Pass,Pass,Pass,Pass,Pass,Pass,Pass,Pass,Pass,Pass,Pass,Pass,Pass,Skip,Pass,
03-03-2017,08:49:33,49.7,5,156180007484,PASS,Pass,Pass,Pass,Pass,Pass,Pass,Pass,Pass,Skip,Pass,Pass,Pass,Pass,Pass,Pass,Pass,Pass,Pass,Pass,Pass,Pass,Pass,Pass,Pass,Pass,Pass,Pass,Pass,Pass,Pass,Pass,Pass,Pass,Pass,Pass,Pass,Pass,Pass,Pass,Skip,Pass,
03-03-2017,08:49:53,48.7,2,156180007486,PASS,Pass,Pass,Pass,Pass,Pass,Pass,Pass,Pass,Skip,Pass,Pass,Pass,Pass,Pass,Pass,Pass,Pass,Pass,Pass,Pass,Pass,Pass,Pass,Pass,Pass,Pass,Pass,Pass,Pass,Pass,Pass,Pass,Pass,Pass,Pass,Pass,Pass,Pass,Pass,Skip,Pass,
03-03-2017,08:50:05,49.0,4,156180007871,PASS,Pass,Pass,Pass,Pass,Pass,Pass,Pass,Pass,Skip,Pass,Pass,Pass,Pass,Pass,Pass,Pass,Pass,Pass,Pass,Pass,Pass,Pass,Pass,Pass,Pass,Pass,Pass,Pass,Pass,Pass,Pass,Pass,Pass,Pass,Pass,Pass,Pass,Pass,Pass,Skip,Pass,
03-03-2017,08:50:22,49.5,6,156180007872,PASS,Pass,Pass,Pass,Pass,Pass,Pass,Pass,Pass,Skip,Pass,Pass,Pass,Pass,Pass,Pass,Pass,Pass,Pass,Pass,Pass,Pass,Pass,Pass,Pass,Pass,Pass,Pass,Pass,Pass,Pass,Pass,Pass,Pass,Pass,Pass,Pass,Pass,Pass,Pass,Skip,Pass,
03-03-2017,08:50:41,48.2,1,156180007874,PASS,Pass,Pass,Pass,Pass,Pass,Pass,Pass,Pass,Skip,Pass,Pass,Pass,Pass,Pass,Pass,Pass,Pass,Pass,Pass,Pass,Pass,Pass,Pass,Pass,Pass,Pass,Pass,Pass,Pass,Pass,Pass,Pass,Pass,Pass,Pass,Pass,Pass,Pass,Pass,Skip,Pass,
03-03-2017,08:50:55,49.8,3,156180007875,PASS,Pass,Pass,Pass,Pass,Pass,Pass,Pass,Pass,Skip,Pass,Pass,Pass,Pass,Pass,Pass,Pass,Pass,Pass,Pass,Pass,Pass,Pass,Pass,Pass,Pass,Pass,Pass,Pass,Pass,Pass,Pass,Pass,Pass,Pass,Pass,Pass,Pass,Pass,Pass,Skip,Pass,
03-03-2017,08:51:11,48.3,5,156180007876,PASS,Pass,Pass,Pass,Pass,Pass,Pass,Pass,Pass,Skip,Pass,Pass,Pass,Pass,Pass,Pass,Pass,Pass,Pass,Pass,Pass,Pass,Pass,Pass,Pass,Pass,Pass,Pass,Pass,Pass,Pass,Pass,Pass,Pass,Pass,Pass,Pass,Pass,Pass,Pass,Skip,Pass,
03-03-2017,08:51:27,45.4,2,156180008051,PASS,Pass,Pass,Pass,Pass,Pass,Pass,Pass,Pass,Skip,Pass,Pass,Pass,Pass,Pass,Pass,Pass,Pass,Pass,Pass,Pass,Pass,Pass,Pass,Pass,Pass,Pass,Pass,Pass,Pass,Pass,Pass,Pass,Pass,Pass,Pass,Pass,Pass,Pass,Pass,Skip,Pass,
03-03-2017,08:51:36,40.9,4,156180008052,PASS,Pass,Pass,Pass,Pass,Pass,Pass,Pass,Pass,Skip,Pass,Pass,Pass,Pass,Pass,Pass,Pass,Pass,Pass,Pass,Pass,Pass,Pass,Pass,Pass,Pass,Pass,Pass,Pass,Pass,Pass,Pass,Pass,Pass,Pass,Pass,Pass,Pass,Pass,Pass,Skip,Pass,
03-03-2017,08:51:51,39.8,6,156180008053,PASS,Pass,Pass,Pass,Pass,Pass,Pass,Pass,Pass,Skip,Pass,Pass,Pass,Pass,Pass,Pass,Pass,Pass,Pass,Pass,Pass,Pass,Pass,Pass,Pass,Pass,Pass,Pass,Pass,Pass,Pass,Pass,Pass,Pass,Pass,Pass,Pass,Pass,Pass,Pass,Skip,Pass,
03-03-2017,09:28:11,41.3,1,156180008054,PASS,Pass,Pass,Pass,Pass,Pass,Pass,Pass,Pass,Skip,Pass,Pass,Pass,Pass,Pass,Pass,Pass,Pass,Pass,Pass,Pass,Pass,Pass,Pass,Pass,Pass,Pass,Pass,Pass,Pass,Pass,Pass,Pass,Pass,Pass,Pass,Pass,Pass,Pass,Pass,Skip,Pass,
03-03-2017,09:28:41,41.3,3,156180008055,PASS,Pass,Pass,Pass,Pass,Pass,Pass,Pass,Pass,Skip,Pass,Pass,Pass,Pass,Pass,Pass,Pass,Pass,Pass,Pass,Pass,Pass,Pass,Pass,Pass,Pass,Pass,Pass,Pass,Pass,Pass,Pass,Pass,Pass,Pass,Pass,Pass,Pass,Pass,Pass,Skip,Pass,
03-03-2017,09:32:38,40.2,1,156180008056,PASS,Pass,Pass,Pass,Pass,Pass,Pass,Pass,Pass,Skip,Pass,Pass,Pass,Pass,Pass,Pass,Pass,Pass,Pass,Pass,Pass,Pass,Pass,Pass,Pass,Pass,Pass,Pass,Pass,Pass,Pass,Pass,Pass,Pass,Pass,Pass,Pass,Pass,Pass,Pass,Skip,Pass,
03-03-2017,09:32:52,40.8,3,156180008041,PASS,Pass,Pass,Pass,Pass,Pass,Pass,Pass,Pass,Skip,Pass,Pass,Pass,Pass,Pass,Pass,Pass,Pass,Pass,Pass,Pass,Pass,Pass,Pass,Pass,Pass,Pass,Pass,Pass,Pass,Pass,Pass,Pass,Pass,Pass,Pass,Pass,Pass,Pass,Pass,Skip,Pass,
03-03-2017,09:33:11,40.4,5,156180008042,PASS,Pass,Pass,Pass,Pass,Pass,Pass,Pass,Pass,Skip,Pass,Pass,Pass,Pass,Pass,Pass,Pass,Pass,Pass,Pass,Pass,Pass,Pass,Pass,Pass,Pass,Pass,Pass,Pass,Pass,Pass,Pass,Pass,Pass,Pass,Pass,Pass,Pass,Pass,Pass,Skip,Pass,
03-03-2017,09:34:12,40.1,1,156180008043,PASS,Pass,Pass,Pass,Pass,Pass,Pass,Pass,Pass,Skip,Pass,Pass,Pass,Pass,Pass,Pass,Pass,Pass,Pass,Pass,Pass,Pass,Pass,Pass,Pass,Pass,Pass,Pass,Pass,Pass,Pass,Pass,Pass,Pass,Pass,Pass,Pass,Pass,Pass,Pass,Skip,Pass,
03-03-2017,09:34:26,40.0,3,156180008044,PASS,Pass,Pass,Pass,Pass,Pass,Pass,Pass,Pass,Skip,Pass,Pass,Pass,Pass,Pass,Pass,Pass,Pass,Pass,Pass,Pass,Pass,Pass,Pass,Pass,Pass,Pass,Pass,Pass,Pass,Pass,Pass,Pass,Pass,Pass,Pass,Pass,Pass,Pass,Pass,Skip,Pass,
03-03-2017,09:34:42,39.5,5,156180008045,PASS,Pass,Pass,Pass,Pass,Pass,Pass,Pass,Pass,Skip,Pass,Pass,Pass,Pass,Pass,Pass,Pass,Pass,Pass,Pass,Pass,Pass,Pass,Pass,Pass,Pass,Pass,Pass,Pass,Pass,Pass,Pass,Pass,Pass,Pass,Pass,Pass,Pass,Pass,Pass,Skip,Pass,
03-03-2017,09:34:58,39.3,1,156180008046,PASS,Pass,Pass,Pass,Pass,Pass,Pass,Pass,Pass,Skip,Pass,Pass,Pass,Pass,Pass,Pass,Pass,Pass,Pass,Pass,Pass,Pass,Pass,Pass,Pass,Pass,Pass,Pass,Pass,Pass,Pass,Pass,Pass,Pass,Pass,Pass,Pass,Pass,Pass,Pass,Skip,Pass,
03-03-2017,09:35:17,40.8,3,156180008061,PASS,Pass,Pass,Pass,Pass,Pass,Pass,Pass,Pass,Skip,Pass,Pass,Pass,Pass,Pass,Pass,Pass,Pass,Pass,Pass,Pass,Pass,Pass,Pass,Pass,Pass,Pass,Pass,Pass,Pass,Pass,Pass,Pass,Pass,Pass,Pass,Pass,Pass,Pass,Pass,Skip,Pass,
03-03-2017,09:36:17,39.6,1,156180008062,PASS,Pass,Pass,Pass,Pass,Pass,Pass,Pass,Pass,Skip,Pass,Pass,Pass,Pass,Pass,Pass,Pass,Pass,Pass,Pass,Pass,Pass,Pass,Pass,Pass,Pass,Pass,Pass,Pass,Pass,Pass,Pass,Pass,Pass,Pass,Pass,Pass,Pass,Pass,Pass,Skip,Pass,
03-03-2017,09:36:41,39.6,3,156180008063,PASS,Pass,Pass,Pass,Pass,Pass,Pass,Pass,Pass,Skip,Pass,Pass,Pass,Pass,Pass,Pass,Pass,Pass,Pass,Pass,Pass,Pass,Pass,Pass,Pass,Pass,Pass,Pass,Pass,Pass,Pass,Pass,Pass,Pass,Pass,Pass,Pass,Pass,Pass,Pass,Skip,Pass,
03-03-2017,09:36:56,39.7,5,156180008064,PASS,Pass,Pass,Pass,Pass,Pass,Pass,Pass,Pass,Skip,Pass,Pass,Pass,Pass,Pass,Pass,Pass,Pass,Pass,Pass,Pass,Pass,Pass,Pass,Pass,Pass,Pass,Pass,Pass,Pass,Pass,Pass,Pass,Pass,Pass,Pass,Pass,Pass,Pass,Pass,Skip,Pass,
03-03-2017,09:37:16,39.5,1,156180008065,PASS,Pass,Pass,Pass,Pass,Pass,Pass,Pass,Pass,Skip,Pass,Pass,Pass,Pass,Pass,Pass,Pass,Pass,Pass,Pass,Pass,Pass,Pass,Pass,Pass,Pass,Pass,Pass,Pass,Pass,Pass,Pass,Pass,Pass,Pass,Pass,Pass,Pass,Pass,Pass,Skip,Pass,
03-03-2017,09:37:32,39.6,3,156180008066,PASS,Pass,Pass,Pass,Pass,Pass,Pass,Pass,Pass,Skip,Pass,Pass,Pass,Pass,Pass,Pass,Pass,Pass,Pass,Pass,Pass,Pass,Pass,Pass,Pass,Pass,Pass,Pass,Pass,Pass,Pass,Pass,Pass,Pass,Pass,Pass,Pass,Pass,Pass,Pass,Skip,Pass,
03-03-2017,09:37:46,39.5,5,156180008071,PASS,Pass,Pass,Pass,Pass,Pass,Pass,Pass,Pass,Skip,Pass,Pass,Pass,Pass,Pass,Pass,Pass,Pass,Pass,Pass,Pass,Pass,Pass,Pass,Pass,Pass,Pass,Pass,Pass,Pass,Pass,Pass,Pass,Pass,Pass,Pass,Pass,Pass,Pass,Pass,Skip,Pass,
03-03-2017,09:38:00,39.7,2,156180008072,PASS,Pass,Pass,Pass,Pass,Pass,Pass,Pass,Pass,Skip,Pass,Pass,Pass,Pass,Pass,Pass,Pass,Pass,Pass,Pass,Pass,Pass,Pass,Pass,Pass,Pass,Pass,Pass,Pass,Pass,Pass,Pass,Pass,Pass,Pass,Pass,Pass,Pass,Pass,Pass,Skip,Pass,
03-03-2017,09:38:30,39.8,4,156180008074,PASS,Pass,Pass,Pass,Pass,Pass,Pass,Pass,Pass,Skip,Pass,Pass,Pass,Pass,Pass,Pass,Pass,Pass,Pass,Pass,Pass,Pass,Pass,Pass,Pass,Pass,Pass,Pass,Pass,Pass,Pass,Pass,Pass,Pass,Pass,Pass,Pass,Pass,Pass,Pass,Skip,Pass,
03-03-2017,09:38:40,40.3,1,156180008073,PASS,Pass,Pass,Pass,Pass,Pass,Pass,Pass,Pass,Skip,Pass,Pass,Pass,Pass,Pass,Pass,Pass,Pass,Pass,Pass,Pass,Pass,Pass,Pass,Pass,Pass,Pass,Pass,Pass,Pass,Pass,Pass,Pass,Pass,Pass,Pass,Pass,Pass,Pass,Pass,Skip,Pass,
03-03-2017,09:38:48,38.9,6,156180008075,PASS,Pass,Pass,Pass,Pass,Pass,Pass,Pass,Pass,Skip,Pass,Pass,Pass,Pass,Pass,Pass,Pass,Pass,Pass,Pass,Pass,Pass,Pass,Pass,Pass,Pass,Pass,Pass,Pass,Pass,Pass,Pass,Pass,Pass,Pass,Pass,Pass,Pass,Pass,Pass,Skip,Pass,
03-03-2017,09:39:09,39.0,3,156180008076,PASS,Pass,Pass,Pass,Pass,Pass,Pass,Pass,Pass,Skip,Pass,Pass,Pass,Pass,Pass,Pass,Pass,Pass,Pass,Pass,Pass,Pass,Pass,Pass,Pass,Pass,Pass,Pass,Pass,Pass,Pass,Pass,Pass,Pass,Pass,Pass,Pass,Pass,Pass,Pass,Skip,Pass,
03-03-2017,09:39:27,38.7,5,156180008101,PASS,Pass,Pass,Pass,Pass,Pass,Pass,Pass,Pass,Skip,Pass,Pass,Pass,Pass,Pass,Pass,Pass,Pass,Pass,Pass,Pass,Pass,Pass,Pass,Pass,Pass,Pass,Pass,Pass,Pass,Pass,Pass,Pass,Pass,Pass,Pass,Pass,Pass,Pass,Pass,Skip,Pass,
03-03-2017,09:39:35,40.2,2,156180008102,PASS,Pass,Pass,Pass,Pass,Pass,Pass,Pass,Pass,Skip,Pass,Pass,Pass,Pass,Pass,Pass,Pass,Pass,Pass,Pass,Pass,Pass,Pass,Pass,Pass,Pass,Pass,Pass,Pass,Pass,Pass,Pass,Pass,Pass,Pass,Pass,Pass,Pass,Pass,Pass,Skip,Pass,
03-03-2017,09:39:49,39.4,4,156180008103,PASS,Pass,Pass,Pass,Pass,Pass,Pass,Pass,Pass,Skip,Pass,Pass,Pass,Pass,Pass,Pass,Pass,Pass,Pass,Pass,Pass,Pass,Pass,Pass,Pass,Pass,Pass,Pass,Pass,Pass,Pass,Pass,Pass,Pass,Pass,Pass,Pass,Pass,Pass,Pass,Skip,Pass,
03-03-2017,09:40:15,39.5,1,156180008104,PASS,Pass,Pass,Pass,Pass,Pass,Pass,Pass,Pass,Skip,Pass,Pass,Pass,Pass,Pass,Pass,Pass,Pass,Pass,Pass,Pass,Pass,Pass,Pass,Pass,Pass,Pass,Pass,Pass,Pass,Pass,Pass,Pass,Pass,Pass,Pass,Pass,Pass,Pass,Pass,Skip,Pass,
03-03-2017,09:40:28,38.9,3,156180008105,PASS,Pass,Pass,Pass,Pass,Pass,Pass,Pass,Pass,Skip,Pass,Pass,Pass,Pass,Pass,Pass,Pass,Pass,Pass,Pass,Pass,Pass,Pass,Pass,Pass,Pass,Pass,Pass,Pass,Pass,Pass,Pass,Pass,Pass,Pass,Pass,Pass,Pass,Pass,Pass,Skip,Pass,
03-03-2017,09:40:34,42.7,6,156180008106,PASS,Pass,Pass,Pass,Pass,Pass,Pass,Pass,Pass,Skip,Pass,Pass,Pass,Pass,Pass,Pass,Pass,Pass,Pass,Pass,Pass,Pass,Pass,Pass,Pass,Pass,Pass,Pass,Pass,Pass,Pass,Pass,Pass,Pass,Pass,Pass,Pass,Pass,Pass,Pass,Skip,Pass,
03-03-2017,09:40:55,40.1,2,156180008161,PASS,Pass,Pass,Pass,Pass,Pass,Pass,Pass,Pass,Skip,Pass,Pass,Pass,Pass,Pass,Pass,Pass,Pass,Pass,Pass,Pass,Pass,Pass,Pass,Pass,Pass,Pass,Pass,Pass,Pass,Pass,Pass,Pass,Pass,Pass,Pass,Pass,Pass,Pass,Pass,Skip,Pass,
03-03-2017,09:41:14,39.5,5,156180008162,PASS,Pass,Pass,Pass,Pass,Pass,Pass,Pass,Pass,Skip,Pass,Pass,Pass,Pass,Pass,Pass,Pass,Pass,Pass,Pass,Pass,Pass,Pass,Pass,Pass,Pass,Pass,Pass,Pass,Pass,Pass,Pass,Pass,Pass,Pass,Pass,Pass,Pass,Pass,Pass,Skip,Pass,
03-03-2017,09:41:34,39.5,1,156180008163,PASS,Pass,Pass,Pass,Pass,Pass,Pass,Pass,Pass,Skip,Pass,Pass,Pass,Pass,Pass,Pass,Pass,Pass,Pass,Pass,Pass,Pass,Pass,Pass,Pass,Pass,Pass,Pass,Pass,Pass,Pass,Pass,Pass,Pass,Pass,Pass,Pass,Pass,Pass,Pass,Skip,Pass,
03-03-2017,09:41:53,38.9,3,156180008164,PASS,Pass,Pass,Pass,Pass,Pass,Pass,Pass,Pass,Skip,Pass,Pass,Pass,Pass,Pass,Pass,Pass,Pass,Pass,Pass,Pass,Pass,Pass,Pass,Pass,Pass,Pass,Pass,Pass,Pass,Pass,Pass,Pass,Pass,Pass,Pass,Pass,Pass,Pass,Pass,Skip,Pass,
03-03-2017,09:42:33,39.5,4,156180008165,PASS,Pass,Pass,Pass,Pass,Pass,Pass,Pass,Pass,Skip,Pass,Pass,Pass,Pass,Pass,Pass,Pass,Pass,Pass,Pass,Pass,Pass,Pass,Pass,Pass,Pass,Pass,Pass,Pass,Pass,Pass,Pass,Pass,Pass,Pass,Pass,Pass,Pass,Pass,Pass,Skip,Pass,
03-03-2017,09:52:47,38.8,1,156180008166,PASS,Pass,Pass,Pass,Pass,Pass,Pass,Pass,Pass,Skip,Pass,Pass,Pass,Pass,Pass,Pass,Pass,Pass,Pass,Pass,Pass,Pass,Pass,Pass,Pass,Pass,Pass,Pass,Pass,Pass,Pass,Pass,Pass,Pass,Pass,Pass,Pass,Pass,Pass,Pass,Skip,Pass,
03-03-2017,09:53:10,40.4,3,156180008171,PASS,Pass,Pass,Pass,Pass,Pass,Pass,Pass,Pass,Skip,Pass,Pass,Pass,Pass,Pass,Pass,Pass,Pass,Pass,Pass,Pass,Pass,Pass,Pass,Pass,Pass,Pass,Pass,Pass,Pass,Pass,Pass,Pass,Pass,Pass,Pass,Pass,Pass,Pass,Pass,Skip,Pass,
03-03-2017,09:53:26,39.1,5,156180008172,PASS,Pass,Pass,Pass,Pass,Pass,Pass,Pass,Pass,Skip,Pass,Pass,Pass,Pass,Pass,Pass,Pass,Pass,Pass,Pass,Pass,Pass,Pass,Pass,Pass,Pass,Pass,Pass,Pass,Pass,Pass,Pass,Pass,Pass,Pass,Pass,Pass,Pass,Pass,Pass,Skip,Pass,
03-03-2017,09:53:43,39.4,1,156180008173,PASS,Pass,Pass,Pass,Pass,Pass,Pass,Pass,Pass,Skip,Pass,Pass,Pass,Pass,Pass,Pass,Pass,Pass,Pass,Pass,Pass,Pass,Pass,Pass,Pass,Pass,Pass,Pass,Pass,Pass,Pass,Pass,Pass,Pass,Pass,Pass,Pass,Pass,Pass,Pass,Skip,Pass,
03-03-2017,09:54:05,39.5,3,156180008174,PASS,Pass,Pass,Pass,Pass,Pass,Pass,Pass,Pass,Skip,Pass,Pass,Pass,Pass,Pass,Pass,Pass,Pass,Pass,Pass,Pass,Pass,Pass,Pass,Pass,Pass,Pass,Pass,Pass,Pass,Pass,Pass,Pass,Pass,Pass,Pass,Pass,Pass,Pass,Pass,Skip,Pass,
03-03-2017,09:54:19,40.2,5,156180008175,PASS,Pass,Pass,Pass,Pass,Pass,Pass,Pass,Pass,Skip,Pass,Pass,Pass,Pass,Pass,Pass,Pass,Pass,Pass,Pass,Pass,Pass,Pass,Pass,Pass,Pass,Pass,Pass,Pass,Pass,Pass,Pass,Pass,Pass,Pass,Pass,Pass,Pass,Pass,Pass,Skip,Pass,
03-03-2017,09:54:54,38.9,1,156180008176,PASS,Pass,Pass,Pass,Pass,Pass,Pass,Pass,Pass,Skip,Pass,Pass,Pass,Pass,Pass,Pass,Pass,Pass,Pass,Pass,Pass,Pass,Pass,Pass,Pass,Pass,Pass,Pass,Pass,Pass,Pass,Pass,Pass,Pass,Pass,Pass,Pass,Pass,Pass,Pass,Skip,Pass,
03-03-2017,09:55:09,39.4,3,156180008191,PASS,Pass,Pass,Pass,Pass,Pass,Pass,Pass,Pass,Skip,Pass,Pass,Pass,Pass,Pass,Pass,Pass,Pass,Pass,Pass,Pass,Pass,Pass,Pass,Pass,Pass,Pass,Pass,Pass,Pass,Pass,Pass,Pass,Pass,Pass,Pass,Pass,Pass,Pass,Pass,Skip,Pass,
03-03-2017,09:55:28,42.4,5,156180008192,PASS,Pass,Pass,Pass,Pass,Pass,Pass,Pass,Pass,Skip,Pass,Pass,Pass,Pass,Pass,Pass,Pass,Pass,Pass,Pass,Pass,Pass,Pass,Pass,Pass,Pass,Pass,Pass,Pass,Pass,Pass,Pass,Pass,Pass,Pass,Pass,Pass,Pass,Pass,Pass,Skip,Pass,
03-03-2017,09:55:40,39.1,2,156180008193,PASS,Pass,Pass,Pass,Pass,Pass,Pass,Pass,Pass,Skip,Pass,Pass,Pass,Pass,Pass,Pass,Pass,Pass,Pass,Pass,Pass,Pass,Pass,Pass,Pass,Pass,Pass,Pass,Pass,Pass,Pass,Pass,Pass,Pass,Pass,Pass,Pass,Pass,Pass,Pass,Skip,Pass,
03-03-2017,09:55:54,39.0,4,156180008194,PASS,Pass,Pass,Pass,Pass,Pass,Pass,Pass,Pass,Skip,Pass,Pass,Pass,Pass,Pass,Pass,Pass,Pass,Pass,Pass,Pass,Pass,Pass,Pass,Pass,Pass,Pass,Pass,Pass,Pass,Pass,Pass,Pass,Pass,Pass,Pass,Pass,Pass,Pass,Pass,Skip,Pass,
03-03-2017,09:56:19,38.9,1,156180008195,PASS,Pass,Pass,Pass,Pass,Pass,Pass,Pass,Pass,Skip,Pass,Pass,Pass,Pass,Pass,Pass,Pass,Pass,Pass,Pass,Pass,Pass,Pass,Pass,Pass,Pass,Pass,Pass,Pass,Pass,Pass,Pass,Pass,Pass,Pass,Pass,Pass,Pass,Pass,Pass,Skip,Pass,
03-03-2017,09:56:27,39.7,6,156180008196,PASS,Pass,Pass,Pass,Pass,Pass,Pass,Pass,Pass,Skip,Pass,Pass,Pass,Pass,Pass,Pass,Pass,Pass,Pass,Pass,Pass,Pass,Pass,Pass,Pass,Pass,Pass,Pass,Pass,Pass,Pass,Pass,Pass,Pass,Pass,Pass,Pass,Pass,Pass,Pass,Skip,Pass,
03-03-2017,09:56:45,38.8,3,156180008201,PASS,Pass,Pass,Pass,Pass,Pass,Pass,Pass,Pass,Skip,Pass,Pass,Pass,Pass,Pass,Pass,Pass,Pass,Pass,Pass,Pass,Pass,Pass,Pass,Pass,Pass,Pass,Pass,Pass,Pass,Pass,Pass,Pass,Pass,Pass,Pass,Pass,Pass,Pass,Pass,Skip,Pass,
03-03-2017,09:57:08,40.2,5,156180008202,PASS,Pass,Pass,Pass,Pass,Pass,Pass,Pass,Pass,Skip,Pass,Pass,Pass,Pass,Pass,Pass,Pass,Pass,Pass,Pass,Pass,Pass,Pass,Pass,Pass,Pass,Pass,Pass,Pass,Pass,Pass,Pass,Pass,Pass,Pass,Pass,Pass,Pass,Pass,Pass,Skip,Pass,
03-03-2017,09:57:17,39.8,2,156180008203,PASS,Pass,Pass,Pass,Pass,Pass,Pass,Pass,Pass,Skip,Pass,Pass,Pass,Pass,Pass,Pass,Pass,Pass,Pass,Pass,Pass,Pass,Pass,Pass,Pass,Pass,Pass,Pass,Pass,Pass,Pass,Pass,Pass,Pass,Pass,Pass,Pass,Pass,Pass,Pass,Skip,Pass,
03-03-2017,09:57:51,40.3,4,156180008205,PASS,Pass,Pass,Pass,Pass,Pass,Pass,Pass,Pass,Skip,Pass,Pass,Pass,Pass,Pass,Pass,Pass,Pass,Pass,Pass,Pass,Pass,Pass,Pass,Pass,Pass,Pass,Pass,Pass,Pass,Pass,Pass,Pass,Pass,Pass,Pass,Pass,Pass,Pass,Pass,Skip,Pass,
03-03-2017,09:57:57,39.4,1,156180008204,PASS,Pass,Pass,Pass,Pass,Pass,Pass,Pass,Pass,Skip,Pass,Pass,Pass,Pass,Pass,Pass,Pass,Pass,Pass,Pass,Pass,Pass,Pass,Pass,Pass,Pass,Pass,Pass,Pass,Pass,Pass,Pass,Pass,Pass,Pass,Pass,Pass,Pass,Pass,Pass,Skip,Pass,
03-03-2017,09:58:07,41.3,6,156180008206,PASS,Pass,Pass,Pass,Pass,Pass,Pass,Pass,Pass,Skip,Pass,Pass,Pass,Pass,Pass,Pass,Pass,Pass,Pass,Pass,Pass,Pass,Pass,Pass,Pass,Pass,Pass,Pass,Pass,Pass,Pass,Pass,Pass,Pass,Pass,Pass,Pass,Pass,Pass,Pass,Skip,Pass,
03-03-2017,09:58:30,38.6,3,156180008211,PASS,Pass,Pass,Pass,Pass,Pass,Pass,Pass,Pass,Skip,Pass,Pass,Pass,Pass,Pass,Pass,Pass,Pass,Pass,Pass,Pass,Pass,Pass,Pass,Pass,Pass,Pass,Pass,Pass,Pass,Pass,Pass,Pass,Pass,Pass,Pass,Pass,Pass,Pass,Pass,Skip,Pass,
03-03-2017,09:58:47,39.7,5,156180008212,PASS,Pass,Pass,Pass,Pass,Pass,Pass,Pass,Pass,Skip,Pass,Pass,Pass,Pass,Pass,Pass,Pass,Pass,Pass,Pass,Pass,Pass,Pass,Pass,Pass,Pass,Pass,Pass,Pass,Pass,Pass,Pass,Pass,Pass,Pass,Pass,Pass,Pass,Pass,Pass,Skip,Pass,
03-03-2017,09:58:57,38.7,1,156180008213,PASS,Pass,Pass,Pass,Pass,Pass,Pass,Pass,Pass,Skip,Pass,Pass,Pass,Pass,Pass,Pass,Pass,Pass,Pass,Pass,Pass,Pass,Pass,Pass,Pass,Pass,Pass,Pass,Pass,Pass,Pass,Pass,Pass,Pass,Pass,Pass,Pass,Pass,Pass,Pass,Skip,Pass,
03-03-2017,09:59:28,38.6,3,156180008214,PASS,Pass,Pass,Pass,Pass,Pass,Pass,Pass,Pass,Skip,Pass,Pass,Pass,Pass,Pass,Pass,Pass,Pass,Pass,Pass,Pass,Pass,Pass,Pass,Pass,Pass,Pass,Pass,Pass,Pass,Pass,Pass,Pass,Pass,Pass,Pass,Pass,Pass,Pass,Pass,Skip,Pass,
03-03-2017,09:59:45,39.5,1,156180008215,PASS,Pass,Pass,Pass,Pass,Pass,Pass,Pass,Pass,Skip,Pass,Pass,Pass,Pass,Pass,Pass,Pass,Pass,Pass,Pass,Pass,Pass,Pass,Pass,Pass,Pass,Pass,Pass,Pass,Pass,Pass,Pass,Pass,Pass,Pass,Pass,Pass,Pass,Pass,Pass,Skip,Pass,
03-03-2017,10:00:07,39.0,6,156180008151,PASS,Pass,Pass,Pass,Pass,Pass,Pass,Pass,Pass,Skip,Pass,Pass,Pass,Pass,Pass,Pass,Pass,Pass,Pass,Pass,Pass,Pass,Pass,Pass,Pass,Pass,Pass,Pass,Pass,Pass,Pass,Pass,Pass,Pass,Pass,Pass,Pass,Pass,Pass,Pass,Skip,Pass,
03-03-2017,10:00:08,39.6,4,156180008216,PASS,Pass,Pass,Pass,Pass,Pass,Pass,Pass,Pass,Skip,Pass,Pass,Pass,Pass,Pass,Pass,Pass,Pass,Pass,Pass,Pass,Pass,Pass,Pass,Pass,Pass,Pass,Pass,Pass,Pass,Pass,Pass,Pass,Pass,Pass,Pass,Pass,Pass,Pass,Pass,Skip,Pass,
03-03-2017,10:00:47,39.6,5,156180008153,PASS,Pass,Pass,Pass,Pass,Pass,Pass,Pass,Pass,Skip,Pass,Pass,Pass,Pass,Pass,Pass,Pass,Pass,Pass,Pass,Pass,Pass,Pass,Pass,Pass,Pass,Pass,Pass,Pass,Pass,Pass,Pass,Pass,Pass,Pass,Pass,Pass,Pass,Pass,Pass,Skip,Pass,
03-03-2017,10:00:47,39.0,3,156180008152,PASS,Pass,Pass,Pass,Pass,Pass,Pass,Pass,Pass,Skip,Pass,Pass,Pass,Pass,Pass,Pass,Pass,Pass,Pass,Pass,Pass,Pass,Pass,Pass,Pass,Pass,Pass,Pass,Pass,Pass,Pass,Pass,Pass,Pass,Pass,Pass,Pass,Pass,Pass,Pass,Skip,Pass,
03-03-2017,10:01:06,40.0,1,156180008154,PASS,Pass,Pass,Pass,Pass,Pass,Pass,Pass,Pass,Skip,Pass,Pass,Pass,Pass,Pass,Pass,Pass,Pass,Pass,Pass,Pass,Pass,Pass,Pass,Pass,Pass,Pass,Pass,Pass,Pass,Pass,Pass,Pass,Pass,Pass,Pass,Pass,Pass,Pass,Pass,Skip,Pass,
03-03-2017,10:01:45,39.0,2,156180008155,PASS,Pass,Pass,Pass,Pass,Pass,Pass,Pass,Pass,Skip,Pass,Pass,Pass,Pass,Pass,Pass,Pass,Pass,Pass,Pass,Pass,Pass,Pass,Pass,Pass,Pass,Pass,Pass,Pass,Pass,Pass,Pass,Pass,Pass,Pass,Pass,Pass,Pass,Pass,Pass,Skip,Pass,
03-03-2017,10:03:47,38.6,1,156180008156,PASS,Pass,Pass,Pass,Pass,Pass,Pass,Pass,Pass,Skip,Pass,Pass,Pass,Pass,Pass,Pass,Pass,Pass,Pass,Pass,Pass,Pass,Pass,Pass,Pass,Pass,Pass,Pass,Pass,Pass,Pass,Pass,Pass,Pass,Pass,Pass,Pass,Pass,Pass,Pass,Skip,Pass,
03-03-2017,10:04:06,40.0,3,156180008121,PASS,Pass,Pass,Pass,Pass,Pass,Pass,Pass,Pass,Skip,Pass,Pass,Pass,Pass,Pass,Pass,Pass,Pass,Pass,Pass,Pass,Pass,Pass,Pass,Pass,Pass,Pass,Pass,Pass,Pass,Pass,Pass,Pass,Pass,Pass,Pass,Pass,Pass,Pass,Pass,Skip,Pass,
03-03-2017,10:04:32,39.5,5,156180008122,PASS,Pass,Pass,Pass,Pass,Pass,Pass,Pass,Pass,Skip,Pass,Pass,Pass,Pass,Pass,Pass,Pass,Pass,Pass,Pass,Pass,Pass,Pass,Pass,Pass,Pass,Pass,Pass,Pass,Pass,Pass,Pass,Pass,Pass,Pass,Pass,Pass,Pass,Pass,Pass,Skip,Pass,
03-03-2017,10:04:56,39.6,2,156180008123,PASS,Pass,Pass,Pass,Pass,Pass,Pass,Pass,Pass,Skip,Pass,Pass,Pass,Pass,Pass,Pass,Pass,Pass,Pass,Pass,Pass,Pass,Pass,Pass,Pass,Pass,Pass,Pass,Pass,Pass,Pass,Pass,Pass,Pass,Pass,Pass,Pass,Pass,Pass,Pass,Skip,Pass,
03-03-2017,10:05:07,39.8,4,156180008124,PASS,Pass,Pass,Pass,Pass,Pass,Pass,Pass,Pass,Skip,Pass,Pass,Pass,Pass,Pass,Pass,Pass,Pass,Pass,Pass,Pass,Pass,Pass,Pass,Pass,Pass,Pass,Pass,Pass,Pass,Pass,Pass,Pass,Pass,Pass,Pass,Pass,Pass,Pass,Pass,Skip,Pass,
03-03-2017,10:05:22,38.9,6,156180008125,PASS,Pass,Pass,Pass,Pass,Pass,Pass,Pass,Pass,Skip,Pass,Pass,Pass,Pass,Pass,Pass,Pass,Pass,Pass,Pass,Pass,Pass,Pass,Pass,Pass,Pass,Pass,Pass,Pass,Pass,Pass,Pass,Pass,Pass,Pass,Pass,Pass,Pass,Pass,Pass,Skip,Pass,
03-03-2017,10:05:35,39.6,1,156180008126,PASS,Pass,Pass,Pass,Pass,Pass,Pass,Pass,Pass,Skip,Pass,Pass,Pass,Pass,Pass,Pass,Pass,Pass,Pass,Pass,Pass,Pass,Pass,Pass,Pass,Pass,Pass,Pass,Pass,Pass,Pass,Pass,Pass,Pass,Pass,Pass,Pass,Pass,Pass,Pass,Skip,Pass,
03-03-2017,10:05:47,38.8,3,156180008131,PASS,Pass,Pass,Pass,Pass,Pass,Pass,Pass,Pass,Skip,Pass,Pass,Pass,Pass,Pass,Pass,Pass,Pass,Pass,Pass,Pass,Pass,Pass,Pass,Pass,Pass,Pass,Pass,Pass,Pass,Pass,Pass,Pass,Pass,Pass,Pass,Pass,Pass,Pass,Pass,Skip,Pass,
03-03-2017,10:06:01,39.4,5,156180008132,PASS,Pass,Pass,Pass,Pass,Pass,Pass,Pass,Pass,Skip,Pass,Pass,Pass,Pass,Pass,Pass,Pass,Pass,Pass,Pass,Pass,Pass,Pass,Pass,Pass,Pass,Pass,Pass,Pass,Pass,Pass,Pass,Pass,Pass,Pass,Pass,Pass,Pass,Pass,Pass,Skip,Pass,
03-03-2017,10:06:17,38.8,2,156180008133,PASS,Pass,Pass,Pass,Pass,Pass,Pass,Pass,Pass,Skip,Pass,Pass,Pass,Pass,Pass,Pass,Pass,Pass,Pass,Pass,Pass,Pass,Pass,Pass,Pass,Pass,Pass,Pass,Pass,Pass,Pass,Pass,Pass,Pass,Pass,Pass,Pass,Pass,Pass,Pass,Skip,Pass,
03-03-2017,10:06:32,38.8,4,156180008134,PASS,Pass,Pass,Pass,Pass,Pass,Pass,Pass,Pass,Skip,Pass,Pass,Pass,Pass,Pass,Pass,Pass,Pass,Pass,Pass,Pass,Pass,Pass,Pass,Pass,Pass,Pass,Pass,Pass,Pass,Pass,Pass,Pass,Pass,Pass,Pass,Pass,Pass,Pass,Pass,Skip,Pass,
03-03-2017,10:06:49,40.4,6,156180008135,PASS,Pass,Pass,Pass,Pass,Pass,Pass,Pass,Pass,Skip,Pass,Pass,Pass,Pass,Pass,Pass,Pass,Pass,Pass,Pass,Pass,Pass,Pass,Pass,Pass,Pass,Pass,Pass,Pass,Pass,Pass,Pass,Pass,Pass,Pass,Pass,Pass,Pass,Pass,Pass,Skip,Pass,
03-03-2017,10:07:03,39.6,1,156180008136,PASS,Pass,Pass,Pass,Pass,Pass,Pass,Pass,Pass,Skip,Pass,Pass,Pass,Pass,Pass,Pass,Pass,Pass,Pass,Pass,Pass,Pass,Pass,Pass,Pass,Pass,Pass,Pass,Pass,Pass,Pass,Pass,Pass,Pass,Pass,Pass,Pass,Pass,Pass,Pass,Skip,Pass,
03-03-2017,10:07:20,41.7,3,156180008291,PASS,Pass,Pass,Pass,Pass,Pass,Pass,Pass,Pass,Skip,Pass,Pass,Pass,Pass,Pass,Pass,Pass,Pass,Pass,Pass,Pass,Pass,Pass,Pass,Pass,Pass,Pass,Pass,Pass,Pass,Pass,Pass,Pass,Pass,Pass,Pass,Pass,Pass,Pass,Pass,Skip,Pass,
03-03-2017,10:07:34,39.5,5,156180008292,PASS,Pass,Pass,Pass,Pass,Pass,Pass,Pass,Pass,Skip,Pass,Pass,Pass,Pass,Pass,Pass,Pass,Pass,Pass,Pass,Pass,Pass,Pass,Pass,Pass,Pass,Pass,Pass,Pass,Pass,Pass,Pass,Pass,Pass,Pass,Pass,Pass,Pass,Pass,Pass,Skip,Pass,
03-03-2017,10:07:48,39.5,2,156180008293,PASS,Pass,Pass,Pass,Pass,Pass,Pass,Pass,Pass,Skip,Pass,Pass,Pass,Pass,Pass,Pass,Pass,Pass,Pass,Pass,Pass,Pass,Pass,Pass,Pass,Pass,Pass,Pass,Pass,Pass,Pass,Pass,Pass,Pass,Pass,Pass,Pass,Pass,Pass,Pass,Skip,Pass,
03-03-2017,10:08:04,39.2,4,156180008294,PASS,Pass,Pass,Pass,Pass,Pass,Pass,Pass,Pass,Skip,Pass,Pass,Pass,Pass,Pass,Pass,Pass,Pass,Pass,Pass,Pass,Pass,Pass,Pass,Pass,Pass,Pass,Pass,Pass,Pass,Pass,Pass,Pass,Pass,Pass,Pass,Pass,Pass,Pass,Pass,Skip,Pass,
03-03-2017,10:08:24,40.4,6,156180008295,PASS,Pass,Pass,Pass,Pass,Pass,Pass,Pass,Pass,Skip,Pass,Pass,Pass,Pass,Pass,Pass,Pass,Pass,Pass,Pass,Pass,Pass,Pass,Pass,Pass,Pass,Pass,Pass,Pass,Pass,Pass,Pass,Pass,Pass,Pass,Pass,Pass,Pass,Pass,Pass,Skip,Pass,
03-03-2017,10:08:48,39.6,1,156180008296,PASS,Pass,Pass,Pass,Pass,Pass,Pass,Pass,Pass,Skip,Pass,Pass,Pass,Pass,Pass,Pass,Pass,Pass,Pass,Pass,Pass,Pass,Pass,Pass,Pass,Pass,Pass,Pass,Pass,Pass,Pass,Pass,Pass,Pass,Pass,Pass,Pass,Pass,Pass,Pass,Skip,Pass,
03-03-2017,10:09:15,39.8,3,156180008301,PASS,Pass,Pass,Pass,Pass,Pass,Pass,Pass,Pass,Skip,Pass,Pass,Pass,Pass,Pass,Pass,Pass,Pass,Pass,Pass,Pass,Pass,Pass,Pass,Pass,Pass,Pass,Pass,Pass,Pass,Pass,Pass,Pass,Pass,Pass,Pass,Pass,Pass,Pass,Pass,Skip,Pass,
03-03-2017,10:09:42,40.4,5,156180008302,PASS,Pass,Pass,Pass,Pass,Pass,Pass,Pass,Pass,Skip,Pass,Pass,Pass,Pass,Pass,Pass,Pass,Pass,Pass,Pass,Pass,Pass,Pass,Pass,Pass,Pass,Pass,Pass,Pass,Pass,Pass,Pass,Pass,Pass,Pass,Pass,Pass,Pass,Pass,Pass,Skip,Pass,
03-03-2017,10:09:55,40.3,1,156180008303,PASS,Pass,Pass,Pass,Pass,Pass,Pass,Pass,Pass,Skip,Pass,Pass,Pass,Pass,Pass,Pass,Pass,Pass,Pass,Pass,Pass,Pass,Pass,Pass,Pass,Pass,Pass,Pass,Pass,Pass,Pass,Pass,Pass,Pass,Pass,Pass,Pass,Pass,Pass,Pass,Skip,Pass,
03-03-2017,10:10:34,39.6,2,156180008304,PASS,Pass,Pass,Pass,Pass,Pass,Pass,Pass,Pass,Skip,Pass,Pass,Pass,Pass,Pass,Pass,Pass,Pass,Pass,Pass,Pass,Pass,Pass,Pass,Pass,Pass,Pass,Pass,Pass,Pass,Pass,Pass,Pass,Pass,Pass,Pass,Pass,Pass,Pass,Pass,Skip,Pass,
03-03-2017,10:10:49,38.7,4,156180008305,PASS,Pass,Pass,Pass,Pass,Pass,Pass,Pass,Pass,Skip,Pass,Pass,Pass,Pass,Pass,Pass,Pass,Pass,Pass,Pass,Pass,Pass,Pass,Pass,Pass,Pass,Pass,Pass,Pass,Pass,Pass,Pass,Pass,Pass,Pass,Pass,Pass,Pass,Pass,Pass,Skip,Pass,
03-03-2017,10:13:12,43.0,1,156180008306,PASS,Pass,Pass,Pass,Pass,Pass,Pass,Pass,Pass,Skip,Pass,Pass,Pass,Pass,Pass,Pass,Pass,Pass,Pass,Pass,Pass,Pass,Pass,Pass,Pass,Pass,Pass,Pass,Pass,Pass,Pass,Pass,Pass,Pass,Pass,Pass,Pass,Pass,Pass,Pass,Skip,Pass,
03-03-2017,10:13:19,39.7,3,156180008271,PASS,Pass,Pass,Pass,Pass,Pass,Pass,Pass,Pass,Skip,Pass,Pass,Pass,Pass,Pass,Pass,Pass,Pass,Pass,Pass,Pass,Pass,Pass,Pass,Pass,Pass,Pass,Pass,Pass,Pass,Pass,Pass,Pass,Pass,Pass,Pass,Pass,Pass,Pass,Pass,Skip,Pass,
03-03-2017,10:13:36,41.2,5,156180008272,PASS,Pass,Pass,Pass,Pass,Pass,Pass,Pass,Pass,Skip,Pass,Pass,Pass,Pass,Pass,Pass,Pass,Pass,Pass,Pass,Pass,Pass,Pass,Pass,Pass,Pass,Pass,Pass,Pass,Pass,Pass,Pass,Pass,Pass,Pass,Pass,Pass,Pass,Pass,Pass,Skip,Pass,
03-03-2017,10:13:51,39.5,2,156180008273,PASS,Pass,Pass,Pass,Pass,Pass,Pass,Pass,Pass,Skip,Pass,Pass,Pass,Pass,Pass,Pass,Pass,Pass,Pass,Pass,Pass,Pass,Pass,Pass,Pass,Pass,Pass,Pass,Pass,Pass,Pass,Pass,Pass,Pass,Pass,Pass,Pass,Pass,Pass,Pass,Skip,Pass,
03-03-2017,10:14:07,40.9,4,156180008274,PASS,Pass,Pass,Pass,Pass,Pass,Pass,Pass,Pass,Skip,Pass,Pass,Pass,Pass,Pass,Pass,Pass,Pass,Pass,Pass,Pass,Pass,Pass,Pass,Pass,Pass,Pass,Pass,Pass,Pass,Pass,Pass,Pass,Pass,Pass,Pass,Pass,Pass,Pass,Pass,Skip,Pass,
03-03-2017,10:14:24,40.3,6,156180008275,PASS,Pass,Pass,Pass,Pass,Pass,Pass,Pass,Pass,Skip,Pass,Pass,Pass,Pass,Pass,Pass,Pass,Pass,Pass,Pass,Pass,Pass,Pass,Pass,Pass,Pass,Pass,Pass,Pass,Pass,Pass,Pass,Pass,Pass,Pass,Pass,Pass,Pass,Pass,Pass,Skip,Pass,
03-03-2017,10:14:36,40.8,1,156180008276,PASS,Pass,Pass,Pass,Pass,Pass,Pass,Pass,Pass,Skip,Pass,Pass,Pass,Pass,Pass,Pass,Pass,Pass,Pass,Pass,Pass,Pass,Pass,Pass,Pass,Pass,Pass,Pass,Pass,Pass,Pass,Pass,Pass,Pass,Pass,Pass,Pass,Pass,Pass,Pass,Skip,Pass,
03-03-2017,10:14:51,38.8,3,156180008311,PASS,Pass,Pass,Pass,Pass,Pass,Pass,Pass,Pass,Skip,Pass,Pass,Pass,Pass,Pass,Pass,Pass,Pass,Pass,Pass,Pass,Pass,Pass,Pass,Pass,Pass,Pass,Pass,Pass,Pass,Pass,Pass,Pass,Pass,Pass,Pass,Pass,Pass,Pass,Pass,Skip,Pass,
03-03-2017,10:15:04,39.8,5,156180008312,PASS,Pass,Pass,Pass,Pass,Pass,Pass,Pass,Pass,Skip,Pass,Pass,Pass,Pass,Pass,Pass,Pass,Pass,Pass,Pass,Pass,Pass,Pass,Pass,Pass,Pass,Pass,Pass,Pass,Pass,Pass,Pass,Pass,Pass,Pass,Pass,Pass,Pass,Pass,Pass,Skip,Pass,
03-03-2017,10:15:17,38.8,2,156180008313,PASS,Pass,Pass,Pass,Pass,Pass,Pass,Pass,Pass,Skip,Pass,Pass,Pass,Pass,Pass,Pass,Pass,Pass,Pass,Pass,Pass,Pass,Pass,Pass,Pass,Pass,Pass,Pass,Pass,Pass,Pass,Pass,Pass,Pass,Pass,Pass,Pass,Pass,Pass,Pass,Skip,Pass,
03-03-2017,10:15:30,39.4,4,156180008314,PASS,Pass,Pass,Pass,Pass,Pass,Pass,Pass,Pass,Skip,Pass,Pass,Pass,Pass,Pass,Pass,Pass,Pass,Pass,Pass,Pass,Pass,Pass,Pass,Pass,Pass,Pass,Pass,Pass,Pass,Pass,Pass,Pass,Pass,Pass,Pass,Pass,Pass,Pass,Pass,Skip,Pass,
03-03-2017,10:15:47,39.5,6,156180008315,PASS,Pass,Pass,Pass,Pass,Pass,Pass,Pass,Pass,Skip,Pass,Pass,Pass,Pass,Pass,Pass,Pass,Pass,Pass,Pass,Pass,Pass,Pass,Pass,Pass,Pass,Pass,Pass,Pass,Pass,Pass,Pass,Pass,Pass,Pass,Pass,Pass,Pass,Pass,Pass,Skip,Pass,
03-03-2017,10:16:01,40.2,1,156180008316,PASS,Pass,Pass,Pass,Pass,Pass,Pass,Pass,Pass,Skip,Pass,Pass,Pass,Pass,Pass,Pass,Pass,Pass,Pass,Pass,Pass,Pass,Pass,Pass,Pass,Pass,Pass,Pass,Pass,Pass,Pass,Pass,Pass,Pass,Pass,Pass,Pass,Pass,Pass,Pass,Skip,Pass,
03-03-2017,10:16:15,40.3,3,156180008321,PASS,Pass,Pass,Pass,Pass,Pass,Pass,Pass,Pass,Skip,Pass,Pass,Pass,Pass,Pass,Pass,Pass,Pass,Pass,Pass,Pass,Pass,Pass,Pass,Pass,Pass,Pass,Pass,Pass,Pass,Pass,Pass,Pass,Pass,Pass,Pass,Pass,Pass,Pass,Pass,Skip,Pass,
03-03-2017,10:16:29,39.1,5,156180008322,PASS,Pass,Pass,Pass,Pass,Pass,Pass,Pass,Pass,Skip,Pass,Pass,Pass,Pass,Pass,Pass,Pass,Pass,Pass,Pass,Pass,Pass,Pass,Pass,Pass,Pass,Pass,Pass,Pass,Pass,Pass,Pass,Pass,Pass,Pass,Pass,Pass,Pass,Pass,Pass,Skip,Pass,
03-03-2017,10:16:47,41.6,2,156180008323,PASS,Pass,Pass,Pass,Pass,Pass,Pass,Pass,Pass,Skip,Pass,Pass,Pass,Pass,Pass,Pass,Pass,Pass,Pass,Pass,Pass,Pass,Pass,Pass,Pass,Pass,Pass,Pass,Pass,Pass,Pass,Pass,Pass,Pass,Pass,Pass,Pass,Pass,Pass,Pass,Skip,Pass,
03-03-2017,10:17:00,39.8,4,156180008324,PASS,Pass,Pass,Pass,Pass,Pass,Pass,Pass,Pass,Skip,Pass,Pass,Pass,Pass,Pass,Pass,Pass,Pass,Pass,Pass,Pass,Pass,Pass,Pass,Pass,Pass,Pass,Pass,Pass,Pass,Pass,Pass,Pass,Pass,Pass,Pass,Pass,Pass,Pass,Pass,Skip,Pass,
03-03-2017,10:17:25,42.4,6,156180008325,PASS,Pass,Pass,Pass,Pass,Pass,Pass,Pass,Pass,Skip,Pass,Pass,Pass,Pass,Pass,Pass,Pass,Pass,Pass,Pass,Pass,Pass,Pass,Pass,Pass,Pass,Pass,Pass,Pass,Pass,Pass,Pass,Pass,Pass,Pass,Pass,Pass,Pass,Pass,Pass,Skip,Pass,
03-03-2017,10:19:31,39.0,1,156180008326,PASS,Pass,Pass,Pass,Pass,Pass,Pass,Pass,Pass,Skip,Pass,Pass,Pass,Pass,Pass,Pass,Pass,Pass,Pass,Pass,Pass,Pass,Pass,Pass,Pass,Pass,Pass,Pass,Pass,Pass,Pass,Pass,Pass,Pass,Pass,Pass,Pass,Pass,Pass,Pass,Skip,Pass,
03-03-2017,10:19:42,39.4,3,156180008341,PASS,Pass,Pass,Pass,Pass,Pass,Pass,Pass,Pass,Skip,Pass,Pass,Pass,Pass,Pass,Pass,Pass,Pass,Pass,Pass,Pass,Pass,Pass,Pass,Pass,Pass,Pass,Pass,Pass,Pass,Pass,Pass,Pass,Pass,Pass,Pass,Pass,Pass,Pass,Pass,Skip,Pass,
03-03-2017,10:20:00,41.0,5,156180008342,PASS,Pass,Pass,Pass,Pass,Pass,Pass,Pass,Pass,Skip,Pass,Pass,Pass,Pass,Pass,Pass,Pass,Pass,Pass,Pass,Pass,Pass,Pass,Pass,Pass,Pass,Pass,Pass,Pass,Pass,Pass,Pass,Pass,Pass,Pass,Pass,Pass,Pass,Pass,Pass,Skip,Pass,
03-03-2017,10:20:15,40.3,2,156180008343,PASS,Pass,Pass,Pass,Pass,Pass,Pass,Pass,Pass,Skip,Pass,Pass,Pass,Pass,Pass,Pass,Pass,Pass,Pass,Pass,Pass,Pass,Pass,Pass,Pass,Pass,Pass,Pass,Pass,Pass,Pass,Pass,Pass,Pass,Pass,Pass,Pass,Pass,Pass,Pass,Skip,Pass,
03-03-2017,10:24:22,39.6,1,156180008344,PASS,Pass,Pass,Pass,Pass,Pass,Pass,Pass,Pass,Skip,Pass,Pass,Pass,Pass,Pass,Pass,Pass,Pass,Pass,Pass,Pass,Pass,Pass,Pass,Pass,Pass,Pass,Pass,Pass,Pass,Pass,Pass,Pass,Pass,Pass,Pass,Pass,Pass,Pass,Pass,Skip,Pass,
03-03-2017,10:24:36,39.6,3,156180008345,PASS,Pass,Pass,Pass,Pass,Pass,Pass,Pass,Pass,Skip,Pass,Pass,Pass,Pass,Pass,Pass,Pass,Pass,Pass,Pass,Pass,Pass,Pass,Pass,Pass,Pass,Pass,Pass,Pass,Pass,Pass,Pass,Pass,Pass,Pass,Pass,Pass,Pass,Pass,Pass,Skip,Pass,
03-03-2017,10:24:51,38.8,5,156180008346,PASS,Pass,Pass,Pass,Pass,Pass,Pass,Pass,Pass,Skip,Pass,Pass,Pass,Pass,Pass,Pass,Pass,Pass,Pass,Pass,Pass,Pass,Pass,Pass,Pass,Pass,Pass,Pass,Pass,Pass,Pass,Pass,Pass,Pass,Pass,Pass,Pass,Pass,Pass,Pass,Skip,Pass,
03-03-2017,10:25:16,39.0,1,156180008351,PASS,Pass,Pass,Pass,Pass,Pass,Pass,Pass,Pass,Skip,Pass,Pass,Pass,Pass,Pass,Pass,Pass,Pass,Pass,Pass,Pass,Pass,Pass,Pass,Pass,Pass,Pass,Pass,Pass,Pass,Pass,Pass,Pass,Pass,Pass,Pass,Pass,Pass,Pass,Pass,Skip,Pass,
03-03-2017,10:25:32,39.1,3,156180008352,PASS,Pass,Pass,Pass,Pass,Pass,Pass,Pass,Pass,Skip,Pass,Pass,Pass,Pass,Pass,Pass,Pass,Pass,Pass,Pass,Pass,Pass,Pass,Pass,Pass,Pass,Pass,Pass,Pass,Pass,Pass,Pass,Pass,Pass,Pass,Pass,Pass,Pass,Pass,Pass,Skip,Pass,
03-03-2017,10:25:46,39.6,5,156180008353,PASS,Pass,Pass,Pass,Pass,Pass,Pass,Pass,Pass,Skip,Pass,Pass,Pass,Pass,Pass,Pass,Pass,Pass,Pass,Pass,Pass,Pass,Pass,Pass,Pass,Pass,Pass,Pass,Pass,Pass,Pass,Pass,Pass,Pass,Pass,Pass,Pass,Pass,Pass,Pass,Skip,Pass,
03-03-2017,10:26:01,38.8,2,156180008354,PASS,Pass,Pass,Pass,Pass,Pass,Pass,Pass,Pass,Skip,Pass,Pass,Pass,Pass,Pass,Pass,Pass,Pass,Pass,Pass,Pass,Pass,Pass,Pass,Pass,Pass,Pass,Pass,Pass,Pass,Pass,Pass,Pass,Pass,Pass,Pass,Pass,Pass,Pass,Pass,Skip,Pass,
03-03-2017,10:26:18,39.5,4,156180008355,PASS,Pass,Pass,Pass,Pass,Pass,Pass,Pass,Pass,Skip,Pass,Pass,Pass,Pass,Pass,Pass,Pass,Pass,Pass,Pass,Pass,Pass,Pass,Pass,Pass,Pass,Pass,Pass,Pass,Pass,Pass,Pass,Pass,Pass,Pass,Pass,Pass,Pass,Pass,Pass,Skip,Pass,
03-03-2017,10:26:31,39.4,6,156180008356,PASS,Pass,Pass,Pass,Pass,Pass,Pass,Pass,Pass,Skip,Pass,Pass,Pass,Pass,Pass,Pass,Pass,Pass,Pass,Pass,Pass,Pass,Pass,Pass,Pass,Pass,Pass,Pass,Pass,Pass,Pass,Pass,Pass,Pass,Pass,Pass,Pass,Pass,Pass,Pass,Skip,Pass,
03-03-2017,10:26:46,39.6,1,156180007561,PASS,Pass,Pass,Pass,Pass,Pass,Pass,Pass,Pass,Skip,Pass,Pass,Pass,Pass,Pass,Pass,Pass,Pass,Pass,Pass,Pass,Pass,Pass,Pass,Pass,Pass,Pass,Pass,Pass,Pass,Pass,Pass,Pass,Pass,Pass,Pass,Pass,Pass,Pass,Pass,Skip,Pass,
03-03-2017,10:27:01,40.0,3,156180007562,PASS,Pass,Pass,Pass,Pass,Pass,Pass,Pass,Pass,Skip,Pass,Pass,Pass,Pass,Pass,Pass,Pass,Pass,Pass,Pass,Pass,Pass,Pass,Pass,Pass,Pass,Pass,Pass,Pass,Pass,Pass,Pass,Pass,Pass,Pass,Pass,Pass,Pass,Pass,Pass,Skip,Pass,
03-03-2017,10:27:16,39.8,5,156180007563,PASS,Pass,Pass,Pass,Pass,Pass,Pass,Pass,Pass,Skip,Pass,Pass,Pass,Pass,Pass,Pass,Pass,Pass,Pass,Pass,Pass,Pass,Pass,Pass,Pass,Pass,Pass,Pass,Pass,Pass,Pass,Pass,Pass,Pass,Pass,Pass,Pass,Pass,Pass,Pass,Skip,Pass,
03-03-2017,10:27:27,39.2,2,156180007565,PASS,Pass,Pass,Pass,Pass,Pass,Pass,Pass,Pass,Skip,Pass,Pass,Pass,Pass,Pass,Pass,Pass,Pass,Pass,Pass,Pass,Pass,Pass,Pass,Pass,Pass,Pass,Pass,Pass,Pass,Pass,Pass,Pass,Pass,Pass,Pass,Pass,Pass,Pass,Pass,Skip,Pass,
03-03-2017,10:27:41,40.1,4,156180007566,PASS,Pass,Pass,Pass,Pass,Pass,Pass,Pass,Pass,Skip,Pass,Pass,Pass,Pass,Pass,Pass,Pass,Pass,Pass,Pass,Pass,Pass,Pass,Pass,Pass,Pass,Pass,Pass,Pass,Pass,Pass,Pass,Pass,Pass,Pass,Pass,Pass,Pass,Pass,Pass,Skip,Pass,
03-03-2017,10:33:04,51.1,1,156180007566,PASS,Pass,Pass,Pass,Pass,Pass,Pass,Pass,Pass,Skip,Pass,Pass,Pass,Pass,Pass,Pass,Pass,Pass,Pass,Pass,Pass,Pass,Pass,Pass,Pass,Pass,Pass,Pass,Pass,Pass,Pass,Pass,Pass,Pass,Pass,Pass,Pass,Pass,Pass,Pass,Skip,Pass,
03-03-2017,10:33:05,50.2,3,156180007562,PASS,Pass,Pass,Pass,Pass,Pass,Pass,Pass,Pass,Skip,Pass,Pass,Pass,Pass,Pass,Pass,Pass,Pass,Pass,Pass,Pass,Pass,Pass,Pass,Pass,Pass,Pass,Pass,Pass,Pass,Pass,Pass,Pass,Pass,Pass,Pass,Pass,Pass,Pass,Pass,Skip,Pass,
03-03-2017,10:33:13,48.6,5,156180007551,PASS,Pass,Pass,Pass,Pass,Pass,Pass,Pass,Pass,Skip,Pass,Pass,Pass,Pass,Pass,Pass,Pass,Pass,Pass,Pass,Pass,Pass,Pass,Pass,Pass,Pass,Pass,Pass,Pass,Pass,Pass,Pass,Pass,Pass,Pass,Pass,Pass,Pass,Pass,Pass,Skip,Pass,
03-03-2017,10:33:54,50.2,2,156180007552,PASS,Pass,Pass,Pass,Pass,Pass,Pass,Pass,Pass,Skip,Pass,Pass,Pass,Pass,Pass,Pass,Pass,Pass,Pass,Pass,Pass,Pass,Pass,Pass,Pass,Pass,Pass,Pass,Pass,Pass,Pass,Pass,Pass,Pass,Pass,Pass,Pass,Pass,Pass,Pass,Skip,Pass,
03-03-2017,10:33:55,49.3,4,156180007553,PASS,Pass,Pass,Pass,Pass,Pass,Pass,Pass,Pass,Skip,Pass,Pass,Pass,Pass,Pass,Pass,Pass,Pass,Pass,Pass,Pass,Pass,Pass,Pass,Pass,Pass,Pass,Pass,Pass,Pass,Pass,Pass,Pass,Pass,Pass,Pass,Pass,Pass,Pass,Pass,Skip,Pass,
03-03-2017,10:33:59,43.8,6,156180007555,PASS,Pass,Pass,Pass,Pass,Pass,Pass,Pass,Pass,Skip,Pass,Pass,Pass,Pass,Pass,Pass,Pass,Pass,Pass,Pass,Pass,Pass,Pass,Pass,Pass,Pass,Pass,Pass,Pass,Pass,Pass,Pass,Pass,Pass,Pass,Pass,Pass,Pass,Pass,Pass,Skip,Pass,
03-03-2017,10:34:44,49.2,1,156180007556,PASS,Pass,Pass,Pass,Pass,Pass,Pass,Pass,Pass,Skip,Pass,Pass,Pass,Pass,Pass,Pass,Pass,Pass,Pass,Pass,Pass,Pass,Pass,Pass,Pass,Pass,Pass,Pass,Pass,Pass,Pass,Pass,Pass,Pass,Pass,Pass,Pass,Pass,Pass,Pass,Skip,Pass,
03-03-2017,10:34:57,49.3,3,156180007541,PASS,Pass,Pass,Pass,Pass,Pass,Pass,Pass,Pass,Skip,Pass,Pass,Pass,Pass,Pass,Pass,Pass,Pass,Pass,Pass,Pass,Pass,Pass,Pass,Pass,Pass,Pass,Pass,Pass,Pass,Pass,Pass,Pass,Pass,Pass,Pass,Pass,Pass,Pass,Pass,Skip,Pass,
03-03-2017,10:35:08,47.7,5,156180007542,PASS,Pass,Pass,Pass,Pass,Pass,Pass,Pass,Pass,Skip,Pass,Pass,Pass,Pass,Pass,Pass,Pass,Pass,Pass,Pass,Pass,Pass,Pass,Pass,Pass,Pass,Pass,Pass,Pass,Pass,Pass,Pass,Pass,Pass,Pass,Pass,Pass,Pass,Pass,Pass,Skip,Pass,
03-03-2017,10:35:33,49.2,2,156180007543,PASS,Pass,Pass,Pass,Pass,Pass,Pass,Pass,Pass,Skip,Pass,Pass,Pass,Pass,Pass,Pass,Pass,Pass,Pass,Pass,Pass,Pass,Pass,Pass,Pass,Pass,Pass,Pass,Pass,Pass,Pass,Pass,Pass,Pass,Pass,Pass,Pass,Pass,Pass,Pass,Skip,Pass,
03-03-2017,10:35:47,49.4,4,156180007545,PASS,Pass,Pass,Pass,Pass,Pass,Pass,Pass,Pass,Skip,Pass,Pass,Pass,Pass,Pass,Pass,Pass,Pass,Pass,Pass,Pass,Pass,Pass,Pass,Pass,Pass,Pass,Pass,Pass,Pass,Pass,Pass,Pass,Pass,Pass,Pass,Pass,Pass,Pass,Pass,Skip,Pass,
03-03-2017,10:35:56,48.7,6,156180007546,PASS,Pass,Pass,Pass,Pass,Pass,Pass,Pass,Pass,Skip,Pass,Pass,Pass,Pass,Pass,Pass,Pass,Pass,Pass,Pass,Pass,Pass,Pass,Pass,Pass,Pass,Pass,Pass,Pass,Pass,Pass,Pass,Pass,Pass,Pass,Pass,Pass,Pass,Pass,Pass,Skip,Pass,
03-03-2017,10:36:22,48.6,1,156180007531,PASS,Pass,Pass,Pass,Pass,Pass,Pass,Pass,Pass,Skip,Pass,Pass,Pass,Pass,Pass,Pass,Pass,Pass,Pass,Pass,Pass,Pass,Pass,Pass,Pass,Pass,Pass,Pass,Pass,Pass,Pass,Pass,Pass,Pass,Pass,Pass,Pass,Pass,Pass,Pass,Skip,Pass,
03-03-2017,10:36:36,48.2,3,156180007532,PASS,Pass,Pass,Pass,Pass,Pass,Pass,Pass,Pass,Skip,Pass,Pass,Pass,Pass,Pass,Pass,Pass,Pass,Pass,Pass,Pass,Pass,Pass,Pass,Pass,Pass,Pass,Pass,Pass,Pass,Pass,Pass,Pass,Pass,Pass,Pass,Pass,Pass,Pass,Pass,Skip,Pass,
03-03-2017,10:37:02,49.6,5,156180007533,PASS,Pass,Pass,Pass,Pass,Pass,Pass,Pass,Pass,Skip,Pass,Pass,Pass,Pass,Pass,Pass,Pass,Pass,Pass,Pass,Pass,Pass,Pass,Pass,Pass,Pass,Pass,Pass,Pass,Pass,Pass,Pass,Pass,Pass,Pass,Pass,Pass,Pass,Pass,Pass,Skip,Pass,
03-03-2017,10:37:12,49.7,2,156180007535,PASS,Pass,Pass,Pass,Pass,Pass,Pass,Pass,Pass,Skip,Pass,Pass,Pass,Pass,Pass,Pass,Pass,Pass,Pass,Pass,Pass,Pass,Pass,Pass,Pass,Pass,Pass,Pass,Pass,Pass,Pass,Pass,Pass,Pass,Pass,Pass,Pass,Pass,Pass,Pass,Skip,Pass,
03-03-2017,10:37:46,49.3,3,156180007521,PASS,Pass,Pass,Pass,Pass,Pass,Pass,Pass,Pass,Skip,Pass,Pass,Pass,Pass,Pass,Pass,Pass,Pass,Pass,Pass,Pass,Pass,Pass,Pass,Pass,Pass,Pass,Pass,Pass,Pass,Pass,Pass,Pass,Pass,Pass,Pass,Pass,Pass,Pass,Pass,Skip,Pass,
03-03-2017,10:38:00,49.3,5,156180007522,PASS,Pass,Pass,Pass,Pass,Pass,Pass,Pass,Pass,Skip,Pass,Pass,Pass,Pass,Pass,Pass,Pass,Pass,Pass,Pass,Pass,Pass,Pass,Pass,Pass,Pass,Pass,Pass,Pass,Pass,Pass,Pass,Pass,Pass,Pass,Pass,Pass,Pass,Pass,Pass,Skip,Pass,
03-03-2017,10:38:01,48.3,1,156180007536,PASS,Pass,Pass,Pass,Pass,Pass,Pass,Pass,Pass,Skip,Pass,Pass,Pass,Pass,Pass,Pass,Pass,Pass,Pass,Pass,Pass,Pass,Pass,Pass,Pass,Pass,Pass,Pass,Pass,Pass,Pass,Pass,Pass,Pass,Pass,Pass,Pass,Pass,Pass,Pass,Skip,Pass,
03-03-2017,10:38:51,49.9,2,156180007523,PASS,Pass,Pass,Pass,Pass,Pass,Pass,Pass,Pass,Skip,Pass,Pass,Pass,Pass,Pass,Pass,Pass,Pass,Pass,Pass,Pass,Pass,Pass,Pass,Pass,Pass,Pass,Pass,Pass,Pass,Pass,Pass,Pass,Pass,Pass,Pass,Pass,Pass,Pass,Pass,Skip,Pass,
03-03-2017,10:39:01,48.7,6,156180007525,PASS,Pass,Pass,Pass,Pass,Pass,Pass,Pass,Pass,Skip,Pass,Pass,Pass,Pass,Pass,Pass,Pass,Pass,Pass,Pass,Pass,Pass,Pass,Pass,Pass,Pass,Pass,Pass,Pass,Pass,Pass,Pass,Pass,Pass,Pass,Pass,Pass,Pass,Pass,Pass,Skip,Pass,
03-03-2017,10:39:02,50.3,4,156180007526,PASS,Pass,Pass,Pass,Pass,Pass,Pass,Pass,Pass,Skip,Pass,Pass,Pass,Pass,Pass,Pass,Pass,Pass,Pass,Pass,Pass,Pass,Pass,Pass,Pass,Pass,Pass,Pass,Pass,Pass,Pass,Pass,Pass,Pass,Pass,Pass,Pass,Pass,Pass,Pass,Skip,Pass,
03-03-2017,10:39:37,46.5,1,156180007501,PASS,Pass,Pass,Pass,Pass,Pass,Pass,Pass,Pass,Skip,Pass,Pass,Pass,Pass,Pass,Pass,Pass,Pass,Pass,Pass,Pass,Pass,Pass,Pass,Pass,Pass,Pass,Pass,Pass,Pass,Pass,Pass,Pass,Pass,Pass,Pass,Pass,Pass,Pass,Pass,Skip,Pass,
03-03-2017,10:39:52,50.5,3,156180007502,PASS,Pass,Pass,Pass,Pass,Pass,Pass,Pass,Pass,Skip,Pass,Pass,Pass,Pass,Pass,Pass,Pass,Pass,Pass,Pass,Pass,Pass,Pass,Pass,Pass,Pass,Pass,Pass,Pass,Pass,Pass,Pass,Pass,Pass,Pass,Pass,Pass,Pass,Pass,Pass,Skip,Pass,
03-03-2017,10:40:38,48.1,1,156180007503,PASS,Pass,Pass,Pass,Pass,Pass,Pass,Pass,Pass,Skip,Pass,Pass,Pass,Pass,Pass,Pass,Pass,Pass,Pass,Pass,Pass,Pass,Pass,Pass,Pass,Pass,Pass,Pass,Pass,Pass,Pass,Pass,Pass,Pass,Pass,Pass,Pass,Pass,Pass,Pass,Skip,Pass,
03-03-2017,10:41:26,47.5,2,156180007504,PASS,Pass,Pass,Pass,Pass,Pass,Pass,Pass,Pass,Skip,Pass,Pass,Pass,Pass,Pass,Pass,Pass,Pass,Pass,Pass,Pass,Pass,Pass,Pass,Pass,Pass,Pass,Pass,Pass,Pass,Pass,Pass,Pass,Pass,Pass,Pass,Pass,Pass,Pass,Pass,Skip,Pass,
03-03-2017,10:41:32,45.0,4,156180007505,PASS,Pass,Pass,Pass,Pass,Pass,Pass,Pass,Pass,Skip,Pass,Pass,Pass,Pass,Pass,Pass,Pass,Pass,Pass,Pass,Pass,Pass,Pass,Pass,Pass,Pass,Pass,Pass,Pass,Pass,Pass,Pass,Pass,Pass,Pass,Pass,Pass,Pass,Pass,Pass,Skip,Pass,
03-03-2017,10:41:56,40.6,6,156180007506,PASS,Pass,Pass,Pass,Pass,Pass,Pass,Pass,Pass,Skip,Pass,Pass,Pass,Pass,Pass,Pass,Pass,Pass,Pass,Pass,Pass,Pass,Pass,Pass,Pass,Pass,Pass,Pass,Pass,Pass,Pass,Pass,Pass,Pass,Pass,Pass,Pass,Pass,Pass,Pass,Skip,Pass,
03-03-2017,10:43:10,42.2,1,156180007431,PASS,Pass,Pass,Pass,Pass,Pass,Pass,Pass,Pass,Skip,Pass,Pass,Pass,Pass,Pass,Pass,Pass,Pass,Pass,Pass,Pass,Pass,Pass,Pass,Pass,Pass,Pass,Pass,Pass,Pass,Pass,Pass,Pass,Pass,Pass,Pass,Pass,Pass,Pass,Pass,Skip,Pass,
03-03-2017,10:46:24,39.8,2,156180007432,PASS,Pass,Pass,Pass,Pass,Pass,Pass,Pass,Pass,Skip,Pass,Pass,Pass,Pass,Pass,Pass,Pass,Pass,Pass,Pass,Pass,Pass,Pass,Pass,Pass,Pass,Pass,Pass,Pass,Pass,Pass,Pass,Pass,Pass,Pass,Pass,Pass,Pass,Pass,Pass,Skip,Pass,
03-03-2017,10:46:44,40.1,4,156180007433,PASS,Pass,Pass,Pass,Pass,Pass,Pass,Pass,Pass,Skip,Pass,Pass,Pass,Pass,Pass,Pass,Pass,Pass,Pass,Pass,Pass,Pass,Pass,Pass,Pass,Pass,Pass,Pass,Pass,Pass,Pass,Pass,Pass,Pass,Pass,Pass,Pass,Pass,Pass,Pass,Skip,Pass,
03-03-2017,10:46:57,40.4,6,156180007434,PASS,Pass,Pass,Pass,Pass,Pass,Pass,Pass,Pass,Skip,Pass,Pass,Pass,Pass,Pass,Pass,Pass,Pass,Pass,Pass,Pass,Pass,Pass,Pass,Pass,Pass,Pass,Pass,Pass,Pass,Pass,Pass,Pass,Pass,Pass,Pass,Pass,Pass,Pass,Pass,Skip,Pass,
03-03-2017,10:48:05,39.6,3,156180007435,PASS,Pass,Pass,Pass,Pass,Pass,Pass,Pass,Pass,Skip,Pass,Pass,Pass,Pass,Pass,Pass,Pass,Pass,Pass,Pass,Pass,Pass,Pass,Pass,Pass,Pass,Pass,Pass,Pass,Pass,Pass,Pass,Pass,Pass,Pass,Pass,Pass,Pass,Pass,Pass,Skip,Pass,
03-03-2017,10:48:06,40.3,1,156180007436,PASS,Pass,Pass,Pass,Pass,Pass,Pass,Pass,Pass,Skip,Pass,Pass,Pass,Pass,Pass,Pass,Pass,Pass,Pass,Pass,Pass,Pass,Pass,Pass,Pass,Pass,Pass,Pass,Pass,Pass,Pass,Pass,Pass,Pass,Pass,Pass,Pass,Pass,Pass,Pass,Skip,Pass,
03-03-2017,10:48:23,38.8,5,156180007381,PASS,Pass,Pass,Pass,Pass,Pass,Pass,Pass,Pass,Skip,Pass,Pass,Pass,Pass,Pass,Pass,Pass,Pass,Pass,Pass,Pass,Pass,Pass,Pass,Pass,Pass,Pass,Pass,Pass,Pass,Pass,Pass,Pass,Pass,Pass,Pass,Pass,Pass,Pass,Pass,Skip,Pass,
03-03-2017,10:48:59,39.1,2,156180007382,PASS,Pass,Pass,Pass,Pass,Pass,Pass,Pass,Pass,Skip,Pass,Pass,Pass,Pass,Pass,Pass,Pass,Pass,Pass,Pass,Pass,Pass,Pass,Pass,Pass,Pass,Pass,Pass,Pass,Pass,Pass,Pass,Pass,Pass,Pass,Pass,Pass,Pass,Pass,Pass,Skip,Pass,
03-03-2017,10:49:21,38.7,4,156180007383,PASS,Pass,Pass,Pass,Pass,Pass,Pass,Pass,Pass,Skip,Pass,Pass,Pass,Pass,Pass,Pass,Pass,Pass,Pass,Pass,Pass,Pass,Pass,Pass,Pass,Pass,Pass,Pass,Pass,Pass,Pass,Pass,Pass,Pass,Pass,Pass,Pass,Pass,Pass,Pass,Skip,Pass,
03-03-2017,10:50:00,39.7,1,156180007384,PASS,Pass,Pass,Pass,Pass,Pass,Pass,Pass,Pass,Skip,Pass,Pass,Pass,Pass,Pass,Pass,Pass,Pass,Pass,Pass,Pass,Pass,Pass,Pass,Pass,Pass,Pass,Pass,Pass,Pass,Pass,Pass,Pass,Pass,Pass,Pass,Pass,Pass,Pass,Pass,Skip,Pass,
03-03-2017,10:50:14,40.8,3,156180007385,PASS,Pass,Pass,Pass,Pass,Pass,Pass,Pass,Pass,Skip,Pass,Pass,Pass,Pass,Pass,Pass,Pass,Pass,Pass,Pass,Pass,Pass,Pass,Pass,Pass,Pass,Pass,Pass,Pass,Pass,Pass,Pass,Pass,Pass,Pass,Pass,Pass,Pass,Pass,Pass,Skip,Pass,
03-03-2017,10:50:30,41.0,5,156180007386,PASS,Pass,Pass,Pass,Pass,Pass,Pass,Pass,Pass,Skip,Pass,Pass,Pass,Pass,Pass,Pass,Pass,Pass,Pass,Pass,Pass,Pass,Pass,Pass,Pass,Pass,Pass,Pass,Pass,Pass,Pass,Pass,Pass,Pass,Pass,Pass,Pass,Pass,Pass,Pass,Skip,Pass,
03-03-2017,10:50:45,40.5,2,156180007451,PASS,Pass,Pass,Pass,Pass,Pass,Pass,Pass,Pass,Skip,Pass,Pass,Pass,Pass,Pass,Pass,Pass,Pass,Pass,Pass,Pass,Pass,Pass,Pass,Pass,Pass,Pass,Pass,Pass,Pass,Pass,Pass,Pass,Pass,Pass,Pass,Pass,Pass,Pass,Pass,Skip,Pass,
03-03-2017,10:51:02,39.3,4,156180007452,PASS,Pass,Pass,Pass,Pass,Pass,Pass,Pass,Pass,Skip,Pass,Pass,Pass,Pass,Pass,Pass,Pass,Pass,Pass,Pass,Pass,Pass,Pass,Pass,Pass,Pass,Pass,Pass,Pass,Pass,Pass,Pass,Pass,Pass,Pass,Pass,Pass,Pass,Pass,Pass,Skip,Pass,
03-03-2017,10:51:18,39.8,6,156180007453,PASS,Pass,Pass,Pass,Pass,Pass,Pass,Pass,Pass,Skip,Pass,Pass,Pass,Pass,Pass,Pass,Pass,Pass,Pass,Pass,Pass,Pass,Pass,Pass,Pass,Pass,Pass,Pass,Pass,Pass,Pass,Pass,Pass,Pass,Pass,Pass,Pass,Pass,Pass,Pass,Skip,Pass,
03-03-2017,10:51:34,40.0,1,156180007454,PASS,Pass,Pass,Pass,Pass,Pass,Pass,Pass,Pass,Skip,Pass,Pass,Pass,Pass,Pass,Pass,Pass,Pass,Pass,Pass,Pass,Pass,Pass,Pass,Pass,Pass,Pass,Pass,Pass,Pass,Pass,Pass,Pass,Pass,Pass,Pass,Pass,Pass,Pass,Pass,Skip,Pass,
03-03-2017,10:51:45,40.1,3,156180007455,PASS,Pass,Pass,Pass,Pass,Pass,Pass,Pass,Pass,Skip,Pass,Pass,Pass,Pass,Pass,Pass,Pass,Pass,Pass,Pass,Pass,Pass,Pass,Pass,Pass,Pass,Pass,Pass,Pass,Pass,Pass,Pass,Pass,Pass,Pass,Pass,Pass,Pass,Pass,Pass,Skip,Pass,
03-03-2017,10:51:52,9.7,5,156180007456,FAIL,Pass,Pass,Pass,Pass,Pass,Pass,Pass,Pass,Skip,Pass,Pass,Pass,Pass,Pass,Pass,Pass,Fail,,,,,,,,,,,,,,,,,,,,,,,,,
03-03-2017,10:53:01,44.1,2,156180007461,FAIL,Pass,Pass,Pass,Pass,Pass,Pass,Pass,Pass,Skip,Pass,Pass,Pass,Pass,Pass,Fail,,,,,,,,,,,,,,,,,,,,,,,,,,,
03-03-2017,10:53:13,39.6,4,156180007462,PASS,Pass,Pass,Pass,Pass,Pass,Pass,Pass,Pass,Skip,Pass,Pass,Pass,Pass,Pass,Pass,Pass,Pass,Pass,Pass,Pass,Pass,Pass,Pass,Pass,Pass,Pass,Pass,Pass,Pass,Pass,Pass,Pass,Pass,Pass,Pass,Pass,Pass,Pass,Pass,Skip,Pass,
03-03-2017,10:53:53,63.3,6,156180007463,FAIL,Pass,Pass,Pass,Pass,Pass,Pass,Pass,Pass,Skip,Pass,Pass,Pass,Pass,Pass,Pass,Pass,Pass,Pass,Pass,Pass,Pass,Pass,Pass,Pass,Pass,Pass,Pass,Pass,Pass,Pass,Pass,Pass,Pass,Fail,,,,,,,,
03-03-2017,10:54:09,13.3,5,156180007456,FAIL,Pass,Fail,,,,,,,,,,,,,,,,,,,,,,,,,,,,,,,,,,,,,,,,
03-03-2017,10:57:48,54.0,1,156180007465,PASS,Pass,Pass,Pass,Pass,Pass,Pass,Pass,Pass,Skip,Pass,Pass,Pass,Pass,Pass,Pass,Pass,Pass,Pass,Pass,Pass,Pass,Pass,Pass,Pass,Pass,Pass,Pass,Pass,Pass,Pass,Pass,Pass,Pass,Pass,Pass,Pass,Pass,Pass,Pass,Skip,Pass,
03-03-2017,10:57:51,51.9,5,156180007471,PASS,Pass,Pass,Pass,Pass,Pass,Pass,Pass,Pass,Skip,Pass,Pass,Pass,Pass,Pass,Pass,Pass,Pass,Pass,Pass,Pass,Pass,Pass,Pass,Pass,Pass,Pass,Pass,Pass,Pass,Pass,Pass,Pass,Pass,Pass,Pass,Pass,Pass,Pass,Pass,Skip,Pass,
03-03-2017,10:57:51,53.9,3,156180007466,PASS,Pass,Pass,Pass,Pass,Pass,Pass,Pass,Pass,Skip,Pass,Pass,Pass,Pass,Pass,Pass,Pass,Pass,Pass,Pass,Pass,Pass,Pass,Pass,Pass,Pass,Pass,Pass,Pass,Pass,Pass,Pass,Pass,Pass,Pass,Pass,Pass,Pass,Pass,Pass,Skip,Pass,
03-03-2017,10:58:39,50.9,2,156180007472,PASS,Pass,Pass,Pass,Pass,Pass,Pass,Pass,Pass,Skip,Pass,Pass,Pass,Pass,Pass,Pass,Pass,Pass,Pass,Pass,Pass,Pass,Pass,Pass,Pass,Pass,Pass,Pass,Pass,Pass,Pass,Pass,Pass,Pass,Pass,Pass,Pass,Pass,Pass,Pass,Skip,Pass,
03-03-2017,10:58:41,49.6,6,156180007474,PASS,Pass,Pass,Pass,Pass,Pass,Pass,Pass,Pass,Skip,Pass,Pass,Pass,Pass,Pass,Pass,Pass,Pass,Pass,Pass,Pass,Pass,Pass,Pass,Pass,Pass,Pass,Pass,Pass,Pass,Pass,Pass,Pass,Pass,Pass,Pass,Pass,Pass,Pass,Pass,Skip,Pass,
03-03-2017,10:58:42,51.2,4,156180007473,PASS,Pass,Pass,Pass,Pass,Pass,Pass,Pass,Pass,Skip,Pass,Pass,Pass,Pass,Pass,Pass,Pass,Pass,Pass,Pass,Pass,Pass,Pass,Pass,Pass,Pass,Pass,Pass,Pass,Pass,Pass,Pass,Pass,Pass,Pass,Pass,Pass,Pass,Pass,Pass,Skip,Pass,
03-03-2017,10:59:28,49.1,1,156180007475,PASS,Pass,Pass,Pass,Pass,Pass,Pass,Pass,Pass,Skip,Pass,Pass,Pass,Pass,Pass,Pass,Pass,Pass,Pass,Pass,Pass,Pass,Pass,Pass,Pass,Pass,Pass,Pass,Pass,Pass,Pass,Pass,Pass,Pass,Pass,Pass,Pass,Pass,Pass,Pass,Skip,Pass,
03-03-2017,10:59:31,50.1,5,156180007491,PASS,Pass,Pass,Pass,Pass,Pass,Pass,Pass,Pass,Skip,Pass,Pass,Pass,Pass,Pass,Pass,Pass,Pass,Pass,Pass,Pass,Pass,Pass,Pass,Pass,Pass,Pass,Pass,Pass,Pass,Pass,Pass,Pass,Pass,Pass,Pass,Pass,Pass,Pass,Pass,Skip,Pass,
03-03-2017,10:59:33,50.7,3,156180007476,PASS,Pass,Pass,Pass,Pass,Pass,Pass,Pass,Pass,Skip,Pass,Pass,Pass,Pass,Pass,Pass,Pass,Pass,Pass,Pass,Pass,Pass,Pass,Pass,Pass,Pass,Pass,Pass,Pass,Pass,Pass,Pass,Pass,Pass,Pass,Pass,Pass,Pass,Pass,Pass,Skip,Pass,
03-03-2017,11:00:19,50.5,2,156180007464,PASS,Pass,Pass,Pass,Pass,Pass,Pass,Pass,Pass,Skip,Pass,Pass,Pass,Pass,Pass,Pass,Pass,Pass,Pass,Pass,Pass,Pass,Pass,Pass,Pass,Pass,Pass,Pass,Pass,Pass,Pass,Pass,Pass,Pass,Pass,Pass,Pass,Pass,Pass,Pass,Skip,Pass,
03-03-2017,11:00:22,48.9,4,156180007492,PASS,Pass,Pass,Pass,Pass,Pass,Pass,Pass,Pass,Skip,Pass,Pass,Pass,Pass,Pass,Pass,Pass,Pass,Pass,Pass,Pass,Pass,Pass,Pass,Pass,Pass,Pass,Pass,Pass,Pass,Pass,Pass,Pass,Pass,Pass,Pass,Pass,Pass,Pass,Pass,Skip,Pass,
03-03-2017,11:00:40,48.0,6,156180007456,PASS,Pass,Pass,Pass,Pass,Pass,Pass,Pass,Pass,Skip,Pass,Pass,Pass,Pass,Pass,Pass,Pass,Pass,Pass,Pass,Pass,Pass,Pass,Pass,Pass,Pass,Pass,Pass,Pass,Pass,Pass,Pass,Pass,Pass,Pass,Pass,Pass,Pass,Pass,Pass,Skip,Pass,
03-03-2017,11:01:09,46.9,3,156180007494,PASS,Pass,Pass,Pass,Pass,Pass,Pass,Pass,Pass,Skip,Pass,Pass,Pass,Pass,Pass,Pass,Pass,Pass,Pass,Pass,Pass,Pass,Pass,Pass,Pass,Pass,Pass,Pass,Pass,Pass,Pass,Pass,Pass,Pass,Pass,Pass,Pass,Pass,Pass,Pass,Skip,Pass,
03-03-2017,11:01:10,51.2,1,156180007493,PASS,Pass,Pass,Pass,Pass,Pass,Pass,Pass,Pass,Skip,Pass,Pass,Pass,Pass,Pass,Pass,Pass,Pass,Pass,Pass,Pass,Pass,Pass,Pass,Pass,Pass,Pass,Pass,Pass,Pass,Pass,Pass,Pass,Pass,Pass,Pass,Pass,Pass,Pass,Pass,Skip,Pass,
03-03-2017,11:01:30,49.6,5,156180007495,PASS,Pass,Pass,Pass,Pass,Pass,Pass,Pass,Pass,Skip,Pass,Pass,Pass,Pass,Pass,Pass,Pass,Pass,Pass,Pass,Pass,Pass,Pass,Pass,Pass,Pass,Pass,Pass,Pass,Pass,Pass,Pass,Pass,Pass,Pass,Pass,Pass,Pass,Pass,Pass,Skip,Pass,
03-03-2017,11:02:00,49.3,2,156180007496,PASS,Pass,Pass,Pass,Pass,Pass,Pass,Pass,Pass,Skip,Pass,Pass,Pass,Pass,Pass,Pass,Pass,Pass,Pass,Pass,Pass,Pass,Pass,Pass,Pass,Pass,Pass,Pass,Pass,Pass,Pass,Pass,Pass,Pass,Pass,Pass,Pass,Pass,Pass,Pass,Skip,Pass,
03-03-2017,11:02:02,51.2,4,156180007511,PASS,Pass,Pass,Pass,Pass,Pass,Pass,Pass,Pass,Skip,Pass,Pass,Pass,Pass,Pass,Pass,Pass,Pass,Pass,Pass,Pass,Pass,Pass,Pass,Pass,Pass,Pass,Pass,Pass,Pass,Pass,Pass,Pass,Pass,Pass,Pass,Pass,Pass,Pass,Pass,Skip,Pass,
03-03-2017,11:02:20,50.0,6,156180007512,PASS,Pass,Pass,Pass,Pass,Pass,Pass,Pass,Pass,Skip,Pass,Pass,Pass,Pass,Pass,Pass,Pass,Pass,Pass,Pass,Pass,Pass,Pass,Pass,Pass,Pass,Pass,Pass,Pass,Pass,Pass,Pass,Pass,Pass,Pass,Pass,Pass,Pass,Pass,Pass,Skip,Pass,
03-03-2017,11:02:48,48.7,1,156180007513,PASS,Pass,Pass,Pass,Pass,Pass,Pass,Pass,Pass,Skip,Pass,Pass,Pass,Pass,Pass,Pass,Pass,Pass,Pass,Pass,Pass,Pass,Pass,Pass,Pass,Pass,Pass,Pass,Pass,Pass,Pass,Pass,Pass,Pass,Pass,Pass,Pass,Pass,Pass,Pass,Skip,Pass,
03-03-2017,11:08:12,50.2,1,156180007515,PASS,Pass,Pass,Pass,Pass,Pass,Pass,Pass,Pass,Skip,Pass,Pass,Pass,Pass,Pass,Pass,Pass,Pass,Pass,Pass,Pass,Pass,Pass,Pass,Pass,Pass,Pass,Pass,Pass,Pass,Pass,Pass,Pass,Pass,Pass,Pass,Pass,Pass,Pass,Pass,Skip,Pass,
03-03-2017,11:09:01,42.4,5,156180007516,PASS,Pass,Pass,Pass,Pass,Pass,Pass,Pass,Pass,Skip,Pass,Pass,Pass,Pass,Pass,Pass,Pass,Pass,Pass,Pass,Pass,Pass,Pass,Pass,Pass,Pass,Pass,Pass,Pass,Pass,Pass,Pass,Pass,Pass,Pass,Pass,Pass,Pass,Pass,Pass,Skip,Pass,
03-03-2017,11:09:04,49.0,3,156180007721,PASS,Pass,Pass,Pass,Pass,Pass,Pass,Pass,Pass,Skip,Pass,Pass,Pass,Pass,Pass,Pass,Pass,Pass,Pass,Pass,Pass,Pass,Pass,Pass,Pass,Pass,Pass,Pass,Pass,Pass,Pass,Pass,Pass,Pass,Pass,Pass,Pass,Pass,Pass,Pass,Skip,Pass,
03-03-2017,11:09:20,50.0,2,156180007722,PASS,Pass,Pass,Pass,Pass,Pass,Pass,Pass,Pass,Skip,Pass,Pass,Pass,Pass,Pass,Pass,Pass,Pass,Pass,Pass,Pass,Pass,Pass,Pass,Pass,Pass,Pass,Pass,Pass,Pass,Pass,Pass,Pass,Pass,Pass,Pass,Pass,Pass,Pass,Pass,Skip,Pass,
03-03-2017,11:09:54,49.8,4,156180007723,PASS,Pass,Pass,Pass,Pass,Pass,Pass,Pass,Pass,Skip,Pass,Pass,Pass,Pass,Pass,Pass,Pass,Pass,Pass,Pass,Pass,Pass,Pass,Pass,Pass,Pass,Pass,Pass,Pass,Pass,Pass,Pass,Pass,Pass,Pass,Pass,Pass,Pass,Pass,Pass,Skip,Pass,
03-03-2017,11:10:17,47.4,1,156180008281,PASS,Pass,Pass,Pass,Pass,Pass,Pass,Pass,Pass,Skip,Pass,Pass,Pass,Pass,Pass,Pass,Pass,Pass,Pass,Pass,Pass,Pass,Pass,Pass,Pass,Pass,Pass,Pass,Pass,Pass,Pass,Pass,Pass,Pass,Pass,Pass,Pass,Pass,Pass,Pass,Skip,Pass,
03-03-2017,11:10:28,45.6,5,156180008282,PASS,Pass,Pass,Pass,Pass,Pass,Pass,Pass,Pass,Skip,Pass,Pass,Pass,Pass,Pass,Pass,Pass,Pass,Pass,Pass,Pass,Pass,Pass,Pass,Pass,Pass,Pass,Pass,Pass,Pass,Pass,Pass,Pass,Pass,Pass,Pass,Pass,Pass,Pass,Pass,Skip,Pass,
03-03-2017,11:10:40,46.0,3,156180007724,PASS,Pass,Pass,Pass,Pass,Pass,Pass,Pass,Pass,Skip,Pass,Pass,Pass,Pass,Pass,Pass,Pass,Pass,Pass,Pass,Pass,Pass,Pass,Pass,Pass,Pass,Pass,Pass,Pass,Pass,Pass,Pass,Pass,Pass,Pass,Pass,Pass,Pass,Pass,Pass,Skip,Pass,
03-03-2017,11:11:00,42.5,2,156180008283,PASS,Pass,Pass,Pass,Pass,Pass,Pass,Pass,Pass,Skip,Pass,Pass,Pass,Pass,Pass,Pass,Pass,Pass,Pass,Pass,Pass,Pass,Pass,Pass,Pass,Pass,Pass,Pass,Pass,Pass,Pass,Pass,Pass,Pass,Pass,Pass,Pass,Pass,Pass,Pass,Skip,Pass,
03-03-2017,11:11:22,41.7,4,156180008284,PASS,Pass,Pass,Pass,Pass,Pass,Pass,Pass,Pass,Skip,Pass,Pass,Pass,Pass,Pass,Pass,Pass,Pass,Pass,Pass,Pass,Pass,Pass,Pass,Pass,Pass,Pass,Pass,Pass,Pass,Pass,Pass,Pass,Pass,Pass,Pass,Pass,Pass,Pass,Pass,Skip,Pass,
03-03-2017,11:11:27,39.8,6,156180008285,PASS,Pass,Pass,Pass,Pass,Pass,Pass,Pass,Pass,Skip,Pass,Pass,Pass,Pass,Pass,Pass,Pass,Pass,Pass,Pass,Pass,Pass,Pass,Pass,Pass,Pass,Pass,Pass,Pass,Pass,Pass,Pass,Pass,Pass,Pass,Pass,Pass,Pass,Pass,Pass,Skip,Pass,
03-03-2017,11:11:40,39.7,1,156180008286,PASS,Pass,Pass,Pass,Pass,Pass,Pass,Pass,Pass,Skip,Pass,Pass,Pass,Pass,Pass,Pass,Pass,Pass,Pass,Pass,Pass,Pass,Pass,Pass,Pass,Pass,Pass,Pass,Pass,Pass,Pass,Pass,Pass,Pass,Pass,Pass,Pass,Pass,Pass,Pass,Skip,Pass,
03-03-2017,11:12:20,40.8,2,156180008083,PASS,Pass,Pass,Pass,Pass,Pass,Pass,Pass,Pass,Skip,Pass,Pass,Pass,Pass,Pass,Pass,Pass,Pass,Pass,Pass,Pass,Pass,Pass,Pass,Pass,Pass,Pass,Pass,Pass,Pass,Pass,Pass,Pass,Pass,Pass,Pass,Pass,Pass,Pass,Pass,Skip,Pass,
03-03-2017,11:15:43,40.9,1,156180008082,PASS,Pass,Pass,Pass,Pass,Pass,Pass,Pass,Pass,Skip,Pass,Pass,Pass,Pass,Pass,Pass,Pass,Pass,Pass,Pass,Pass,Pass,Pass,Pass,Pass,Pass,Pass,Pass,Pass,Pass,Pass,Pass,Pass,Pass,Pass,Pass,Pass,Pass,Pass,Pass,Skip,Pass,
03-03-2017,11:15:49,40.8,3,156180008081,PASS,Pass,Pass,Pass,Pass,Pass,Pass,Pass,Pass,Skip,Pass,Pass,Pass,Pass,Pass,Pass,Pass,Pass,Pass,Pass,Pass,Pass,Pass,Pass,Pass,Pass,Pass,Pass,Pass,Pass,Pass,Pass,Pass,Pass,Pass,Pass,Pass,Pass,Pass,Pass,Skip,Pass,
03-03-2017,11:16:27,39.4,2,156180008084,PASS,Pass,Pass,Pass,Pass,Pass,Pass,Pass,Pass,Skip,Pass,Pass,Pass,Pass,Pass,Pass,Pass,Pass,Pass,Pass,Pass,Pass,Pass,Pass,Pass,Pass,Pass,Pass,Pass,Pass,Pass,Pass,Pass,Pass,Pass,Pass,Pass,Pass,Pass,Pass,Skip,Pass,
03-03-2017,11:18:29,38.7,1,156180008085,PASS,Pass,Pass,Pass,Pass,Pass,Pass,Pass,Pass,Skip,Pass,Pass,Pass,Pass,Pass,Pass,Pass,Pass,Pass,Pass,Pass,Pass,Pass,Pass,Pass,Pass,Pass,Pass,Pass,Pass,Pass,Pass,Pass,Pass,Pass,Pass,Pass,Pass,Pass,Pass,Skip,Pass,
03-03-2017,11:18:42,40.3,3,156180008086,PASS,Pass,Pass,Pass,Pass,Pass,Pass,Pass,Pass,Skip,Pass,Pass,Pass,Pass,Pass,Pass,Pass,Pass,Pass,Pass,Pass,Pass,Pass,Pass,Pass,Pass,Pass,Pass,Pass,Pass,Pass,Pass,Pass,Pass,Pass,Pass,Pass,Pass,Pass,Pass,Skip,Pass,
03-03-2017,11:18:52,39.6,5,156180008181,PASS,Pass,Pass,Pass,Pass,Pass,Pass,Pass,Pass,Skip,Pass,Pass,Pass,Pass,Pass,Pass,Pass,Pass,Pass,Pass,Pass,Pass,Pass,Pass,Pass,Pass,Pass,Pass,Pass,Pass,Pass,Pass,Pass,Pass,Pass,Pass,Pass,Pass,Pass,Pass,Skip,Pass,
03-03-2017,11:19:13,40.4,2,156180008183,PASS,Pass,Pass,Pass,Pass,Pass,Pass,Pass,Pass,Skip,Pass,Pass,Pass,Pass,Pass,Pass,Pass,Pass,Pass,Pass,Pass,Pass,Pass,Pass,Pass,Pass,Pass,Pass,Pass,Pass,Pass,Pass,Pass,Pass,Pass,Pass,Pass,Pass,Pass,Pass,Skip,Pass,
03-03-2017,11:19:28,40.2,4,156180008184,PASS,Pass,Pass,Pass,Pass,Pass,Pass,Pass,Pass,Skip,Pass,Pass,Pass,Pass,Pass,Pass,Pass,Pass,Pass,Pass,Pass,Pass,Pass,Pass,Pass,Pass,Pass,Pass,Pass,Pass,Pass,Pass,Pass,Pass,Pass,Pass,Pass,Pass,Pass,Pass,Skip,Pass,
03-03-2017,11:19:41,39.0,6,156180008186,PASS,Pass,Pass,Pass,Pass,Pass,Pass,Pass,Pass,Skip,Pass,Pass,Pass,Pass,Pass,Pass,Pass,Pass,Pass,Pass,Pass,Pass,Pass,Pass,Pass,Pass,Pass,Pass,Pass,Pass,Pass,Pass,Pass,Pass,Pass,Pass,Pass,Pass,Pass,Pass,Skip,Pass,
03-03-2017,11:20:09,39.7,1,156180008361,PASS,Pass,Pass,Pass,Pass,Pass,Pass,Pass,Pass,Skip,Pass,Pass,Pass,Pass,Pass,Pass,Pass,Pass,Pass,Pass,Pass,Pass,Pass,Pass,Pass,Pass,Pass,Pass,Pass,Pass,Pass,Pass,Pass,Pass,Pass,Pass,Pass,Pass,Pass,Pass,Skip,Pass,
03-03-2017,11:20:34,38.9,3,156180008362,PASS,Pass,Pass,Pass,Pass,Pass,Pass,Pass,Pass,Skip,Pass,Pass,Pass,Pass,Pass,Pass,Pass,Pass,Pass,Pass,Pass,Pass,Pass,Pass,Pass,Pass,Pass,Pass,Pass,Pass,Pass,Pass,Pass,Pass,Pass,Pass,Pass,Pass,Pass,Pass,Skip,Pass,
03-03-2017,11:20:49,39.5,5,156180008363,PASS,Pass,Pass,Pass,Pass,Pass,Pass,Pass,Pass,Skip,Pass,Pass,Pass,Pass,Pass,Pass,Pass,Pass,Pass,Pass,Pass,Pass,Pass,Pass,Pass,Pass,Pass,Pass,Pass,Pass,Pass,Pass,Pass,Pass,Pass,Pass,Pass,Pass,Pass,Pass,Skip,Pass,
03-03-2017,11:21:03,38.9,2,156180008364,PASS,Pass,Pass,Pass,Pass,Pass,Pass,Pass,Pass,Skip,Pass,Pass,Pass,Pass,Pass,Pass,Pass,Pass,Pass,Pass,Pass,Pass,Pass,Pass,Pass,Pass,Pass,Pass,Pass,Pass,Pass,Pass,Pass,Pass,Pass,Pass,Pass,Pass,Pass,Pass,Skip,Pass,
03-03-2017,11:23:27,40.4,1,156180008365,PASS,Pass,Pass,Pass,Pass,Pass,Pass,Pass,Pass,Skip,Pass,Pass,Pass,Pass,Pass,Pass,Pass,Pass,Pass,Pass,Pass,Pass,Pass,Pass,Pass,Pass,Pass,Pass,Pass,Pass,Pass,Pass,Pass,Pass,Pass,Pass,Pass,Pass,Pass,Pass,Skip,Pass,
03-03-2017,11:23:51,40.3,3,156180008366,PASS,Pass,Pass,Pass,Pass,Pass,Pass,Pass,Pass,Skip,Pass,Pass,Pass,Pass,Pass,Pass,Pass,Pass,Pass,Pass,Pass,Pass,Pass,Pass,Pass,Pass,Pass,Pass,Pass,Pass,Pass,Pass,Pass,Pass,Pass,Pass,Pass,Pass,Pass,Pass,Skip,Pass,
03-03-2017,11:24:39,39.8,5,156180007881,PASS,Pass,Pass,Pass,Pass,Pass,Pass,Pass,Pass,Skip,Pass,Pass,Pass,Pass,Pass,Pass,Pass,Pass,Pass,Pass,Pass,Pass,Pass,Pass,Pass,Pass,Pass,Pass,Pass,Pass,Pass,Pass,Pass,Pass,Pass,Pass,Pass,Pass,Pass,Pass,Skip,Pass,
03-03-2017,11:26:28,40.1,1,156180007882,PASS,Pass,Pass,Pass,Pass,Pass,Pass,Pass,Pass,Skip,Pass,Pass,Pass,Pass,Pass,Pass,Pass,Pass,Pass,Pass,Pass,Pass,Pass,Pass,Pass,Pass,Pass,Pass,Pass,Pass,Pass,Pass,Pass,Pass,Pass,Pass,Pass,Pass,Pass,Pass,Skip,Pass,
03-03-2017,11:27:20,39.6,1,156180007884,PASS,Pass,Pass,Pass,Pass,Pass,Pass,Pass,Pass,Skip,Pass,Pass,Pass,Pass,Pass,Pass,Pass,Pass,Pass,Pass,Pass,Pass,Pass,Pass,Pass,Pass,Pass,Pass,Pass,Pass,Pass,Pass,Pass,Pass,Pass,Pass,Pass,Pass,Pass,Pass,Skip,Pass,
03-03-2017,11:27:53,40.6,3,156180007886,PASS,Pass,Pass,Pass,Pass,Pass,Pass,Pass,Pass,Skip,Pass,Pass,Pass,Pass,Pass,Pass,Pass,Pass,Pass,Pass,Pass,Pass,Pass,Pass,Pass,Pass,Pass,Pass,Pass,Pass,Pass,Pass,Pass,Pass,Pass,Pass,Pass,Pass,Pass,Pass,Skip,Pass,
03-03-2017,11:28:37,40.8,5,156180008371,PASS,Pass,Pass,Pass,Pass,Pass,Pass,Pass,Pass,Skip,Pass,Pass,Pass,Pass,Pass,Pass,Pass,Pass,Pass,Pass,Pass,Pass,Pass,Pass,Pass,Pass,Pass,Pass,Pass,Pass,Pass,Pass,Pass,Pass,Pass,Pass,Pass,Pass,Pass,Pass,Skip,Pass,
03-03-2017,11:39:07,3.2,1,,FAIL,ITAC fail code = 1,
03-03-2017,11:42:32,48.9,5,156180007463,PASS,Pass,Pass,Pass,Pass,Pass,Pass,Pass,Pass,Skip,Pass,Pass,Pass,Pass,Pass,Pass,Pass,Pass,Pass,Pass,Pass,Pass,Pass,Pass,Pass,Pass,Pass,Pass,Pass,Pass,Pass,Pass,Pass,Pass,Pass,Pass,Pass,Pass,Pass,Pass,Skip,Pass,
03-03-2017,11:42:33,51.3,2,156180007461,PASS,Pass,Pass,Pass,Pass,Pass,Pass,Pass,Pass,Skip,Pass,Pass,Pass,Pass,Pass,Pass,Pass,Pass,Pass,Pass,Pass,Pass,Pass,Pass,Pass,Pass,Pass,Pass,Pass,Pass,Pass,Pass,Pass,Pass,Pass,Pass,Pass,Pass,Pass,Pass,Skip,Pass,
03-03-2017,11:42:52,50.4,4,156180008241,PASS,Pass,Pass,Pass,Pass,Pass,Pass,Pass,Pass,Skip,Pass,Pass,Pass,Pass,Pass,Pass,Pass,Pass,Pass,Pass,Pass,Pass,Pass,Pass,Pass,Pass,Pass,Pass,Pass,Pass,Pass,Pass,Pass,Pass,Pass,Pass,Pass,Pass,Pass,Pass,Skip,Pass,
03-03-2017,11:43:22,49.4,6,156180008373,PASS,Pass,Pass,Pass,Pass,Pass,Pass,Pass,Pass,Skip,Pass,Pass,Pass,Pass,Pass,Pass,Pass,Pass,Pass,Pass,Pass,Pass,Pass,Pass,Pass,Pass,Pass,Pass,Pass,Pass,Pass,Pass,Pass,Pass,Pass,Pass,Pass,Pass,Pass,Pass,Skip,Pass,
03-03-2017,11:43:22,49.7,1,156180008381,PASS,Pass,Pass,Pass,Pass,Pass,Pass,Pass,Pass,Skip,Pass,Pass,Pass,Pass,Pass,Pass,Pass,Pass,Pass,Pass,Pass,Pass,Pass,Pass,Pass,Pass,Pass,Pass,Pass,Pass,Pass,Pass,Pass,Pass,Pass,Pass,Pass,Pass,Pass,Pass,Skip,Pass,
03-03-2017,11:43:42,50.3,3,156180008372,PASS,Pass,Pass,Pass,Pass,Pass,Pass,Pass,Pass,Skip,Pass,Pass,Pass,Pass,Pass,Pass,Pass,Pass,Pass,Pass,Pass,Pass,Pass,Pass,Pass,Pass,Pass,Pass,Pass,Pass,Pass,Pass,Pass,Pass,Pass,Pass,Pass,Pass,Pass,Pass,Skip,Pass,
03-03-2017,12:00:39,50.0,1,156180008384,PASS,Pass,Pass,Pass,Pass,Pass,Pass,Pass,Pass,Skip,Pass,Pass,Pass,Pass,Pass,Pass,Pass,Pass,Pass,Pass,Pass,Pass,Pass,Pass,Pass,Pass,Pass,Pass,Pass,Pass,Pass,Pass,Pass,Pass,Pass,Pass,Pass,Pass,Pass,Pass,Skip,Pass,
03-03-2017,12:00:42,50.2,3,156180008244,PASS,Pass,Pass,Pass,Pass,Pass,Pass,Pass,Pass,Skip,Pass,Pass,Pass,Pass,Pass,Pass,Pass,Pass,Pass,Pass,Pass,Pass,Pass,Pass,Pass,Pass,Pass,Pass,Pass,Pass,Pass,Pass,Pass,Pass,Pass,Pass,Pass,Pass,Pass,Pass,Skip,Pass,
03-03-2017,12:01:29,49.7,2,156180008376,PASS,Pass,Pass,Pass,Pass,Pass,Pass,Pass,Pass,Skip,Pass,Pass,Pass,Pass,Pass,Pass,Pass,Pass,Pass,Pass,Pass,Pass,Pass,Pass,Pass,Pass,Pass,Pass,Pass,Pass,Pass,Pass,Pass,Pass,Pass,Pass,Pass,Pass,Pass,Pass,Skip,Pass,
03-03-2017,12:01:32,47.9,5,156180008242,PASS,Pass,Pass,Pass,Pass,Pass,Pass,Pass,Pass,Skip,Pass,Pass,Pass,Pass,Pass,Pass,Pass,Pass,Pass,Pass,Pass,Pass,Pass,Pass,Pass,Pass,Pass,Pass,Pass,Pass,Pass,Pass,Pass,Pass,Pass,Pass,Pass,Pass,Pass,Pass,Skip,Pass,
03-03-2017,12:01:33,49.5,4,156180008245,PASS,Pass,Pass,Pass,Pass,Pass,Pass,Pass,Pass,Skip,Pass,Pass,Pass,Pass,Pass,Pass,Pass,Pass,Pass,Pass,Pass,Pass,Pass,Pass,Pass,Pass,Pass,Pass,Pass,Pass,Pass,Pass,Pass,Pass,Pass,Pass,Pass,Pass,Pass,Pass,Skip,Pass,
03-03-2017,12:02:17,48.0,1,156180008383,PASS,Pass,Pass,Pass,Pass,Pass,Pass,Pass,Pass,Skip,Pass,Pass,Pass,Pass,Pass,Pass,Pass,Pass,Pass,Pass,Pass,Pass,Pass,Pass,Pass,Pass,Pass,Pass,Pass,Pass,Pass,Pass,Pass,Pass,Pass,Pass,Pass,Pass,Pass,Pass,Skip,Pass,
03-03-2017,12:02:22,49.8,6,156180008243,PASS,Pass,Pass,Pass,Pass,Pass,Pass,Pass,Pass,Skip,Pass,Pass,Pass,Pass,Pass,Pass,Pass,Pass,Pass,Pass,Pass,Pass,Pass,Pass,Pass,Pass,Pass,Pass,Pass,Pass,Pass,Pass,Pass,Pass,Pass,Pass,Pass,Pass,Pass,Pass,Skip,Pass,
03-03-2017,12:02:22,48.9,3,156180008246,PASS,Pass,Pass,Pass,Pass,Pass,Pass,Pass,Pass,Skip,Pass,Pass,Pass,Pass,Pass,Pass,Pass,Pass,Pass,Pass,Pass,Pass,Pass,Pass,Pass,Pass,Pass,Pass,Pass,Pass,Pass,Pass,Pass,Pass,Pass,Pass,Pass,Pass,Pass,Pass,Skip,Pass,
03-03-2017,12:02:57,35.7,5,156180008386,FAIL,Pass,Pass,Pass,Pass,Pass,Pass,Pass,Pass,Skip,Pass,Pass,Pass,Pass,Pass,Pass,Pass,Pass,Pass,Pass,Pass,Pass,Pass,Pass,Pass,Fail,,,,,,,,,,,,,,,,,
03-03-2017,12:03:06,48.8,2,156180008385,PASS,Pass,Pass,Pass,Pass,Pass,Pass,Pass,Pass,Skip,Pass,Pass,Pass,Pass,Pass,Pass,Pass,Pass,Pass,Pass,Pass,Pass,Pass,Pass,Pass,Pass,Pass,Pass,Pass,Pass,Pass,Pass,Pass,Pass,Pass,Pass,Pass,Pass,Pass,Pass,Skip,Pass,
03-03-2017,12:03:12,50.4,4,156180008382,PASS,Pass,Pass,Pass,Pass,Pass,Pass,Pass,Pass,Skip,Pass,Pass,Pass,Pass,Pass,Pass,Pass,Pass,Pass,Pass,Pass,Pass,Pass,Pass,Pass,Pass,Pass,Pass,Pass,Pass,Pass,Pass,Pass,Pass,Pass,Pass,Pass,Pass,Pass,Pass,Skip,Pass,
03-03-2017,12:04:13,51.0,1,156180008386,PASS,Pass,Pass,Pass,Pass,Pass,Pass,Pass,Pass,Skip,Pass,Pass,Pass,Pass,Pass,Pass,Pass,Pass,Pass,Pass,Pass,Pass,Pass,Pass,Pass,Pass,Pass,Pass,Pass,Pass,Pass,Pass,Pass,Pass,Pass,Pass,Pass,Pass,Pass,Pass,Skip,Pass,
03-03-2017,12:04:31,31.6,5,156180008142,FAIL,Pass,Pass,Pass,Pass,Pass,Pass,Pass,Pass,Skip,Pass,Pass,Pass,Pass,Pass,Pass,Pass,Pass,Pass,Pass,Pass,Pass,Pass,Pass,Pass,Fail,,,,,,,,,,,,,,,,,
03-03-2017,12:05:03,49.0,2,156180008141,PASS,Pass,Pass,Pass,Pass,Pass,Pass,Pass,Pass,Skip,Pass,Pass,Pass,Pass,Pass,Pass,Pass,Pass,Pass,Pass,Pass,Pass,Pass,Pass,Pass,Pass,Pass,Pass,Pass,Pass,Pass,Pass,Pass,Pass,Pass,Pass,Pass,Pass,Pass,Pass,Skip,Pass,
03-03-2017,12:05:30,48.7,3,156180008142,PASS,Pass,Pass,Pass,Pass,Pass,Pass,Pass,Pass,Skip,Pass,Pass,Pass,Pass,Pass,Pass,Pass,Pass,Pass,Pass,Pass,Pass,Pass,Pass,Pass,Pass,Pass,Pass,Pass,Pass,Pass,Pass,Pass,Pass,Pass,Pass,Pass,Pass,Pass,Pass,Skip,Pass,
03-03-2017,12:05:52,49.3,1,156180008143,PASS,Pass,Pass,Pass,Pass,Pass,Pass,Pass,Pass,Skip,Pass,Pass,Pass,Pass,Pass,Pass,Pass,Pass,Pass,Pass,Pass,Pass,Pass,Pass,Pass,Pass,Pass,Pass,Pass,Pass,Pass,Pass,Pass,Pass,Pass,Pass,Pass,Pass,Pass,Pass,Skip,Pass,
03-03-2017,12:05:58,31.7,5,156180008145,FAIL,Pass,Pass,Pass,Pass,Pass,Pass,Pass,Pass,Skip,Pass,Pass,Pass,Pass,Pass,Pass,Pass,Pass,Pass,Pass,Pass,Pass,Pass,Pass,Pass,Fail,,,,,,,,,,,,,,,,,
03-03-2017,12:06:19,49.7,4,156180008144,PASS,Pass,Pass,Pass,Pass,Pass,Pass,Pass,Pass,Skip,Pass,Pass,Pass,Pass,Pass,Pass,Pass,Pass,Pass,Pass,Pass,Pass,Pass,Pass,Pass,Pass,Pass,Pass,Pass,Pass,Pass,Pass,Pass,Pass,Pass,Pass,Pass,Pass,Pass,Pass,Skip,Pass,
03-03-2017,12:06:40,48.0,2,156180008146,PASS,Pass,Pass,Pass,Pass,Pass,Pass,Pass,Pass,Skip,Pass,Pass,Pass,Pass,Pass,Pass,Pass,Pass,Pass,Pass,Pass,Pass,Pass,Pass,Pass,Pass,Pass,Pass,Pass,Pass,Pass,Pass,Pass,Pass,Pass,Pass,Pass,Pass,Pass,Pass,Skip,Pass,
03-03-2017,12:06:57,48.8,6,156180008222,PASS,Pass,Pass,Pass,Pass,Pass,Pass,Pass,Pass,Skip,Pass,Pass,Pass,Pass,Pass,Pass,Pass,Pass,Pass,Pass,Pass,Pass,Pass,Pass,Pass,Pass,Pass,Pass,Pass,Pass,Pass,Pass,Pass,Pass,Pass,Pass,Pass,Pass,Pass,Pass,Skip,Pass,
03-03-2017,12:07:09,49.2,3,156180008221,PASS,Pass,Pass,Pass,Pass,Pass,Pass,Pass,Pass,Skip,Pass,Pass,Pass,Pass,Pass,Pass,Pass,Pass,Pass,Pass,Pass,Pass,Pass,Pass,Pass,Pass,Pass,Pass,Pass,Pass,Pass,Pass,Pass,Pass,Pass,Pass,Pass,Pass,Pass,Pass,Skip,Pass,
03-03-2017,12:07:25,45.3,1,156180008145,PASS,Pass,Pass,Pass,Pass,Pass,Pass,Pass,Pass,Skip,Pass,Pass,Pass,Pass,Pass,Pass,Pass,Pass,Pass,Pass,Pass,Pass,Pass,Pass,Pass,Pass,Pass,Pass,Pass,Pass,Pass,Pass,Pass,Pass,Pass,Pass,Pass,Pass,Pass,Pass,Skip,Pass,
03-03-2017,12:07:49,40.1,4,156180008223,PASS,Pass,Pass,Pass,Pass,Pass,Pass,Pass,Pass,Skip,Pass,Pass,Pass,Pass,Pass,Pass,Pass,Pass,Pass,Pass,Pass,Pass,Pass,Pass,Pass,Pass,Pass,Pass,Pass,Pass,Pass,Pass,Pass,Pass,Pass,Pass,Pass,Pass,Pass,Pass,Skip,Pass,
03-03-2017,12:07:52,40.2,6,156180008225,PASS,Pass,Pass,Pass,Pass,Pass,Pass,Pass,Pass,Skip,Pass,Pass,Pass,Pass,Pass,Pass,Pass,Pass,Pass,Pass,Pass,Pass,Pass,Pass,Pass,Pass,Pass,Pass,Pass,Pass,Pass,Pass,Pass,Pass,Pass,Pass,Pass,Pass,Pass,Pass,Skip,Pass,
03-03-2017,12:08:05,39.6,2,156180008226,PASS,Pass,Pass,Pass,Pass,Pass,Pass,Pass,Pass,Skip,Pass,Pass,Pass,Pass,Pass,Pass,Pass,Pass,Pass,Pass,Pass,Pass,Pass,Pass,Pass,Pass,Pass,Pass,Pass,Pass,Pass,Pass,Pass,Pass,Pass,Pass,Pass,Pass,Pass,Pass,Skip,Pass,
03-03-2017,12:08:28,39.5,3,156180008224,PASS,Pass,Pass,Pass,Pass,Pass,Pass,Pass,Pass,Skip,Pass,Pass,Pass,Pass,Pass,Pass,Pass,Pass,Pass,Pass,Pass,Pass,Pass,Pass,Pass,Pass,Pass,Pass,Pass,Pass,Pass,Pass,Pass,Pass,Pass,Pass,Pass,Pass,Pass,Pass,Skip,Pass,
03-03-2017,12:08:38,39.6,6,156180008411,PASS,Pass,Pass,Pass,Pass,Pass,Pass,Pass,Pass,Skip,Pass,Pass,Pass,Pass,Pass,Pass,Pass,Pass,Pass,Pass,Pass,Pass,Pass,Pass,Pass,Pass,Pass,Pass,Pass,Pass,Pass,Pass,Pass,Pass,Pass,Pass,Pass,Pass,Pass,Pass,Skip,Pass,
03-03-2017,12:08:45,39.4,1,156180008412,PASS,Pass,Pass,Pass,Pass,Pass,Pass,Pass,Pass,Skip,Pass,Pass,Pass,Pass,Pass,Pass,Pass,Pass,Pass,Pass,Pass,Pass,Pass,Pass,Pass,Pass,Pass,Pass,Pass,Pass,Pass,Pass,Pass,Pass,Pass,Pass,Pass,Pass,Pass,Pass,Skip,Pass,
03-03-2017,12:09:09,40.2,4,156180008413,PASS,Pass,Pass,Pass,Pass,Pass,Pass,Pass,Pass,Skip,Pass,Pass,Pass,Pass,Pass,Pass,Pass,Pass,Pass,Pass,Pass,Pass,Pass,Pass,Pass,Pass,Pass,Pass,Pass,Pass,Pass,Pass,Pass,Pass,Pass,Pass,Pass,Pass,Pass,Pass,Skip,Pass,
03-03-2017,12:09:25,40.0,2,156180008415,PASS,Pass,Pass,Pass,Pass,Pass,Pass,Pass,Pass,Skip,Pass,Pass,Pass,Pass,Pass,Pass,Pass,Pass,Pass,Pass,Pass,Pass,Pass,Pass,Pass,Pass,Pass,Pass,Pass,Pass,Pass,Pass,Pass,Pass,Pass,Pass,Pass,Pass,Pass,Pass,Skip,Pass,
03-03-2017,12:09:28,40.4,6,156180008414,PASS,Pass,Pass,Pass,Pass,Pass,Pass,Pass,Pass,Skip,Pass,Pass,Pass,Pass,Pass,Pass,Pass,Pass,Pass,Pass,Pass,Pass,Pass,Pass,Pass,Pass,Pass,Pass,Pass,Pass,Pass,Pass,Pass,Pass,Pass,Pass,Pass,Pass,Pass,Pass,Skip,Pass,
03-03-2017,12:09:48,39.4,3,156180008416,PASS,Pass,Pass,Pass,Pass,Pass,Pass,Pass,Pass,Skip,Pass,Pass,Pass,Pass,Pass,Pass,Pass,Pass,Pass,Pass,Pass,Pass,Pass,Pass,Pass,Pass,Pass,Pass,Pass,Pass,Pass,Pass,Pass,Pass,Pass,Pass,Pass,Pass,Pass,Pass,Skip,Pass,
03-03-2017,12:13:56,50.3,1,155900131631,PASS,Pass,Pass,Pass,Pass,Pass,Pass,Pass,Pass,Skip,Pass,Pass,Pass,Pass,Pass,Pass,Pass,Pass,Pass,Pass,Pass,Pass,Pass,Pass,Pass,Pass,Pass,Pass,Pass,Pass,Pass,Pass,Pass,Pass,Pass,Pass,Pass,Pass,Pass,Pass,Skip,Pass,
03-03-2017,12:14:09,48.5,3,155900131632,PASS,Pass,Pass,Pass,Pass,Pass,Pass,Pass,Pass,Skip,Pass,Pass,Pass,Pass,Pass,Pass,Pass,Pass,Pass,Pass,Pass,Pass,Pass,Pass,Pass,Pass,Pass,Pass,Pass,Pass,Pass,Pass,Pass,Pass,Pass,Pass,Pass,Pass,Pass,Pass,Skip,Pass,
03-03-2017,12:14:23,49.2,5,155900131633,PASS,Pass,Pass,Pass,Pass,Pass,Pass,Pass,Pass,Skip,Pass,Pass,Pass,Pass,Pass,Pass,Pass,Pass,Pass,Pass,Pass,Pass,Pass,Pass,Pass,Pass,Pass,Pass,Pass,Pass,Pass,Pass,Pass,Pass,Pass,Pass,Pass,Pass,Pass,Pass,Skip,Pass,
03-03-2017,12:14:46,50.1,2,155900131634,PASS,Pass,Pass,Pass,Pass,Pass,Pass,Pass,Pass,Skip,Pass,Pass,Pass,Pass,Pass,Pass,Pass,Pass,Pass,Pass,Pass,Pass,Pass,Pass,Pass,Pass,Pass,Pass,Pass,Pass,Pass,Pass,Pass,Pass,Pass,Pass,Pass,Pass,Pass,Pass,Skip,Pass,
03-03-2017,12:15:00,50.8,4,155900131635,PASS,Pass,Pass,Pass,Pass,Pass,Pass,Pass,Pass,Skip,Pass,Pass,Pass,Pass,Pass,Pass,Pass,Pass,Pass,Pass,Pass,Pass,Pass,Pass,Pass,Pass,Pass,Pass,Pass,Pass,Pass,Pass,Pass,Pass,Pass,Pass,Pass,Pass,Pass,Pass,Skip,Pass,
03-03-2017,12:15:36,49.4,1,155900131636,PASS,Pass,Pass,Pass,Pass,Pass,Pass,Pass,Pass,Skip,Pass,Pass,Pass,Pass,Pass,Pass,Pass,Pass,Pass,Pass,Pass,Pass,Pass,Pass,Pass,Pass,Pass,Pass,Pass,Pass,Pass,Pass,Pass,Pass,Pass,Pass,Pass,Pass,Pass,Pass,Skip,Pass,
03-03-2017,12:15:39,50.6,5,155900131872,PASS,Pass,Pass,Pass,Pass,Pass,Pass,Pass,Pass,Skip,Pass,Pass,Pass,Pass,Pass,Pass,Pass,Pass,Pass,Pass,Pass,Pass,Pass,Pass,Pass,Pass,Pass,Pass,Pass,Pass,Pass,Pass,Pass,Pass,Pass,Pass,Pass,Pass,Pass,Pass,Skip,Pass,
03-03-2017,12:15:51,50.9,3,155900131871,PASS,Pass,Pass,Pass,Pass,Pass,Pass,Pass,Pass,Skip,Pass,Pass,Pass,Pass,Pass,Pass,Pass,Pass,Pass,Pass,Pass,Pass,Pass,Pass,Pass,Pass,Pass,Pass,Pass,Pass,Pass,Pass,Pass,Pass,Pass,Pass,Pass,Pass,Pass,Pass,Skip,Pass,
03-03-2017,12:16:27,50.7,2,155900131873,PASS,Pass,Pass,Pass,Pass,Pass,Pass,Pass,Pass,Skip,Pass,Pass,Pass,Pass,Pass,Pass,Pass,Pass,Pass,Pass,Pass,Pass,Pass,Pass,Pass,Pass,Pass,Pass,Pass,Pass,Pass,Pass,Pass,Pass,Pass,Pass,Pass,Pass,Pass,Pass,Skip,Pass,
03-03-2017,12:16:43,51.5,4,155900131874,PASS,Pass,Pass,Pass,Pass,Pass,Pass,Pass,Pass,Skip,Pass,Pass,Pass,Pass,Pass,Pass,Pass,Pass,Pass,Pass,Pass,Pass,Pass,Pass,Pass,Pass,Pass,Pass,Pass,Pass,Pass,Pass,Pass,Pass,Pass,Pass,Pass,Pass,Pass,Pass,Skip,Pass,
03-03-2017,12:17:03,51.0,5,155900131841,PASS,Pass,Pass,Pass,Pass,Pass,Pass,Pass,Pass,Skip,Pass,Pass,Pass,Pass,Pass,Pass,Pass,Pass,Pass,Pass,Pass,Pass,Pass,Pass,Pass,Pass,Pass,Pass,Pass,Pass,Pass,Pass,Pass,Pass,Pass,Pass,Pass,Pass,Pass,Pass,Skip,Pass,
03-03-2017,12:17:17,50.8,1,155900131875,PASS,Pass,Pass,Pass,Pass,Pass,Pass,Pass,Pass,Skip,Pass,Pass,Pass,Pass,Pass,Pass,Pass,Pass,Pass,Pass,Pass,Pass,Pass,Pass,Pass,Pass,Pass,Pass,Pass,Pass,Pass,Pass,Pass,Pass,Pass,Pass,Pass,Pass,Pass,Pass,Skip,Pass,
03-03-2017,12:17:32,49.1,3,155900131876,PASS,Pass,Pass,Pass,Pass,Pass,Pass,Pass,Pass,Skip,Pass,Pass,Pass,Pass,Pass,Pass,Pass,Pass,Pass,Pass,Pass,Pass,Pass,Pass,Pass,Pass,Pass,Pass,Pass,Pass,Pass,Pass,Pass,Pass,Pass,Pass,Pass,Pass,Pass,Pass,Skip,Pass,
03-03-2017,12:17:51,48.4,6,155900131842,PASS,Pass,Pass,Pass,Pass,Pass,Pass,Pass,Pass,Skip,Pass,Pass,Pass,Pass,Pass,Pass,Pass,Pass,Pass,Pass,Pass,Pass,Pass,Pass,Pass,Pass,Pass,Pass,Pass,Pass,Pass,Pass,Pass,Pass,Pass,Pass,Pass,Pass,Pass,Pass,Skip,Pass,
03-03-2017,12:18:01,43.4,2,155900131843,PASS,Pass,Pass,Pass,Pass,Pass,Pass,Pass,Pass,Skip,Pass,Pass,Pass,Pass,Pass,Pass,Pass,Pass,Pass,Pass,Pass,Pass,Pass,Pass,Pass,Pass,Pass,Pass,Pass,Pass,Pass,Pass,Pass,Pass,Pass,Pass,Pass,Pass,Pass,Pass,Skip,Pass,
03-03-2017,12:18:24,52.0,4,155900131844,PASS,Pass,Pass,Pass,Pass,Pass,Pass,Pass,Pass,Skip,Pass,Pass,Pass,Pass,Pass,Pass,Pass,Pass,Pass,Pass,Pass,Pass,Pass,Pass,Pass,Pass,Pass,Pass,Pass,Pass,Pass,Pass,Pass,Pass,Pass,Pass,Pass,Pass,Pass,Pass,Skip,Pass,
03-03-2017,12:18:42,50.7,5,155900131845,PASS,Pass,Pass,Pass,Pass,Pass,Pass,Pass,Pass,Skip,Pass,Pass,Pass,Pass,Pass,Pass,Pass,Pass,Pass,Pass,Pass,Pass,Pass,Pass,Pass,Pass,Pass,Pass,Pass,Pass,Pass,Pass,Pass,Pass,Pass,Pass,Pass,Pass,Pass,Pass,Skip,Pass,
03-03-2017,12:19:17,50.8,1,155900131861,PASS,Pass,Pass,Pass,Pass,Pass,Pass,Pass,Pass,Skip,Pass,Pass,Pass,Pass,Pass,Pass,Pass,Pass,Pass,Pass,Pass,Pass,Pass,Pass,Pass,Pass,Pass,Pass,Pass,Pass,Pass,Pass,Pass,Pass,Pass,Pass,Pass,Pass,Pass,Pass,Skip,Pass,
03-03-2017,12:19:22,51.4,3,155900131846,PASS,Pass,Pass,Pass,Pass,Pass,Pass,Pass,Pass,Skip,Pass,Pass,Pass,Pass,Pass,Pass,Pass,Pass,Pass,Pass,Pass,Pass,Pass,Pass,Pass,Pass,Pass,Pass,Pass,Pass,Pass,Pass,Pass,Pass,Pass,Pass,Pass,Pass,Pass,Pass,Skip,Pass,
03-03-2017,12:20:06,51.5,6,155900131864,PASS,Pass,Pass,Pass,Pass,Pass,Pass,Pass,Pass,Skip,Pass,Pass,Pass,Pass,Pass,Pass,Pass,Pass,Pass,Pass,Pass,Pass,Pass,Pass,Pass,Pass,Pass,Pass,Pass,Pass,Pass,Pass,Pass,Pass,Pass,Pass,Pass,Pass,Pass,Pass,Skip,Pass,
03-03-2017,12:20:09,51.7,2,155900131862,PASS,Pass,Pass,Pass,Pass,Pass,Pass,Pass,Pass,Skip,Pass,Pass,Pass,Pass,Pass,Pass,Pass,Pass,Pass,Pass,Pass,Pass,Pass,Pass,Pass,Pass,Pass,Pass,Pass,Pass,Pass,Pass,Pass,Pass,Pass,Pass,Pass,Pass,Pass,Pass,Skip,Pass,
03-03-2017,12:20:12,50.2,4,155900131863,PASS,Pass,Pass,Pass,Pass,Pass,Pass,Pass,Pass,Skip,Pass,Pass,Pass,Pass,Pass,Pass,Pass,Pass,Pass,Pass,Pass,Pass,Pass,Pass,Pass,Pass,Pass,Pass,Pass,Pass,Pass,Pass,Pass,Pass,Pass,Pass,Pass,Pass,Pass,Pass,Skip,Pass,
03-03-2017,12:21:00,46.5,3,155900131911,PASS,Pass,Pass,Pass,Pass,Pass,Pass,Pass,Pass,Skip,Pass,Pass,Pass,Pass,Pass,Pass,Pass,Pass,Pass,Pass,Pass,Pass,Pass,Pass,Pass,Pass,Pass,Pass,Pass,Pass,Pass,Pass,Pass,Pass,Pass,Pass,Pass,Pass,Pass,Pass,Skip,Pass,
03-03-2017,12:21:04,51.0,1,155900131912,PASS,Pass,Pass,Pass,Pass,Pass,Pass,Pass,Pass,Skip,Pass,Pass,Pass,Pass,Pass,Pass,Pass,Pass,Pass,Pass,Pass,Pass,Pass,Pass,Pass,Pass,Pass,Pass,Pass,Pass,Pass,Pass,Pass,Pass,Pass,Pass,Pass,Pass,Pass,Pass,Skip,Pass,
03-03-2017,12:21:28,50.5,5,155900131866,PASS,Pass,Pass,Pass,Pass,Pass,Pass,Pass,Pass,Skip,Pass,Pass,Pass,Pass,Pass,Pass,Pass,Pass,Pass,Pass,Pass,Pass,Pass,Pass,Pass,Pass,Pass,Pass,Pass,Pass,Pass,Pass,Pass,Pass,Pass,Pass,Pass,Pass,Pass,Pass,Skip,Pass,
03-03-2017,12:22:53,49.3,1,155900131916,PASS,Pass,Pass,Pass,Pass,Pass,Pass,Pass,Pass,Skip,Pass,Pass,Pass,Pass,Pass,Pass,Pass,Pass,Pass,Pass,Pass,Pass,Pass,Pass,Pass,Pass,Pass,Pass,Pass,Pass,Pass,Pass,Pass,Pass,Pass,Pass,Pass,Pass,Pass,Pass,Skip,Pass,
03-03-2017,12:23:10,63.1,3,155900131865,PASS,Pass,Pass,Pass,Pass,Pass,Pass,Pass,Pass,Skip,Pass,Pass,Pass,Pass,Pass,Pass,Pass,Pass,Pass,Pass,Pass,Pass,Pass,Pass,Pass,Pass,Pass,Pass,Pass,Pass,Pass,Pass,Pass,Pass,Pass,Pass,Pass,Pass,Pass,Pass,Skip,Pass,
03-03-2017,12:23:17,47.6,5,155900131914,PASS,Pass,Pass,Pass,Pass,Pass,Pass,Pass,Pass,Skip,Pass,Pass,Pass,Pass,Pass,Pass,Pass,Pass,Pass,Pass,Pass,Pass,Pass,Pass,Pass,Pass,Pass,Pass,Pass,Pass,Pass,Pass,Pass,Pass,Pass,Pass,Pass,Pass,Pass,Pass,Skip,Pass,
03-03-2017,12:23:34,41.2,2,155900131941,PASS,Pass,Pass,Pass,Pass,Pass,Pass,Pass,Pass,Skip,Pass,Pass,Pass,Pass,Pass,Pass,Pass,Pass,Pass,Pass,Pass,Pass,Pass,Pass,Pass,Pass,Pass,Pass,Pass,Pass,Pass,Pass,Pass,Pass,Pass,Pass,Pass,Pass,Pass,Pass,Skip,Pass,
03-03-2017,12:23:51,41.4,4,155900131913,PASS,Pass,Pass,Pass,Pass,Pass,Pass,Pass,Pass,Skip,Pass,Pass,Pass,Pass,Pass,Pass,Pass,Pass,Pass,Pass,Pass,Pass,Pass,Pass,Pass,Pass,Pass,Pass,Pass,Pass,Pass,Pass,Pass,Pass,Pass,Pass,Pass,Pass,Pass,Pass,Skip,Pass,
03-03-2017,12:24:01,39.4,6,155900131943,PASS,Pass,Pass,Pass,Pass,Pass,Pass,Pass,Pass,Skip,Pass,Pass,Pass,Pass,Pass,Pass,Pass,Pass,Pass,Pass,Pass,Pass,Pass,Pass,Pass,Pass,Pass,Pass,Pass,Pass,Pass,Pass,Pass,Pass,Pass,Pass,Pass,Pass,Pass,Pass,Skip,Pass,
03-03-2017,12:24:15,40.6,1,155900131944,PASS,Pass,Pass,Pass,Pass,Pass,Pass,Pass,Pass,Skip,Pass,Pass,Pass,Pass,Pass,Pass,Pass,Pass,Pass,Pass,Pass,Pass,Pass,Pass,Pass,Pass,Pass,Pass,Pass,Pass,Pass,Pass,Pass,Pass,Pass,Pass,Pass,Pass,Pass,Pass,Skip,Pass,
03-03-2017,12:24:32,40.6,3,155900131945,PASS,Pass,Pass,Pass,Pass,Pass,Pass,Pass,Pass,Skip,Pass,Pass,Pass,Pass,Pass,Pass,Pass,Pass,Pass,Pass,Pass,Pass,Pass,Pass,Pass,Pass,Pass,Pass,Pass,Pass,Pass,Pass,Pass,Pass,Pass,Pass,Pass,Pass,Pass,Pass,Skip,Pass,
03-03-2017,12:24:41,39.4,5,155900131942,PASS,Pass,Pass,Pass,Pass,Pass,Pass,Pass,Pass,Skip,Pass,Pass,Pass,Pass,Pass,Pass,Pass,Pass,Pass,Pass,Pass,Pass,Pass,Pass,Pass,Pass,Pass,Pass,Pass,Pass,Pass,Pass,Pass,Pass,Pass,Pass,Pass,Pass,Pass,Pass,Skip,Pass,
03-03-2017,12:24:57,41.6,2,155900131915,PASS,Pass,Pass,Pass,Pass,Pass,Pass,Pass,Pass,Skip,Pass,Pass,Pass,Pass,Pass,Pass,Pass,Pass,Pass,Pass,Pass,Pass,Pass,Pass,Pass,Pass,Pass,Pass,Pass,Pass,Pass,Pass,Pass,Pass,Pass,Pass,Pass,Pass,Pass,Pass,Skip,Pass,
03-03-2017,12:25:37,40.0,1,155900131951,PASS,Pass,Pass,Pass,Pass,Pass,Pass,Pass,Pass,Skip,Pass,Pass,Pass,Pass,Pass,Pass,Pass,Pass,Pass,Pass,Pass,Pass,Pass,Pass,Pass,Pass,Pass,Pass,Pass,Pass,Pass,Pass,Pass,Pass,Pass,Pass,Pass,Pass,Pass,Pass,Skip,Pass,
03-03-2017,12:26:04,40.7,3,155900131954,PASS,Pass,Pass,Pass,Pass,Pass,Pass,Pass,Pass,Skip,Pass,Pass,Pass,Pass,Pass,Pass,Pass,Pass,Pass,Pass,Pass,Pass,Pass,Pass,Pass,Pass,Pass,Pass,Pass,Pass,Pass,Pass,Pass,Pass,Pass,Pass,Pass,Pass,Pass,Pass,Skip,Pass,
03-03-2017,12:26:06,40.5,5,155900131952,PASS,Pass,Pass,Pass,Pass,Pass,Pass,Pass,Pass,Skip,Pass,Pass,Pass,Pass,Pass,Pass,Pass,Pass,Pass,Pass,Pass,Pass,Pass,Pass,Pass,Pass,Pass,Pass,Pass,Pass,Pass,Pass,Pass,Pass,Pass,Pass,Pass,Pass,Pass,Pass,Skip,Pass,
03-03-2017,12:26:44,66.8,2,155900131953,PASS,Pass,Pass,Pass,Pass,Pass,Pass,Pass,Pass,Skip,Pass,Pass,Pass,Pass,Pass,Pass,Pass,Pass,Pass,Pass,Pass,Pass,Pass,Pass,Pass,Pass,Pass,Pass,Pass,Pass,Pass,Pass,Pass,Pass,Pass,Pass,Pass,Pass,Pass,Pass,Skip,Pass,
03-03-2017,12:26:44,39.9,4,155900131955,PASS,Pass,Pass,Pass,Pass,Pass,Pass,Pass,Pass,Skip,Pass,Pass,Pass,Pass,Pass,Pass,Pass,Pass,Pass,Pass,Pass,Pass,Pass,Pass,Pass,Pass,Pass,Pass,Pass,Pass,Pass,Pass,Pass,Pass,Pass,Pass,Pass,Pass,Pass,Pass,Skip,Pass,
03-03-2017,12:26:45,39.3,6,155900131946,PASS,Pass,Pass,Pass,Pass,Pass,Pass,Pass,Pass,Skip,Pass,Pass,Pass,Pass,Pass,Pass,Pass,Pass,Pass,Pass,Pass,Pass,Pass,Pass,Pass,Pass,Pass,Pass,Pass,Pass,Pass,Pass,Pass,Pass,Pass,Pass,Pass,Pass,Pass,Pass,Skip,Pass,
03-03-2017,12:27:23,39.2,1,155900131956,PASS,Pass,Pass,Pass,Pass,Pass,Pass,Pass,Pass,Skip,Pass,Pass,Pass,Pass,Pass,Pass,Pass,Pass,Pass,Pass,Pass,Pass,Pass,Pass,Pass,Pass,Pass,Pass,Pass,Pass,Pass,Pass,Pass,Pass,Pass,Pass,Pass,Pass,Pass,Pass,Skip,Pass,
03-03-2017,12:27:24,39.0,3,155900131971,PASS,Pass,Pass,Pass,Pass,Pass,Pass,Pass,Pass,Skip,Pass,Pass,Pass,Pass,Pass,Pass,Pass,Pass,Pass,Pass,Pass,Pass,Pass,Pass,Pass,Pass,Pass,Pass,Pass,Pass,Pass,Pass,Pass,Pass,Pass,Pass,Pass,Pass,Pass,Pass,Skip,Pass,
03-03-2017,12:27:25,39.8,5,155900131972,PASS,Pass,Pass,Pass,Pass,Pass,Pass,Pass,Pass,Skip,Pass,Pass,Pass,Pass,Pass,Pass,Pass,Pass,Pass,Pass,Pass,Pass,Pass,Pass,Pass,Pass,Pass,Pass,Pass,Pass,Pass,Pass,Pass,Pass,Pass,Pass,Pass,Pass,Pass,Pass,Skip,Pass,
03-03-2017,12:28:03,39.9,2,155900131974,PASS,Pass,Pass,Pass,Pass,Pass,Pass,Pass,Pass,Skip,Pass,Pass,Pass,Pass,Pass,Pass,Pass,Pass,Pass,Pass,Pass,Pass,Pass,Pass,Pass,Pass,Pass,Pass,Pass,Pass,Pass,Pass,Pass,Pass,Pass,Pass,Pass,Pass,Pass,Pass,Skip,Pass,
03-03-2017,12:28:05,40.0,6,155900131975,PASS,Pass,Pass,Pass,Pass,Pass,Pass,Pass,Pass,Skip,Pass,Pass,Pass,Pass,Pass,Pass,Pass,Pass,Pass,Pass,Pass,Pass,Pass,Pass,Pass,Pass,Pass,Pass,Pass,Pass,Pass,Pass,Pass,Pass,Pass,Pass,Pass,Pass,Pass,Pass,Skip,Pass,
03-03-2017,12:28:44,80.4,4,155900131973,FAIL,Pass,Pass,Pass,Pass,Pass,Pass,Pass,Pass,Skip,Pass,Pass,Pass,Pass,Pass,Pass,Pass,Pass,Pass,Pass,Pass,Pass,Pass,Pass,Pass,Pass,Pass,Pass,Pass,Pass,Pass,Pass,Pass,Pass,Pass,Pass,Pass,Pass,Fail,,,,
03-03-2017,12:28:50,40.0,1,155900131976,PASS,Pass,Pass,Pass,Pass,Pass,Pass,Pass,Pass,Skip,Pass,Pass,Pass,Pass,Pass,Pass,Pass,Pass,Pass,Pass,Pass,Pass,Pass,Pass,Pass,Pass,Pass,Pass,Pass,Pass,Pass,Pass,Pass,Pass,Pass,Pass,Pass,Pass,Pass,Pass,Skip,Pass,
03-03-2017,12:29:24,13.4,4,155900131973,FAIL,Pass,Fail,,,,,,,,,,,,,,,,,,,,,,,,,,,,,,,,,,,,,,,,
03-03-2017,12:29:53,49.4,6,155900131973,PASS,Pass,Pass,Pass,Pass,Pass,Pass,Pass,Pass,Skip,Pass,Pass,Pass,Pass,Pass,Pass,Pass,Pass,Pass,Pass,Pass,Pass,Pass,Pass,Pass,Pass,Pass,Pass,Pass,Pass,Pass,Pass,Pass,Pass,Pass,Pass,Pass,Pass,Pass,Pass,Skip,Pass,
03-03-2017,12:30:04,39.9,3,155900130272,PASS,Pass,Pass,Pass,Pass,Pass,Pass,Pass,Pass,Skip,Pass,Pass,Pass,Pass,Pass,Pass,Pass,Pass,Pass,Pass,Pass,Pass,Pass,Pass,Pass,Pass,Pass,Pass,Pass,Pass,Pass,Pass,Pass,Pass,Pass,Pass,Pass,Pass,Pass,Pass,Skip,Pass,
03-03-2017,12:30:18,13.4,4,155900131973,FAIL,Pass,Fail,,,,,,,,,,,,,,,,,,,,,,,,,,,,,,,,,,,,,,,,
03-03-2017,12:30:40,46.9,5,155900130271,PASS,Pass,Pass,Pass,Pass,Pass,Pass,Pass,Pass,Skip,Pass,Pass,Pass,Pass,Pass,Pass,Pass,Pass,Pass,Pass,Pass,Pass,Pass,Pass,Pass,Pass,Pass,Pass,Pass,Pass,Pass,Pass,Pass,Pass,Pass,Pass,Pass,Pass,Pass,Pass,Skip,Pass,
03-03-2017,12:30:54,45.6,1,155900130275,PASS,Pass,Pass,Pass,Pass,Pass,Pass,Pass,Pass,Skip,Pass,Pass,Pass,Pass,Pass,Pass,Pass,Pass,Pass,Pass,Pass,Pass,Pass,Pass,Pass,Pass,Pass,Pass,Pass,Pass,Pass,Pass,Pass,Pass,Pass,Pass,Pass,Pass,Pass,Pass,Skip,Pass,
03-03-2017,12:31:07,42.2,3,155900130274,PASS,Pass,Pass,Pass,Pass,Pass,Pass,Pass,Pass,Skip,Pass,Pass,Pass,Pass,Pass,Pass,Pass,Pass,Pass,Pass,Pass,Pass,Pass,Pass,Pass,Pass,Pass,Pass,Pass,Pass,Pass,Pass,Pass,Pass,Pass,Pass,Pass,Pass,Pass,Pass,Skip,Pass,
03-03-2017,12:31:23,43.1,6,155900131991,PASS,Pass,Pass,Pass,Pass,Pass,Pass,Pass,Pass,Skip,Pass,Pass,Pass,Pass,Pass,Pass,Pass,Pass,Pass,Pass,Pass,Pass,Pass,Pass,Pass,Pass,Pass,Pass,Pass,Pass,Pass,Pass,Pass,Pass,Pass,Pass,Pass,Pass,Pass,Pass,Skip,Pass,
03-03-2017,12:31:33,39.1,2,155900130276,PASS,Pass,Pass,Pass,Pass,Pass,Pass,Pass,Pass,Skip,Pass,Pass,Pass,Pass,Pass,Pass,Pass,Pass,Pass,Pass,Pass,Pass,Pass,Pass,Pass,Pass,Pass,Pass,Pass,Pass,Pass,Pass,Pass,Pass,Pass,Pass,Pass,Pass,Pass,Pass,Skip,Pass,
03-03-2017,12:31:57,39.6,3,155900131994,PASS,Pass,Pass,Pass,Pass,Pass,Pass,Pass,Pass,Skip,Pass,Pass,Pass,Pass,Pass,Pass,Pass,Pass,Pass,Pass,Pass,Pass,Pass,Pass,Pass,Pass,Pass,Pass,Pass,Pass,Pass,Pass,Pass,Pass,Pass,Pass,Pass,Pass,Pass,Pass,Skip,Pass,
03-03-2017,12:32:04,41.3,5,155900131992,PASS,Pass,Pass,Pass,Pass,Pass,Pass,Pass,Pass,Skip,Pass,Pass,Pass,Pass,Pass,Pass,Pass,Pass,Pass,Pass,Pass,Pass,Pass,Pass,Pass,Pass,Pass,Pass,Pass,Pass,Pass,Pass,Pass,Pass,Pass,Pass,Pass,Pass,Pass,Pass,Skip,Pass,
03-03-2017,12:32:13,40.0,1,155900131993,PASS,Pass,Pass,Pass,Pass,Pass,Pass,Pass,Pass,Skip,Pass,Pass,Pass,Pass,Pass,Pass,Pass,Pass,Pass,Pass,Pass,Pass,Pass,Pass,Pass,Pass,Pass,Pass,Pass,Pass,Pass,Pass,Pass,Pass,Pass,Pass,Pass,Pass,Pass,Pass,Skip,Pass,
03-03-2017,12:32:43,39.3,3,155900131981,PASS,Pass,Pass,Pass,Pass,Pass,Pass,Pass,Pass,Skip,Pass,Pass,Pass,Pass,Pass,Pass,Pass,Pass,Pass,Pass,Pass,Pass,Pass,Pass,Pass,Pass,Pass,Pass,Pass,Pass,Pass,Pass,Pass,Pass,Pass,Pass,Pass,Pass,Pass,Pass,Skip,Pass,
03-03-2017,12:32:45,40.4,6,155900131995,PASS,Pass,Pass,Pass,Pass,Pass,Pass,Pass,Pass,Skip,Pass,Pass,Pass,Pass,Pass,Pass,Pass,Pass,Pass,Pass,Pass,Pass,Pass,Pass,Pass,Pass,Pass,Pass,Pass,Pass,Pass,Pass,Pass,Pass,Pass,Pass,Pass,Pass,Pass,Pass,Skip,Pass,
03-03-2017,12:32:53,39.3,2,155900131996,PASS,Pass,Pass,Pass,Pass,Pass,Pass,Pass,Pass,Skip,Pass,Pass,Pass,Pass,Pass,Pass,Pass,Pass,Pass,Pass,Pass,Pass,Pass,Pass,Pass,Pass,Pass,Pass,Pass,Pass,Pass,Pass,Pass,Pass,Pass,Pass,Pass,Pass,Pass,Pass,Skip,Pass,
03-03-2017,12:33:24,39.4,5,155900131983,PASS,Pass,Pass,Pass,Pass,Pass,Pass,Pass,Pass,Skip,Pass,Pass,Pass,Pass,Pass,Pass,Pass,Pass,Pass,Pass,Pass,Pass,Pass,Pass,Pass,Pass,Pass,Pass,Pass,Pass,Pass,Pass,Pass,Pass,Pass,Pass,Pass,Pass,Pass,Pass,Skip,Pass,
03-03-2017,12:33:28,39.8,3,155900131984,PASS,Pass,Pass,Pass,Pass,Pass,Pass,Pass,Pass,Skip,Pass,Pass,Pass,Pass,Pass,Pass,Pass,Pass,Pass,Pass,Pass,Pass,Pass,Pass,Pass,Pass,Pass,Pass,Pass,Pass,Pass,Pass,Pass,Pass,Pass,Pass,Pass,Pass,Pass,Pass,Skip,Pass,
03-03-2017,12:33:32,39.3,1,155900131982,PASS,Pass,Pass,Pass,Pass,Pass,Pass,Pass,Pass,Skip,Pass,Pass,Pass,Pass,Pass,Pass,Pass,Pass,Pass,Pass,Pass,Pass,Pass,Pass,Pass,Pass,Pass,Pass,Pass,Pass,Pass,Pass,Pass,Pass,Pass,Pass,Pass,Pass,Pass,Pass,Skip,Pass,
03-03-2017,12:34:05,40.3,6,155900131986,PASS,Pass,Pass,Pass,Pass,Pass,Pass,Pass,Pass,Skip,Pass,Pass,Pass,Pass,Pass,Pass,Pass,Pass,Pass,Pass,Pass,Pass,Pass,Pass,Pass,Pass,Pass,Pass,Pass,Pass,Pass,Pass,Pass,Pass,Pass,Pass,Pass,Pass,Pass,Pass,Skip,Pass,
03-03-2017,12:34:11,39.2,2,155900131985,PASS,Pass,Pass,Pass,Pass,Pass,Pass,Pass,Pass,Skip,Pass,Pass,Pass,Pass,Pass,Pass,Pass,Pass,Pass,Pass,Pass,Pass,Pass,Pass,Pass,Pass,Pass,Pass,Pass,Pass,Pass,Pass,Pass,Pass,Pass,Pass,Pass,Pass,Pass,Pass,Skip,Pass,
03-03-2017,12:34:23,40.7,3,155900132002,PASS,Pass,Pass,Pass,Pass,Pass,Pass,Pass,Pass,Skip,Pass,Pass,Pass,Pass,Pass,Pass,Pass,Pass,Pass,Pass,Pass,Pass,Pass,Pass,Pass,Pass,Pass,Pass,Pass,Pass,Pass,Pass,Pass,Pass,Pass,Pass,Pass,Pass,Pass,Pass,Skip,Pass,
03-03-2017,12:34:46,41.3,5,155900132001,PASS,Pass,Pass,Pass,Pass,Pass,Pass,Pass,Pass,Skip,Pass,Pass,Pass,Pass,Pass,Pass,Pass,Pass,Pass,Pass,Pass,Pass,Pass,Pass,Pass,Pass,Pass,Pass,Pass,Pass,Pass,Pass,Pass,Pass,Pass,Pass,Pass,Pass,Pass,Pass,Skip,Pass,
03-03-2017,12:34:51,39.8,1,155900132003,PASS,Pass,Pass,Pass,Pass,Pass,Pass,Pass,Pass,Skip,Pass,Pass,Pass,Pass,Pass,Pass,Pass,Pass,Pass,Pass,Pass,Pass,Pass,Pass,Pass,Pass,Pass,Pass,Pass,Pass,Pass,Pass,Pass,Pass,Pass,Pass,Pass,Pass,Pass,Pass,Skip,Pass,
03-03-2017,12:35:16,39.8,3,155900132005,PASS,Pass,Pass,Pass,Pass,Pass,Pass,Pass,Pass,Skip,Pass,Pass,Pass,Pass,Pass,Pass,Pass,Pass,Pass,Pass,Pass,Pass,Pass,Pass,Pass,Pass,Pass,Pass,Pass,Pass,Pass,Pass,Pass,Pass,Pass,Pass,Pass,Pass,Pass,Pass,Skip,Pass,
03-03-2017,12:35:28,40.9,6,155900132006,PASS,Pass,Pass,Pass,Pass,Pass,Pass,Pass,Pass,Skip,Pass,Pass,Pass,Pass,Pass,Pass,Pass,Pass,Pass,Pass,Pass,Pass,Pass,Pass,Pass,Pass,Pass,Pass,Pass,Pass,Pass,Pass,Pass,Pass,Pass,Pass,Pass,Pass,Pass,Pass,Skip,Pass,
03-03-2017,12:35:32,40.3,2,155900132004,PASS,Pass,Pass,Pass,Pass,Pass,Pass,Pass,Pass,Skip,Pass,Pass,Pass,Pass,Pass,Pass,Pass,Pass,Pass,Pass,Pass,Pass,Pass,Pass,Pass,Pass,Pass,Pass,Pass,Pass,Pass,Pass,Pass,Pass,Pass,Pass,Pass,Pass,Pass,Pass,Skip,Pass,
03-03-2017,12:36:09,40.8,5,155900132022,PASS,Pass,Pass,Pass,Pass,Pass,Pass,Pass,Pass,Skip,Pass,Pass,Pass,Pass,Pass,Pass,Pass,Pass,Pass,Pass,Pass,Pass,Pass,Pass,Pass,Pass,Pass,Pass,Pass,Pass,Pass,Pass,Pass,Pass,Pass,Pass,Pass,Pass,Pass,Pass,Skip,Pass,
03-03-2017,12:36:11,39.1,1,155900132021,PASS,Pass,Pass,Pass,Pass,Pass,Pass,Pass,Pass,Skip,Pass,Pass,Pass,Pass,Pass,Pass,Pass,Pass,Pass,Pass,Pass,Pass,Pass,Pass,Pass,Pass,Pass,Pass,Pass,Pass,Pass,Pass,Pass,Pass,Pass,Pass,Pass,Pass,Pass,Pass,Skip,Pass,
03-03-2017,12:37:10,39.2,1,155900132023,PASS,Pass,Pass,Pass,Pass,Pass,Pass,Pass,Pass,Skip,Pass,Pass,Pass,Pass,Pass,Pass,Pass,Pass,Pass,Pass,Pass,Pass,Pass,Pass,Pass,Pass,Pass,Pass,Pass,Pass,Pass,Pass,Pass,Pass,Pass,Pass,Pass,Pass,Pass,Pass,Skip,Pass,
03-03-2017,12:37:29,39.0,3,155900132024,PASS,Pass,Pass,Pass,Pass,Pass,Pass,Pass,Pass,Skip,Pass,Pass,Pass,Pass,Pass,Pass,Pass,Pass,Pass,Pass,Pass,Pass,Pass,Pass,Pass,Pass,Pass,Pass,Pass,Pass,Pass,Pass,Pass,Pass,Pass,Pass,Pass,Pass,Pass,Pass,Skip,Pass,
03-03-2017,12:37:40,39.6,5,155900132025,PASS,Pass,Pass,Pass,Pass,Pass,Pass,Pass,Pass,Skip,Pass,Pass,Pass,Pass,Pass,Pass,Pass,Pass,Pass,Pass,Pass,Pass,Pass,Pass,Pass,Pass,Pass,Pass,Pass,Pass,Pass,Pass,Pass,Pass,Pass,Pass,Pass,Pass,Pass,Pass,Skip,Pass,
03-03-2017,12:37:53,40.0,2,155900132026,PASS,Pass,Pass,Pass,Pass,Pass,Pass,Pass,Pass,Skip,Pass,Pass,Pass,Pass,Pass,Pass,Pass,Pass,Pass,Pass,Pass,Pass,Pass,Pass,Pass,Pass,Pass,Pass,Pass,Pass,Pass,Pass,Pass,Pass,Pass,Pass,Pass,Pass,Pass,Pass,Skip,Pass,
03-03-2017,12:38:21,39.1,3,155900132012,PASS,Pass,Pass,Pass,Pass,Pass,Pass,Pass,Pass,Skip,Pass,Pass,Pass,Pass,Pass,Pass,Pass,Pass,Pass,Pass,Pass,Pass,Pass,Pass,Pass,Pass,Pass,Pass,Pass,Pass,Pass,Pass,Pass,Pass,Pass,Pass,Pass,Pass,Pass,Pass,Skip,Pass,
03-03-2017,12:38:32,39.2,1,155900132011,PASS,Pass,Pass,Pass,Pass,Pass,Pass,Pass,Pass,Skip,Pass,Pass,Pass,Pass,Pass,Pass,Pass,Pass,Pass,Pass,Pass,Pass,Pass,Pass,Pass,Pass,Pass,Pass,Pass,Pass,Pass,Pass,Pass,Pass,Pass,Pass,Pass,Pass,Pass,Pass,Skip,Pass,
03-03-2017,12:38:36,39.1,5,155900132013,PASS,Pass,Pass,Pass,Pass,Pass,Pass,Pass,Pass,Skip,Pass,Pass,Pass,Pass,Pass,Pass,Pass,Pass,Pass,Pass,Pass,Pass,Pass,Pass,Pass,Pass,Pass,Pass,Pass,Pass,Pass,Pass,Pass,Pass,Pass,Pass,Pass,Pass,Pass,Pass,Skip,Pass,
03-03-2017,12:39:12,39.9,2,155900132014,PASS,Pass,Pass,Pass,Pass,Pass,Pass,Pass,Pass,Skip,Pass,Pass,Pass,Pass,Pass,Pass,Pass,Pass,Pass,Pass,Pass,Pass,Pass,Pass,Pass,Pass,Pass,Pass,Pass,Pass,Pass,Pass,Pass,Pass,Pass,Pass,Pass,Pass,Pass,Pass,Skip,Pass,
03-03-2017,12:39:16,40.0,6,155900132015,PASS,Pass,Pass,Pass,Pass,Pass,Pass,Pass,Pass,Skip,Pass,Pass,Pass,Pass,Pass,Pass,Pass,Pass,Pass,Pass,Pass,Pass,Pass,Pass,Pass,Pass,Pass,Pass,Pass,Pass,Pass,Pass,Pass,Pass,Pass,Pass,Pass,Pass,Pass,Pass,Skip,Pass,
03-03-2017,12:39:50,24.1,3,155900132016,FAIL,Pass,Pass,Pass,Pass,Pass,Pass,Pass,Pass,Skip,Pass,Pass,Pass,Pass,Pass,Pass,Pass,Pass,Pass,Pass,Pass,Pass,Pass,Pass,Pass,Pass,Pass,Pass,Fail,,,,,,,,,,,,,,
03-03-2017,12:40:04,40.0,1,155900132031,PASS,Pass,Pass,Pass,Pass,Pass,Pass,Pass,Pass,Skip,Pass,Pass,Pass,Pass,Pass,Pass,Pass,Pass,Pass,Pass,Pass,Pass,Pass,Pass,Pass,Pass,Pass,Pass,Pass,Pass,Pass,Pass,Pass,Pass,Pass,Pass,Pass,Pass,Pass,Pass,Skip,Pass,
03-03-2017,12:40:43,39.2,2,155900132016,PASS,Pass,Pass,Pass,Pass,Pass,Pass,Pass,Pass,Skip,Pass,Pass,Pass,Pass,Pass,Pass,Pass,Pass,Pass,Pass,Pass,Pass,Pass,Pass,Pass,Pass,Pass,Pass,Pass,Pass,Pass,Pass,Pass,Pass,Pass,Pass,Pass,Pass,Pass,Pass,Skip,Pass,
03-03-2017,12:40:48,41.5,5,155900132033,PASS,Pass,Pass,Pass,Pass,Pass,Pass,Pass,Pass,Skip,Pass,Pass,Pass,Pass,Pass,Pass,Pass,Pass,Pass,Pass,Pass,Pass,Pass,Pass,Pass,Pass,Pass,Pass,Pass,Pass,Pass,Pass,Pass,Pass,Pass,Pass,Pass,Pass,Pass,Pass,Skip,Pass,
03-03-2017,12:41:00,54.8,3,155900132034,FAIL,Pass,Pass,Pass,Pass,Pass,Pass,Pass,Pass,Skip,Pass,Pass,Pass,Pass,Pass,Pass,Pass,Pass,Pass,Pass,Pass,Pass,Pass,Pass,Pass,Fail,,,,,,,,,,,,,,,,,
03-03-2017,12:41:24,40.6,1,155900132035,PASS,Pass,Pass,Pass,Pass,Pass,Pass,Pass,Pass,Skip,Pass,Pass,Pass,Pass,Pass,Pass,Pass,Pass,Pass,Pass,Pass,Pass,Pass,Pass,Pass,Pass,Pass,Pass,Pass,Pass,Pass,Pass,Pass,Pass,Pass,Pass,Pass,Pass,Pass,Pass,Skip,Pass,
03-03-2017,12:41:28,39.6,6,155900132032,PASS,Pass,Pass,Pass,Pass,Pass,Pass,Pass,Pass,Skip,Pass,Pass,Pass,Pass,Pass,Pass,Pass,Pass,Pass,Pass,Pass,Pass,Pass,Pass,Pass,Pass,Pass,Pass,Pass,Pass,Pass,Pass,Pass,Pass,Pass,Pass,Pass,Pass,Pass,Pass,Skip,Pass,
03-03-2017,12:42:04,39.9,2,155900132041,PASS,Pass,Pass,Pass,Pass,Pass,Pass,Pass,Pass,Skip,Pass,Pass,Pass,Pass,Pass,Pass,Pass,Pass,Pass,Pass,Pass,Pass,Pass,Pass,Pass,Pass,Pass,Pass,Pass,Pass,Pass,Pass,Pass,Pass,Pass,Pass,Pass,Pass,Pass,Pass,Skip,Pass,
03-03-2017,12:42:09,40.8,5,155900132036,PASS,Pass,Pass,Pass,Pass,Pass,Pass,Pass,Pass,Skip,Pass,Pass,Pass,Pass,Pass,Pass,Pass,Pass,Pass,Pass,Pass,Pass,Pass,Pass,Pass,Pass,Pass,Pass,Pass,Pass,Pass,Pass,Pass,Pass,Pass,Pass,Pass,Pass,Pass,Pass,Skip,Pass,
03-03-2017,12:42:13,54.9,3,155900132042,FAIL,Pass,Pass,Pass,Pass,Pass,Pass,Pass,Pass,Skip,Pass,Pass,Pass,Pass,Pass,Pass,Pass,Pass,Pass,Pass,Pass,Pass,Pass,Pass,Pass,Fail,,,,,,,,,,,,,,,,,
03-03-2017,12:42:49,13.4,4,155900131973,FAIL,Pass,Fail,,,,,,,,,,,,,,,,,,,,,,,,,,,,,,,,,,,,,,,,
03-03-2017,12:42:55,51.2,1,155900132034,PASS,Pass,Pass,Pass,Pass,Pass,Pass,Pass,Pass,Skip,Pass,Pass,Pass,Pass,Pass,Pass,Pass,Pass,Pass,Pass,Pass,Pass,Pass,Pass,Pass,Pass,Pass,Pass,Pass,Pass,Pass,Pass,Pass,Pass,Pass,Pass,Pass,Pass,Pass,Pass,Skip,Pass,
03-03-2017,12:42:59,50.0,6,155900132043,PASS,Pass,Pass,Pass,Pass,Pass,Pass,Pass,Pass,Skip,Pass,Pass,Pass,Pass,Pass,Pass,Pass,Pass,Pass,Pass,Pass,Pass,Pass,Pass,Pass,Pass,Pass,Pass,Pass,Pass,Pass,Pass,Pass,Pass,Pass,Pass,Pass,Pass,Pass,Pass,Skip,Pass,
03-03-2017,12:43:35,40.0,2,155900132046,PASS,Pass,Pass,Pass,Pass,Pass,Pass,Pass,Pass,Skip,Pass,Pass,Pass,Pass,Pass,Pass,Pass,Pass,Pass,Pass,Pass,Pass,Pass,Pass,Pass,Pass,Pass,Pass,Pass,Pass,Pass,Pass,Pass,Pass,Pass,Pass,Pass,Pass,Pass,Pass,Skip,Pass,
03-03-2017,12:43:38,39.4,5,155900132045,PASS,Pass,Pass,Pass,Pass,Pass,Pass,Pass,Pass,Skip,Pass,Pass,Pass,Pass,Pass,Pass,Pass,Pass,Pass,Pass,Pass,Pass,Pass,Pass,Pass,Pass,Pass,Pass,Pass,Pass,Pass,Pass,Pass,Pass,Pass,Pass,Pass,Pass,Pass,Pass,Skip,Pass,
03-03-2017,12:48:00,56.6,1,155900132051,PASS,Pass,Pass,Pass,Pass,Pass,Pass,Pass,Pass,Skip,Pass,Pass,Pass,Pass,Pass,Pass,Pass,Pass,Pass,Pass,Pass,Pass,Pass,Pass,Pass,Pass,Pass,Pass,Pass,Pass,Pass,Pass,Pass,Pass,Pass,Pass,Pass,Pass,Pass,Pass,Skip,Pass,
03-03-2017,12:48:01,55.2,3,155900132055,PASS,Pass,Pass,Pass,Pass,Pass,Pass,Pass,Pass,Skip,Pass,Pass,Pass,Pass,Pass,Pass,Pass,Pass,Pass,Pass,Pass,Pass,Pass,Pass,Pass,Pass,Pass,Pass,Pass,Pass,Pass,Pass,Pass,Pass,Pass,Pass,Pass,Pass,Pass,Pass,Skip,Pass,
03-03-2017,12:48:02,55.2,5,155900132053,PASS,Pass,Pass,Pass,Pass,Pass,Pass,Pass,Pass,Skip,Pass,Pass,Pass,Pass,Pass,Pass,Pass,Pass,Pass,Pass,Pass,Pass,Pass,Pass,Pass,Pass,Pass,Pass,Pass,Pass,Pass,Pass,Pass,Pass,Pass,Pass,Pass,Pass,Pass,Pass,Skip,Pass,
03-03-2017,12:48:53,50.9,6,155900132042,PASS,Pass,Pass,Pass,Pass,Pass,Pass,Pass,Pass,Skip,Pass,Pass,Pass,Pass,Pass,Pass,Pass,Pass,Pass,Pass,Pass,Pass,Pass,Pass,Pass,Pass,Pass,Pass,Pass,Pass,Pass,Pass,Pass,Pass,Pass,Pass,Pass,Pass,Pass,Pass,Skip,Pass,
03-03-2017,12:48:54,53.2,2,155900132056,PASS,Pass,Pass,Pass,Pass,Pass,Pass,Pass,Pass,Skip,Pass,Pass,Pass,Pass,Pass,Pass,Pass,Pass,Pass,Pass,Pass,Pass,Pass,Pass,Pass,Pass,Pass,Pass,Pass,Pass,Pass,Pass,Pass,Pass,Pass,Pass,Pass,Pass,Pass,Pass,Skip,Pass,
03-03-2017,12:48:54,53.0,4,155900132054,PASS,Pass,Pass,Pass,Pass,Pass,Pass,Pass,Pass,Skip,Pass,Pass,Pass,Pass,Pass,Pass,Pass,Pass,Pass,Pass,Pass,Pass,Pass,Pass,Pass,Pass,Pass,Pass,Pass,Pass,Pass,Pass,Pass,Pass,Pass,Pass,Pass,Pass,Pass,Pass,Skip,Pass,
03-03-2017,12:49:43,50.2,5,155900131801,PASS,Pass,Pass,Pass,Pass,Pass,Pass,Pass,Pass,Skip,Pass,Pass,Pass,Pass,Pass,Pass,Pass,Pass,Pass,Pass,Pass,Pass,Pass,Pass,Pass,Pass,Pass,Pass,Pass,Pass,Pass,Pass,Pass,Pass,Pass,Pass,Pass,Pass,Pass,Pass,Skip,Pass,
03-03-2017,12:49:44,50.0,1,155900131805,PASS,Pass,Pass,Pass,Pass,Pass,Pass,Pass,Pass,Skip,Pass,Pass,Pass,Pass,Pass,Pass,Pass,Pass,Pass,Pass,Pass,Pass,Pass,Pass,Pass,Pass,Pass,Pass,Pass,Pass,Pass,Pass,Pass,Pass,Pass,Pass,Pass,Pass,Pass,Pass,Skip,Pass,
03-03-2017,12:49:44,50.1,3,155900131802,PASS,Pass,Pass,Pass,Pass,Pass,Pass,Pass,Pass,Skip,Pass,Pass,Pass,Pass,Pass,Pass,Pass,Pass,Pass,Pass,Pass,Pass,Pass,Pass,Pass,Pass,Pass,Pass,Pass,Pass,Pass,Pass,Pass,Pass,Pass,Pass,Pass,Pass,Pass,Pass,Skip,Pass,
03-03-2017,12:50:32,49.2,6,155900131351,PASS,Pass,Pass,Pass,Pass,Pass,Pass,Pass,Pass,Skip,Pass,Pass,Pass,Pass,Pass,Pass,Pass,Pass,Pass,Pass,Pass,Pass,Pass,Pass,Pass,Pass,Pass,Pass,Pass,Pass,Pass,Pass,Pass,Pass,Pass,Pass,Pass,Pass,Pass,Pass,Skip,Pass,
03-03-2017,12:50:34,50.2,2,155900131804,PASS,Pass,Pass,Pass,Pass,Pass,Pass,Pass,Pass,Skip,Pass,Pass,Pass,Pass,Pass,Pass,Pass,Pass,Pass,Pass,Pass,Pass,Pass,Pass,Pass,Pass,Pass,Pass,Pass,Pass,Pass,Pass,Pass,Pass,Pass,Pass,Pass,Pass,Pass,Pass,Skip,Pass,
03-03-2017,12:50:50,65.5,4,155900131803,PASS,Pass,Pass,Pass,Pass,Pass,Pass,Pass,Pass,Skip,Pass,Pass,Pass,Pass,Pass,Pass,Pass,Pass,Pass,Pass,Pass,Pass,Pass,Pass,Pass,Pass,Pass,Pass,Pass,Pass,Pass,Pass,Pass,Pass,Pass,Pass,Pass,Pass,Pass,Pass,Skip,Pass,
03-03-2017,12:51:21,48.8,5,155900132044,PASS,Pass,Pass,Pass,Pass,Pass,Pass,Pass,Pass,Skip,Pass,Pass,Pass,Pass,Pass,Pass,Pass,Pass,Pass,Pass,Pass,Pass,Pass,Pass,Pass,Pass,Pass,Pass,Pass,Pass,Pass,Pass,Pass,Pass,Pass,Pass,Pass,Pass,Pass,Pass,Skip,Pass,
03-03-2017,12:51:23,49.5,1,155900131806,PASS,Pass,Pass,Pass,Pass,Pass,Pass,Pass,Pass,Skip,Pass,Pass,Pass,Pass,Pass,Pass,Pass,Pass,Pass,Pass,Pass,Pass,Pass,Pass,Pass,Pass,Pass,Pass,Pass,Pass,Pass,Pass,Pass,Pass,Pass,Pass,Pass,Pass,Pass,Pass,Skip,Pass,
03-03-2017,12:51:40,50.5,3,155900132052,PASS,Pass,Pass,Pass,Pass,Pass,Pass,Pass,Pass,Skip,Pass,Pass,Pass,Pass,Pass,Pass,Pass,Pass,Pass,Pass,Pass,Pass,Pass,Pass,Pass,Pass,Pass,Pass,Pass,Pass,Pass,Pass,Pass,Pass,Pass,Pass,Pass,Pass,Pass,Pass,Skip,Pass,
03-03-2017,12:52:11,49.9,6,155900132073,PASS,Pass,Pass,Pass,Pass,Pass,Pass,Pass,Pass,Skip,Pass,Pass,Pass,Pass,Pass,Pass,Pass,Pass,Pass,Pass,Pass,Pass,Pass,Pass,Pass,Pass,Pass,Pass,Pass,Pass,Pass,Pass,Pass,Pass,Pass,Pass,Pass,Pass,Pass,Pass,Skip,Pass,
03-03-2017,12:52:11,47.9,2,155900132074,PASS,Pass,Pass,Pass,Pass,Pass,Pass,Pass,Pass,Skip,Pass,Pass,Pass,Pass,Pass,Pass,Pass,Pass,Pass,Pass,Pass,Pass,Pass,Pass,Pass,Pass,Pass,Pass,Pass,Pass,Pass,Pass,Pass,Pass,Pass,Pass,Pass,Pass,Pass,Pass,Skip,Pass,
03-03-2017,12:52:30,50.2,4,155900132075,PASS,Pass,Pass,Pass,Pass,Pass,Pass,Pass,Pass,Skip,Pass,Pass,Pass,Pass,Pass,Pass,Pass,Pass,Pass,Pass,Pass,Pass,Pass,Pass,Pass,Pass,Pass,Pass,Pass,Pass,Pass,Pass,Pass,Pass,Pass,Pass,Pass,Pass,Pass,Pass,Skip,Pass,
03-03-2017,12:52:59,48.1,5,155900131356,PASS,Pass,Pass,Pass,Pass,Pass,Pass,Pass,Pass,Skip,Pass,Pass,Pass,Pass,Pass,Pass,Pass,Pass,Pass,Pass,Pass,Pass,Pass,Pass,Pass,Pass,Pass,Pass,Pass,Pass,Pass,Pass,Pass,Pass,Pass,Pass,Pass,Pass,Pass,Pass,Skip,Pass,
03-03-2017,12:53:00,48.4,1,155900132071,PASS,Pass,Pass,Pass,Pass,Pass,Pass,Pass,Pass,Skip,Pass,Pass,Pass,Pass,Pass,Pass,Pass,Pass,Pass,Pass,Pass,Pass,Pass,Pass,Pass,Pass,Pass,Pass,Pass,Pass,Pass,Pass,Pass,Pass,Pass,Pass,Pass,Pass,Pass,Pass,Skip,Pass,
03-03-2017,12:53:20,49.3,3,155900132061,PASS,Pass,Pass,Pass,Pass,Pass,Pass,Pass,Pass,Skip,Pass,Pass,Pass,Pass,Pass,Pass,Pass,Pass,Pass,Pass,Pass,Pass,Pass,Pass,Pass,Pass,Pass,Pass,Pass,Pass,Pass,Pass,Pass,Pass,Pass,Pass,Pass,Pass,Pass,Pass,Skip,Pass,
03-03-2017,12:53:49,49.1,2,155900132072,PASS,Pass,Pass,Pass,Pass,Pass,Pass,Pass,Pass,Skip,Pass,Pass,Pass,Pass,Pass,Pass,Pass,Pass,Pass,Pass,Pass,Pass,Pass,Pass,Pass,Pass,Pass,Pass,Pass,Pass,Pass,Pass,Pass,Pass,Pass,Pass,Pass,Pass,Pass,Pass,Skip,Pass,
03-03-2017,12:53:50,51.1,6,155900132062,PASS,Pass,Pass,Pass,Pass,Pass,Pass,Pass,Pass,Skip,Pass,Pass,Pass,Pass,Pass,Pass,Pass,Pass,Pass,Pass,Pass,Pass,Pass,Pass,Pass,Pass,Pass,Pass,Pass,Pass,Pass,Pass,Pass,Pass,Pass,Pass,Pass,Pass,Pass,Pass,Skip,Pass,
03-03-2017,12:54:10,49.9,4,155900132063,PASS,Pass,Pass,Pass,Pass,Pass,Pass,Pass,Pass,Skip,Pass,Pass,Pass,Pass,Pass,Pass,Pass,Pass,Pass,Pass,Pass,Pass,Pass,Pass,Pass,Pass,Pass,Pass,Pass,Pass,Pass,Pass,Pass,Pass,Pass,Pass,Pass,Pass,Pass,Pass,Skip,Pass,
03-03-2017,12:54:38,48.6,1,155900132076,PASS,Pass,Pass,Pass,Pass,Pass,Pass,Pass,Pass,Skip,Pass,Pass,Pass,Pass,Pass,Pass,Pass,Pass,Pass,Pass,Pass,Pass,Pass,Pass,Pass,Pass,Pass,Pass,Pass,Pass,Pass,Pass,Pass,Pass,Pass,Pass,Pass,Pass,Pass,Pass,Skip,Pass,
03-03-2017,12:54:55,45.3,3,155900131354,PASS,Pass,Pass,Pass,Pass,Pass,Pass,Pass,Pass,Skip,Pass,Pass,Pass,Pass,Pass,Pass,Pass,Pass,Pass,Pass,Pass,Pass,Pass,Pass,Pass,Pass,Pass,Pass,Pass,Pass,Pass,Pass,Pass,Pass,Pass,Pass,Pass,Pass,Pass,Pass,Skip,Pass,
03-03-2017,13:21:05,41.7,1,155900132064,PASS,Pass,Pass,Pass,Pass,Pass,Pass,Pass,Pass,Skip,Pass,Pass,Pass,Pass,Pass,Pass,Pass,Pass,Pass,Pass,Pass,Pass,Pass,Pass,Pass,Pass,Pass,Pass,Pass,Pass,Pass,Pass,Pass,Pass,Pass,Pass,Pass,Pass,Pass,Pass,Skip,Pass,
03-03-2017,13:21:21,41.9,3,155900132065,PASS,Pass,Pass,Pass,Pass,Pass,Pass,Pass,Pass,Skip,Pass,Pass,Pass,Pass,Pass,Pass,Pass,Pass,Pass,Pass,Pass,Pass,Pass,Pass,Pass,Pass,Pass,Pass,Pass,Pass,Pass,Pass,Pass,Pass,Pass,Pass,Pass,Pass,Pass,Pass,Skip,Pass,
03-03-2017,13:21:34,40.1,5,155900132066,PASS,Pass,Pass,Pass,Pass,Pass,Pass,Pass,Pass,Skip,Pass,Pass,Pass,Pass,Pass,Pass,Pass,Pass,Pass,Pass,Pass,Pass,Pass,Pass,Pass,Pass,Pass,Pass,Pass,Pass,Pass,Pass,Pass,Pass,Pass,Pass,Pass,Pass,Pass,Pass,Skip,Pass,
03-03-2017,13:21:47,40.2,2,155900132081,PASS,Pass,Pass,Pass,Pass,Pass,Pass,Pass,Pass,Skip,Pass,Pass,Pass,Pass,Pass,Pass,Pass,Pass,Pass,Pass,Pass,Pass,Pass,Pass,Pass,Pass,Pass,Pass,Pass,Pass,Pass,Pass,Pass,Pass,Pass,Pass,Pass,Pass,Pass,Pass,Skip,Pass,
03-03-2017,13:22:26,39.8,4,155900132083,PASS,Pass,Pass,Pass,Pass,Pass,Pass,Pass,Pass,Skip,Pass,Pass,Pass,Pass,Pass,Pass,Pass,Pass,Pass,Pass,Pass,Pass,Pass,Pass,Pass,Pass,Pass,Pass,Pass,Pass,Pass,Pass,Pass,Pass,Pass,Pass,Pass,Pass,Pass,Pass,Skip,Pass,
03-03-2017,13:22:27,40.5,1,155900132082,PASS,Pass,Pass,Pass,Pass,Pass,Pass,Pass,Pass,Skip,Pass,Pass,Pass,Pass,Pass,Pass,Pass,Pass,Pass,Pass,Pass,Pass,Pass,Pass,Pass,Pass,Pass,Pass,Pass,Pass,Pass,Pass,Pass,Pass,Pass,Pass,Pass,Pass,Pass,Pass,Skip,Pass,
03-03-2017,13:24:06,40.5,1,155900132084,PASS,Pass,Pass,Pass,Pass,Pass,Pass,Pass,Pass,Skip,Pass,Pass,Pass,Pass,Pass,Pass,Pass,Pass,Pass,Pass,Pass,Pass,Pass,Pass,Pass,Pass,Pass,Pass,Pass,Pass,Pass,Pass,Pass,Pass,Pass,Pass,Pass,Pass,Pass,Pass,Skip,Pass,
03-03-2017,13:24:18,39.9,3,155900132085,PASS,Pass,Pass,Pass,Pass,Pass,Pass,Pass,Pass,Skip,Pass,Pass,Pass,Pass,Pass,Pass,Pass,Pass,Pass,Pass,Pass,Pass,Pass,Pass,Pass,Pass,Pass,Pass,Pass,Pass,Pass,Pass,Pass,Pass,Pass,Pass,Pass,Pass,Pass,Pass,Skip,Pass,
03-03-2017,13:24:44,39.2,5,155900132086,PASS,Pass,Pass,Pass,Pass,Pass,Pass,Pass,Pass,Skip,Pass,Pass,Pass,Pass,Pass,Pass,Pass,Pass,Pass,Pass,Pass,Pass,Pass,Pass,Pass,Pass,Pass,Pass,Pass,Pass,Pass,Pass,Pass,Pass,Pass,Pass,Pass,Pass,Pass,Pass,Skip,Pass,
03-03-2017,13:24:59,40.0,2,155900131881,PASS,Pass,Pass,Pass,Pass,Pass,Pass,Pass,Pass,Skip,Pass,Pass,Pass,Pass,Pass,Pass,Pass,Pass,Pass,Pass,Pass,Pass,Pass,Pass,Pass,Pass,Pass,Pass,Pass,Pass,Pass,Pass,Pass,Pass,Pass,Pass,Pass,Pass,Pass,Pass,Skip,Pass,
03-03-2017,13:25:16,40.7,4,155900131882,PASS,Pass,Pass,Pass,Pass,Pass,Pass,Pass,Pass,Skip,Pass,Pass,Pass,Pass,Pass,Pass,Pass,Pass,Pass,Pass,Pass,Pass,Pass,Pass,Pass,Pass,Pass,Pass,Pass,Pass,Pass,Pass,Pass,Pass,Pass,Pass,Pass,Pass,Pass,Pass,Skip,Pass,
03-03-2017,13:25:31,40.0,6,155900131883,PASS,Pass,Pass,Pass,Pass,Pass,Pass,Pass,Pass,Skip,Pass,Pass,Pass,Pass,Pass,Pass,Pass,Pass,Pass,Pass,Pass,Pass,Pass,Pass,Pass,Pass,Pass,Pass,Pass,Pass,Pass,Pass,Pass,Pass,Pass,Pass,Pass,Pass,Pass,Pass,Skip,Pass,
03-03-2017,13:25:51,39.2,1,155900131884,PASS,Pass,Pass,Pass,Pass,Pass,Pass,Pass,Pass,Skip,Pass,Pass,Pass,Pass,Pass,Pass,Pass,Pass,Pass,Pass,Pass,Pass,Pass,Pass,Pass,Pass,Pass,Pass,Pass,Pass,Pass,Pass,Pass,Pass,Pass,Pass,Pass,Pass,Pass,Pass,Skip,Pass,
03-03-2017,13:26:05,40.0,3,155900131885,PASS,Pass,Pass,Pass,Pass,Pass,Pass,Pass,Pass,Skip,Pass,Pass,Pass,Pass,Pass,Pass,Pass,Pass,Pass,Pass,Pass,Pass,Pass,Pass,Pass,Pass,Pass,Pass,Pass,Pass,Pass,Pass,Pass,Pass,Pass,Pass,Pass,Pass,Pass,Pass,Skip,Pass,
03-03-2017,13:26:27,39.2,5,155900131886,PASS,Pass,Pass,Pass,Pass,Pass,Pass,Pass,Pass,Skip,Pass,Pass,Pass,Pass,Pass,Pass,Pass,Pass,Pass,Pass,Pass,Pass,Pass,Pass,Pass,Pass,Pass,Pass,Pass,Pass,Pass,Pass,Pass,Pass,Pass,Pass,Pass,Pass,Pass,Pass,Skip,Pass,
03-03-2017,13:26:38,40.1,2,155900132111,PASS,Pass,Pass,Pass,Pass,Pass,Pass,Pass,Pass,Skip,Pass,Pass,Pass,Pass,Pass,Pass,Pass,Pass,Pass,Pass,Pass,Pass,Pass,Pass,Pass,Pass,Pass,Pass,Pass,Pass,Pass,Pass,Pass,Pass,Pass,Pass,Pass,Pass,Pass,Pass,Skip,Pass,
03-03-2017,13:26:50,40.5,4,155900132112,PASS,Pass,Pass,Pass,Pass,Pass,Pass,Pass,Pass,Skip,Pass,Pass,Pass,Pass,Pass,Pass,Pass,Pass,Pass,Pass,Pass,Pass,Pass,Pass,Pass,Pass,Pass,Pass,Pass,Pass,Pass,Pass,Pass,Pass,Pass,Pass,Pass,Pass,Pass,Pass,Skip,Pass,
03-03-2017,13:27:07,40.1,6,155900132113,PASS,Pass,Pass,Pass,Pass,Pass,Pass,Pass,Pass,Skip,Pass,Pass,Pass,Pass,Pass,Pass,Pass,Pass,Pass,Pass,Pass,Pass,Pass,Pass,Pass,Pass,Pass,Pass,Pass,Pass,Pass,Pass,Pass,Pass,Pass,Pass,Pass,Pass,Pass,Pass,Skip,Pass,
03-03-2017,13:27:18,39.8,1,155900132114,PASS,Pass,Pass,Pass,Pass,Pass,Pass,Pass,Pass,Skip,Pass,Pass,Pass,Pass,Pass,Pass,Pass,Pass,Pass,Pass,Pass,Pass,Pass,Pass,Pass,Pass,Pass,Pass,Pass,Pass,Pass,Pass,Pass,Pass,Pass,Pass,Pass,Pass,Pass,Pass,Skip,Pass,
03-03-2017,13:27:35,40.7,3,155900132115,PASS,Pass,Pass,Pass,Pass,Pass,Pass,Pass,Pass,Skip,Pass,Pass,Pass,Pass,Pass,Pass,Pass,Pass,Pass,Pass,Pass,Pass,Pass,Pass,Pass,Pass,Pass,Pass,Pass,Pass,Pass,Pass,Pass,Pass,Pass,Pass,Pass,Pass,Pass,Pass,Skip,Pass,
03-03-2017,13:27:49,40.0,5,155900132116,PASS,Pass,Pass,Pass,Pass,Pass,Pass,Pass,Pass,Skip,Pass,Pass,Pass,Pass,Pass,Pass,Pass,Pass,Pass,Pass,Pass,Pass,Pass,Pass,Pass,Pass,Pass,Pass,Pass,Pass,Pass,Pass,Pass,Pass,Pass,Pass,Pass,Pass,Pass,Pass,Skip,Pass,
03-03-2017,13:28:05,39.4,2,155900135271,PASS,Pass,Pass,Pass,Pass,Pass,Pass,Pass,Pass,Skip,Pass,Pass,Pass,Pass,Pass,Pass,Pass,Pass,Pass,Pass,Pass,Pass,Pass,Pass,Pass,Pass,Pass,Pass,Pass,Pass,Pass,Pass,Pass,Pass,Pass,Pass,Pass,Pass,Pass,Pass,Skip,Pass,
03-03-2017,13:28:20,40.2,4,155900135272,PASS,Pass,Pass,Pass,Pass,Pass,Pass,Pass,Pass,Skip,Pass,Pass,Pass,Pass,Pass,Pass,Pass,Pass,Pass,Pass,Pass,Pass,Pass,Pass,Pass,Pass,Pass,Pass,Pass,Pass,Pass,Pass,Pass,Pass,Pass,Pass,Pass,Pass,Pass,Pass,Skip,Pass,
03-03-2017,13:28:43,39.8,6,155900135273,PASS,Pass,Pass,Pass,Pass,Pass,Pass,Pass,Pass,Skip,Pass,Pass,Pass,Pass,Pass,Pass,Pass,Pass,Pass,Pass,Pass,Pass,Pass,Pass,Pass,Pass,Pass,Pass,Pass,Pass,Pass,Pass,Pass,Pass,Pass,Pass,Pass,Pass,Pass,Pass,Skip,Pass,
03-03-2017,13:28:57,41.2,1,155900135274,PASS,Pass,Pass,Pass,Pass,Pass,Pass,Pass,Pass,Skip,Pass,Pass,Pass,Pass,Pass,Pass,Pass,Pass,Pass,Pass,Pass,Pass,Pass,Pass,Pass,Pass,Pass,Pass,Pass,Pass,Pass,Pass,Pass,Pass,Pass,Pass,Pass,Pass,Pass,Pass,Skip,Pass,
03-03-2017,13:29:11,40.0,3,155900135275,PASS,Pass,Pass,Pass,Pass,Pass,Pass,Pass,Pass,Skip,Pass,Pass,Pass,Pass,Pass,Pass,Pass,Pass,Pass,Pass,Pass,Pass,Pass,Pass,Pass,Pass,Pass,Pass,Pass,Pass,Pass,Pass,Pass,Pass,Pass,Pass,Pass,Pass,Pass,Pass,Skip,Pass,
03-03-2017,13:29:25,40.6,5,155900135276,PASS,Pass,Pass,Pass,Pass,Pass,Pass,Pass,Pass,Skip,Pass,Pass,Pass,Pass,Pass,Pass,Pass,Pass,Pass,Pass,Pass,Pass,Pass,Pass,Pass,Pass,Pass,Pass,Pass,Pass,Pass,Pass,Pass,Pass,Pass,Pass,Pass,Pass,Pass,Pass,Skip,Pass,
03-03-2017,13:29:40,39.4,2,155900135301,PASS,Pass,Pass,Pass,Pass,Pass,Pass,Pass,Pass,Skip,Pass,Pass,Pass,Pass,Pass,Pass,Pass,Pass,Pass,Pass,Pass,Pass,Pass,Pass,Pass,Pass,Pass,Pass,Pass,Pass,Pass,Pass,Pass,Pass,Pass,Pass,Pass,Pass,Pass,Pass,Skip,Pass,
03-03-2017,13:29:57,41.1,4,155900135302,PASS,Pass,Pass,Pass,Pass,Pass,Pass,Pass,Pass,Skip,Pass,Pass,Pass,Pass,Pass,Pass,Pass,Pass,Pass,Pass,Pass,Pass,Pass,Pass,Pass,Pass,Pass,Pass,Pass,Pass,Pass,Pass,Pass,Pass,Pass,Pass,Pass,Pass,Pass,Pass,Skip,Pass,
03-03-2017,13:30:20,39.4,1,155900135303,PASS,Pass,Pass,Pass,Pass,Pass,Pass,Pass,Pass,Skip,Pass,Pass,Pass,Pass,Pass,Pass,Pass,Pass,Pass,Pass,Pass,Pass,Pass,Pass,Pass,Pass,Pass,Pass,Pass,Pass,Pass,Pass,Pass,Pass,Pass,Pass,Pass,Pass,Pass,Pass,Skip,Pass,
03-03-2017,13:30:36,39.4,3,155900135304,PASS,Pass,Pass,Pass,Pass,Pass,Pass,Pass,Pass,Skip,Pass,Pass,Pass,Pass,Pass,Pass,Pass,Pass,Pass,Pass,Pass,Pass,Pass,Pass,Pass,Pass,Pass,Pass,Pass,Pass,Pass,Pass,Pass,Pass,Pass,Pass,Pass,Pass,Pass,Pass,Skip,Pass,
03-03-2017,13:30:39,40.5,5,155900135305,PASS,Pass,Pass,Pass,Pass,Pass,Pass,Pass,Pass,Skip,Pass,Pass,Pass,Pass,Pass,Pass,Pass,Pass,Pass,Pass,Pass,Pass,Pass,Pass,Pass,Pass,Pass,Pass,Pass,Pass,Pass,Pass,Pass,Pass,Pass,Pass,Pass,Pass,Pass,Pass,Skip,Pass,
03-03-2017,13:31:00,39.8,2,155900135306,PASS,Pass,Pass,Pass,Pass,Pass,Pass,Pass,Pass,Skip,Pass,Pass,Pass,Pass,Pass,Pass,Pass,Pass,Pass,Pass,Pass,Pass,Pass,Pass,Pass,Pass,Pass,Pass,Pass,Pass,Pass,Pass,Pass,Pass,Pass,Pass,Pass,Pass,Pass,Pass,Skip,Pass,
03-03-2017,13:31:17,40.6,4,155900135311,PASS,Pass,Pass,Pass,Pass,Pass,Pass,Pass,Pass,Skip,Pass,Pass,Pass,Pass,Pass,Pass,Pass,Pass,Pass,Pass,Pass,Pass,Pass,Pass,Pass,Pass,Pass,Pass,Pass,Pass,Pass,Pass,Pass,Pass,Pass,Pass,Pass,Pass,Pass,Pass,Skip,Pass,
03-03-2017,13:31:32,40.7,6,155900135312,PASS,Pass,Pass,Pass,Pass,Pass,Pass,Pass,Pass,Skip,Pass,Pass,Pass,Pass,Pass,Pass,Pass,Pass,Pass,Pass,Pass,Pass,Pass,Pass,Pass,Pass,Pass,Pass,Pass,Pass,Pass,Pass,Pass,Pass,Pass,Pass,Pass,Pass,Pass,Pass,Skip,Pass,
03-03-2017,13:31:40,39.2,1,155900135313,PASS,Pass,Pass,Pass,Pass,Pass,Pass,Pass,Pass,Skip,Pass,Pass,Pass,Pass,Pass,Pass,Pass,Pass,Pass,Pass,Pass,Pass,Pass,Pass,Pass,Pass,Pass,Pass,Pass,Pass,Pass,Pass,Pass,Pass,Pass,Pass,Pass,Pass,Pass,Pass,Skip,Pass,
03-03-2017,13:31:57,40.0,3,155900135314,PASS,Pass,Pass,Pass,Pass,Pass,Pass,Pass,Pass,Skip,Pass,Pass,Pass,Pass,Pass,Pass,Pass,Pass,Pass,Pass,Pass,Pass,Pass,Pass,Pass,Pass,Pass,Pass,Pass,Pass,Pass,Pass,Pass,Pass,Pass,Pass,Pass,Pass,Pass,Pass,Skip,Pass,
03-03-2017,13:32:11,39.3,5,155900135315,PASS,Pass,Pass,Pass,Pass,Pass,Pass,Pass,Pass,Skip,Pass,Pass,Pass,Pass,Pass,Pass,Pass,Pass,Pass,Pass,Pass,Pass,Pass,Pass,Pass,Pass,Pass,Pass,Pass,Pass,Pass,Pass,Pass,Pass,Pass,Pass,Pass,Pass,Pass,Pass,Skip,Pass,
03-03-2017,13:32:23,39.9,2,155900135316,PASS,Pass,Pass,Pass,Pass,Pass,Pass,Pass,Pass,Skip,Pass,Pass,Pass,Pass,Pass,Pass,Pass,Pass,Pass,Pass,Pass,Pass,Pass,Pass,Pass,Pass,Pass,Pass,Pass,Pass,Pass,Pass,Pass,Pass,Pass,Pass,Pass,Pass,Pass,Pass,Skip,Pass,
03-03-2017,13:32:40,40.2,4,155900135321,PASS,Pass,Pass,Pass,Pass,Pass,Pass,Pass,Pass,Skip,Pass,Pass,Pass,Pass,Pass,Pass,Pass,Pass,Pass,Pass,Pass,Pass,Pass,Pass,Pass,Pass,Pass,Pass,Pass,Pass,Pass,Pass,Pass,Pass,Pass,Pass,Pass,Pass,Pass,Pass,Skip,Pass,
03-03-2017,13:33:00,40.1,6,155900135322,PASS,Pass,Pass,Pass,Pass,Pass,Pass,Pass,Pass,Skip,Pass,Pass,Pass,Pass,Pass,Pass,Pass,Pass,Pass,Pass,Pass,Pass,Pass,Pass,Pass,Pass,Pass,Pass,Pass,Pass,Pass,Pass,Pass,Pass,Pass,Pass,Pass,Pass,Pass,Pass,Skip,Pass,
03-03-2017,13:33:19,39.9,1,155900135323,PASS,Pass,Pass,Pass,Pass,Pass,Pass,Pass,Pass,Skip,Pass,Pass,Pass,Pass,Pass,Pass,Pass,Pass,Pass,Pass,Pass,Pass,Pass,Pass,Pass,Pass,Pass,Pass,Pass,Pass,Pass,Pass,Pass,Pass,Pass,Pass,Pass,Pass,Pass,Pass,Skip,Pass,
03-03-2017,13:33:29,40.8,3,155900135324,PASS,Pass,Pass,Pass,Pass,Pass,Pass,Pass,Pass,Skip,Pass,Pass,Pass,Pass,Pass,Pass,Pass,Pass,Pass,Pass,Pass,Pass,Pass,Pass,Pass,Pass,Pass,Pass,Pass,Pass,Pass,Pass,Pass,Pass,Pass,Pass,Pass,Pass,Pass,Pass,Skip,Pass,
03-03-2017,13:33:59,40.1,2,155900135325,PASS,Pass,Pass,Pass,Pass,Pass,Pass,Pass,Pass,Skip,Pass,Pass,Pass,Pass,Pass,Pass,Pass,Pass,Pass,Pass,Pass,Pass,Pass,Pass,Pass,Pass,Pass,Pass,Pass,Pass,Pass,Pass,Pass,Pass,Pass,Pass,Pass,Pass,Pass,Pass,Skip,Pass,
03-03-2017,13:34:08,39.3,4,155900135326,PASS,Pass,Pass,Pass,Pass,Pass,Pass,Pass,Pass,Skip,Pass,Pass,Pass,Pass,Pass,Pass,Pass,Pass,Pass,Pass,Pass,Pass,Pass,Pass,Pass,Pass,Pass,Pass,Pass,Pass,Pass,Pass,Pass,Pass,Pass,Pass,Pass,Pass,Pass,Pass,Skip,Pass,
03-03-2017,13:34:17,39.8,6,155900135331,PASS,Pass,Pass,Pass,Pass,Pass,Pass,Pass,Pass,Skip,Pass,Pass,Pass,Pass,Pass,Pass,Pass,Pass,Pass,Pass,Pass,Pass,Pass,Pass,Pass,Pass,Pass,Pass,Pass,Pass,Pass,Pass,Pass,Pass,Pass,Pass,Pass,Pass,Pass,Pass,Skip,Pass,
03-03-2017,13:34:45,40.5,1,155900135333,PASS,Pass,Pass,Pass,Pass,Pass,Pass,Pass,Pass,Skip,Pass,Pass,Pass,Pass,Pass,Pass,Pass,Pass,Pass,Pass,Pass,Pass,Pass,Pass,Pass,Pass,Pass,Pass,Pass,Pass,Pass,Pass,Pass,Pass,Pass,Pass,Pass,Pass,Pass,Pass,Skip,Pass,
03-03-2017,13:34:58,40.9,5,155900135332,PASS,Pass,Pass,Pass,Pass,Pass,Pass,Pass,Pass,Skip,Pass,Pass,Pass,Pass,Pass,Pass,Pass,Pass,Pass,Pass,Pass,Pass,Pass,Pass,Pass,Pass,Pass,Pass,Pass,Pass,Pass,Pass,Pass,Pass,Pass,Pass,Pass,Pass,Pass,Pass,Skip,Pass,
03-03-2017,13:35:44,40.2,1,155900135351,PASS,Pass,Pass,Pass,Pass,Pass,Pass,Pass,Pass,Skip,Pass,Pass,Pass,Pass,Pass,Pass,Pass,Pass,Pass,Pass,Pass,Pass,Pass,Pass,Pass,Pass,Pass,Pass,Pass,Pass,Pass,Pass,Pass,Pass,Pass,Pass,Pass,Pass,Pass,Pass,Skip,Pass,
03-03-2017,13:35:48,40.4,3,155900135336,PASS,Pass,Pass,Pass,Pass,Pass,Pass,Pass,Pass,Skip,Pass,Pass,Pass,Pass,Pass,Pass,Pass,Pass,Pass,Pass,Pass,Pass,Pass,Pass,Pass,Pass,Pass,Pass,Pass,Pass,Pass,Pass,Pass,Pass,Pass,Pass,Pass,Pass,Pass,Pass,Skip,Pass,
03-03-2017,13:37:36,39.2,1,155900135334,PASS,Pass,Pass,Pass,Pass,Pass,Pass,Pass,Pass,Skip,Pass,Pass,Pass,Pass,Pass,Pass,Pass,Pass,Pass,Pass,Pass,Pass,Pass,Pass,Pass,Pass,Pass,Pass,Pass,Pass,Pass,Pass,Pass,Pass,Pass,Pass,Pass,Pass,Pass,Pass,Skip,Pass,
03-03-2017,13:38:20,40.8,3,155900135352,PASS,Pass,Pass,Pass,Pass,Pass,Pass,Pass,Pass,Skip,Pass,Pass,Pass,Pass,Pass,Pass,Pass,Pass,Pass,Pass,Pass,Pass,Pass,Pass,Pass,Pass,Pass,Pass,Pass,Pass,Pass,Pass,Pass,Pass,Pass,Pass,Pass,Pass,Pass,Pass,Skip,Pass,
03-03-2017,13:38:44,40.6,5,155900135353,PASS,Pass,Pass,Pass,Pass,Pass,Pass,Pass,Pass,Skip,Pass,Pass,Pass,Pass,Pass,Pass,Pass,Pass,Pass,Pass,Pass,Pass,Pass,Pass,Pass,Pass,Pass,Pass,Pass,Pass,Pass,Pass,Pass,Pass,Pass,Pass,Pass,Pass,Pass,Pass,Skip,Pass,
03-03-2017,13:39:13,40.6,2,155900135354,PASS,Pass,Pass,Pass,Pass,Pass,Pass,Pass,Pass,Skip,Pass,Pass,Pass,Pass,Pass,Pass,Pass,Pass,Pass,Pass,Pass,Pass,Pass,Pass,Pass,Pass,Pass,Pass,Pass,Pass,Pass,Pass,Pass,Pass,Pass,Pass,Pass,Pass,Pass,Pass,Skip,Pass,
03-03-2017,13:39:27,40.9,4,155900135335,PASS,Pass,Pass,Pass,Pass,Pass,Pass,Pass,Pass,Skip,Pass,Pass,Pass,Pass,Pass,Pass,Pass,Pass,Pass,Pass,Pass,Pass,Pass,Pass,Pass,Pass,Pass,Pass,Pass,Pass,Pass,Pass,Pass,Pass,Pass,Pass,Pass,Pass,Pass,Pass,Skip,Pass,
03-03-2017,13:40:02,40.2,6,155900135355,PASS,Pass,Pass,Pass,Pass,Pass,Pass,Pass,Pass,Skip,Pass,Pass,Pass,Pass,Pass,Pass,Pass,Pass,Pass,Pass,Pass,Pass,Pass,Pass,Pass,Pass,Pass,Pass,Pass,Pass,Pass,Pass,Pass,Pass,Pass,Pass,Pass,Pass,Pass,Pass,Skip,Pass,
03-03-2017,13:40:12,40.0,1,155900135356,PASS,Pass,Pass,Pass,Pass,Pass,Pass,Pass,Pass,Skip,Pass,Pass,Pass,Pass,Pass,Pass,Pass,Pass,Pass,Pass,Pass,Pass,Pass,Pass,Pass,Pass,Pass,Pass,Pass,Pass,Pass,Pass,Pass,Pass,Pass,Pass,Pass,Pass,Pass,Pass,Skip,Pass,
03-03-2017,13:40:23,40.5,3,155900135371,PASS,Pass,Pass,Pass,Pass,Pass,Pass,Pass,Pass,Skip,Pass,Pass,Pass,Pass,Pass,Pass,Pass,Pass,Pass,Pass,Pass,Pass,Pass,Pass,Pass,Pass,Pass,Pass,Pass,Pass,Pass,Pass,Pass,Pass,Pass,Pass,Pass,Pass,Pass,Pass,Skip,Pass,
03-03-2017,13:41:20,39.3,1,155900135372,PASS,Pass,Pass,Pass,Pass,Pass,Pass,Pass,Pass,Skip,Pass,Pass,Pass,Pass,Pass,Pass,Pass,Pass,Pass,Pass,Pass,Pass,Pass,Pass,Pass,Pass,Pass,Pass,Pass,Pass,Pass,Pass,Pass,Pass,Pass,Pass,Pass,Pass,Pass,Pass,Skip,Pass,
03-03-2017,13:42:22,39.8,1,155900135373,PASS,Pass,Pass,Pass,Pass,Pass,Pass,Pass,Pass,Skip,Pass,Pass,Pass,Pass,Pass,Pass,Pass,Pass,Pass,Pass,Pass,Pass,Pass,Pass,Pass,Pass,Pass,Pass,Pass,Pass,Pass,Pass,Pass,Pass,Pass,Pass,Pass,Pass,Pass,Pass,Skip,Pass,
03-03-2017,13:42:56,40.6,3,155900135374,PASS,Pass,Pass,Pass,Pass,Pass,Pass,Pass,Pass,Skip,Pass,Pass,Pass,Pass,Pass,Pass,Pass,Pass,Pass,Pass,Pass,Pass,Pass,Pass,Pass,Pass,Pass,Pass,Pass,Pass,Pass,Pass,Pass,Pass,Pass,Pass,Pass,Pass,Pass,Pass,Skip,Pass,
03-03-2017,13:43:33,40.1,5,155900135375,PASS,Pass,Pass,Pass,Pass,Pass,Pass,Pass,Pass,Skip,Pass,Pass,Pass,Pass,Pass,Pass,Pass,Pass,Pass,Pass,Pass,Pass,Pass,Pass,Pass,Pass,Pass,Pass,Pass,Pass,Pass,Pass,Pass,Pass,Pass,Pass,Pass,Pass,Pass,Pass,Skip,Pass,
03-03-2017,13:43:45,40.2,2,155900135376,PASS,Pass,Pass,Pass,Pass,Pass,Pass,Pass,Pass,Skip,Pass,Pass,Pass,Pass,Pass,Pass,Pass,Pass,Pass,Pass,Pass,Pass,Pass,Pass,Pass,Pass,Pass,Pass,Pass,Pass,Pass,Pass,Pass,Pass,Pass,Pass,Pass,Pass,Pass,Pass,Skip,Pass,
03-03-2017,13:43:56,40.1,4,155900135341,PASS,Pass,Pass,Pass,Pass,Pass,Pass,Pass,Pass,Skip,Pass,Pass,Pass,Pass,Pass,Pass,Pass,Pass,Pass,Pass,Pass,Pass,Pass,Pass,Pass,Pass,Pass,Pass,Pass,Pass,Pass,Pass,Pass,Pass,Pass,Pass,Pass,Pass,Pass,Pass,Skip,Pass,
03-03-2017,13:44:32,40.8,6,155900135342,PASS,Pass,Pass,Pass,Pass,Pass,Pass,Pass,Pass,Skip,Pass,Pass,Pass,Pass,Pass,Pass,Pass,Pass,Pass,Pass,Pass,Pass,Pass,Pass,Pass,Pass,Pass,Pass,Pass,Pass,Pass,Pass,Pass,Pass,Pass,Pass,Pass,Pass,Pass,Pass,Skip,Pass,
03-03-2017,13:44:40,40.1,1,155900135343,PASS,Pass,Pass,Pass,Pass,Pass,Pass,Pass,Pass,Skip,Pass,Pass,Pass,Pass,Pass,Pass,Pass,Pass,Pass,Pass,Pass,Pass,Pass,Pass,Pass,Pass,Pass,Pass,Pass,Pass,Pass,Pass,Pass,Pass,Pass,Pass,Pass,Pass,Pass,Pass,Skip,Pass,
03-03-2017,13:45:01,40.0,3,155900135344,PASS,Pass,Pass,Pass,Pass,Pass,Pass,Pass,Pass,Skip,Pass,Pass,Pass,Pass,Pass,Pass,Pass,Pass,Pass,Pass,Pass,Pass,Pass,Pass,Pass,Pass,Pass,Pass,Pass,Pass,Pass,Pass,Pass,Pass,Pass,Pass,Pass,Pass,Pass,Pass,Skip,Pass,
03-03-2017,13:45:34,40.9,5,155900135345,PASS,Pass,Pass,Pass,Pass,Pass,Pass,Pass,Pass,Skip,Pass,Pass,Pass,Pass,Pass,Pass,Pass,Pass,Pass,Pass,Pass,Pass,Pass,Pass,Pass,Pass,Pass,Pass,Pass,Pass,Pass,Pass,Pass,Pass,Pass,Pass,Pass,Pass,Pass,Pass,Skip,Pass,
03-03-2017,13:45:59,40.0,2,155900135376,PASS,Pass,Pass,Pass,Pass,Pass,Pass,Pass,Pass,Skip,Pass,Pass,Pass,Pass,Pass,Pass,Pass,Pass,Pass,Pass,Pass,Pass,Pass,Pass,Pass,Pass,Pass,Pass,Pass,Pass,Pass,Pass,Pass,Pass,Pass,Pass,Pass,Pass,Pass,Pass,Skip,Pass,
03-03-2017,13:46:02,39.2,4,155900135346,PASS,Pass,Pass,Pass,Pass,Pass,Pass,Pass,Pass,Skip,Pass,Pass,Pass,Pass,Pass,Pass,Pass,Pass,Pass,Pass,Pass,Pass,Pass,Pass,Pass,Pass,Pass,Pass,Pass,Pass,Pass,Pass,Pass,Pass,Pass,Pass,Pass,Pass,Pass,Pass,Skip,Pass,
03-03-2017,13:46:14,39.5,6,155900135361,PASS,Pass,Pass,Pass,Pass,Pass,Pass,Pass,Pass,Skip,Pass,Pass,Pass,Pass,Pass,Pass,Pass,Pass,Pass,Pass,Pass,Pass,Pass,Pass,Pass,Pass,Pass,Pass,Pass,Pass,Pass,Pass,Pass,Pass,Pass,Pass,Pass,Pass,Pass,Pass,Skip,Pass,
03-03-2017,13:46:43,39.8,1,155900135362,PASS,Pass,Pass,Pass,Pass,Pass,Pass,Pass,Pass,Skip,Pass,Pass,Pass,Pass,Pass,Pass,Pass,Pass,Pass,Pass,Pass,Pass,Pass,Pass,Pass,Pass,Pass,Pass,Pass,Pass,Pass,Pass,Pass,Pass,Pass,Pass,Pass,Pass,Pass,Pass,Skip,Pass,
03-03-2017,13:46:55,39.9,3,155900135363,PASS,Pass,Pass,Pass,Pass,Pass,Pass,Pass,Pass,Skip,Pass,Pass,Pass,Pass,Pass,Pass,Pass,Pass,Pass,Pass,Pass,Pass,Pass,Pass,Pass,Pass,Pass,Pass,Pass,Pass,Pass,Pass,Pass,Pass,Pass,Pass,Pass,Pass,Pass,Pass,Skip,Pass,
03-03-2017,13:47:07,40.2,5,155900135364,PASS,Pass,Pass,Pass,Pass,Pass,Pass,Pass,Pass,Skip,Pass,Pass,Pass,Pass,Pass,Pass,Pass,Pass,Pass,Pass,Pass,Pass,Pass,Pass,Pass,Pass,Pass,Pass,Pass,Pass,Pass,Pass,Pass,Pass,Pass,Pass,Pass,Pass,Pass,Pass,Skip,Pass,
03-03-2017,13:47:23,39.4,2,155900135365,PASS,Pass,Pass,Pass,Pass,Pass,Pass,Pass,Pass,Skip,Pass,Pass,Pass,Pass,Pass,Pass,Pass,Pass,Pass,Pass,Pass,Pass,Pass,Pass,Pass,Pass,Pass,Pass,Pass,Pass,Pass,Pass,Pass,Pass,Pass,Pass,Pass,Pass,Pass,Pass,Skip,Pass,
03-03-2017,13:47:42,40.1,4,155900135366,PASS,Pass,Pass,Pass,Pass,Pass,Pass,Pass,Pass,Skip,Pass,Pass,Pass,Pass,Pass,Pass,Pass,Pass,Pass,Pass,Pass,Pass,Pass,Pass,Pass,Pass,Pass,Pass,Pass,Pass,Pass,Pass,Pass,Pass,Pass,Pass,Pass,Pass,Pass,Pass,Skip,Pass,
03-03-2017,13:48:39,39.9,2,155900135441,PASS,Pass,Pass,Pass,Pass,Pass,Pass,Pass,Pass,Skip,Pass,Pass,Pass,Pass,Pass,Pass,Pass,Pass,Pass,Pass,Pass,Pass,Pass,Pass,Pass,Pass,Pass,Pass,Pass,Pass,Pass,Pass,Pass,Pass,Pass,Pass,Pass,Pass,Pass,Pass,Skip,Pass,
03-03-2017,13:49:00,40.0,4,155900135442,PASS,Pass,Pass,Pass,Pass,Pass,Pass,Pass,Pass,Skip,Pass,Pass,Pass,Pass,Pass,Pass,Pass,Pass,Pass,Pass,Pass,Pass,Pass,Pass,Pass,Pass,Pass,Pass,Pass,Pass,Pass,Pass,Pass,Pass,Pass,Pass,Pass,Pass,Pass,Pass,Skip,Pass,
03-03-2017,13:49:08,41.5,6,155900135443,PASS,Pass,Pass,Pass,Pass,Pass,Pass,Pass,Pass,Skip,Pass,Pass,Pass,Pass,Pass,Pass,Pass,Pass,Pass,Pass,Pass,Pass,Pass,Pass,Pass,Pass,Pass,Pass,Pass,Pass,Pass,Pass,Pass,Pass,Pass,Pass,Pass,Pass,Pass,Pass,Skip,Pass,
03-03-2017,13:49:43,40.5,1,155900135444,PASS,Pass,Pass,Pass,Pass,Pass,Pass,Pass,Pass,Skip,Pass,Pass,Pass,Pass,Pass,Pass,Pass,Pass,Pass,Pass,Pass,Pass,Pass,Pass,Pass,Pass,Pass,Pass,Pass,Pass,Pass,Pass,Pass,Pass,Pass,Pass,Pass,Pass,Pass,Pass,Skip,Pass,
03-03-2017,13:50:31,40.8,3,155900135445,PASS,Pass,Pass,Pass,Pass,Pass,Pass,Pass,Pass,Skip,Pass,Pass,Pass,Pass,Pass,Pass,Pass,Pass,Pass,Pass,Pass,Pass,Pass,Pass,Pass,Pass,Pass,Pass,Pass,Pass,Pass,Pass,Pass,Pass,Pass,Pass,Pass,Pass,Pass,Pass,Skip,Pass,
03-03-2017,13:50:38,40.2,5,155900135446,PASS,Pass,Pass,Pass,Pass,Pass,Pass,Pass,Pass,Skip,Pass,Pass,Pass,Pass,Pass,Pass,Pass,Pass,Pass,Pass,Pass,Pass,Pass,Pass,Pass,Pass,Pass,Pass,Pass,Pass,Pass,Pass,Pass,Pass,Pass,Pass,Pass,Pass,Pass,Pass,Skip,Pass,
03-03-2017,13:50:50,40.4,2,155900135381,PASS,Pass,Pass,Pass,Pass,Pass,Pass,Pass,Pass,Skip,Pass,Pass,Pass,Pass,Pass,Pass,Pass,Pass,Pass,Pass,Pass,Pass,Pass,Pass,Pass,Pass,Pass,Pass,Pass,Pass,Pass,Pass,Pass,Pass,Pass,Pass,Pass,Pass,Pass,Pass,Skip,Pass,
03-03-2017,13:51:11,39.9,4,155900135382,PASS,Pass,Pass,Pass,Pass,Pass,Pass,Pass,Pass,Skip,Pass,Pass,Pass,Pass,Pass,Pass,Pass,Pass,Pass,Pass,Pass,Pass,Pass,Pass,Pass,Pass,Pass,Pass,Pass,Pass,Pass,Pass,Pass,Pass,Pass,Pass,Pass,Pass,Pass,Pass,Skip,Pass,
03-03-2017,13:51:18,39.6,6,155900135383,PASS,Pass,Pass,Pass,Pass,Pass,Pass,Pass,Pass,Skip,Pass,Pass,Pass,Pass,Pass,Pass,Pass,Pass,Pass,Pass,Pass,Pass,Pass,Pass,Pass,Pass,Pass,Pass,Pass,Pass,Pass,Pass,Pass,Pass,Pass,Pass,Pass,Pass,Pass,Pass,Skip,Pass,
03-03-2017,13:51:34,40.8,1,155900135384,PASS,Pass,Pass,Pass,Pass,Pass,Pass,Pass,Pass,Skip,Pass,Pass,Pass,Pass,Pass,Pass,Pass,Pass,Pass,Pass,Pass,Pass,Pass,Pass,Pass,Pass,Pass,Pass,Pass,Pass,Pass,Pass,Pass,Pass,Pass,Pass,Pass,Pass,Pass,Pass,Skip,Pass,
03-03-2017,13:52:09,41.9,3,155900135385,PASS,Pass,Pass,Pass,Pass,Pass,Pass,Pass,Pass,Skip,Pass,Pass,Pass,Pass,Pass,Pass,Pass,Pass,Pass,Pass,Pass,Pass,Pass,Pass,Pass,Pass,Pass,Pass,Pass,Pass,Pass,Pass,Pass,Pass,Pass,Pass,Pass,Pass,Pass,Pass,Skip,Pass,
03-03-2017,13:52:22,40.9,5,155900135386,PASS,Pass,Pass,Pass,Pass,Pass,Pass,Pass,Pass,Skip,Pass,Pass,Pass,Pass,Pass,Pass,Pass,Pass,Pass,Pass,Pass,Pass,Pass,Pass,Pass,Pass,Pass,Pass,Pass,Pass,Pass,Pass,Pass,Pass,Pass,Pass,Pass,Pass,Pass,Pass,Skip,Pass,
03-03-2017,13:52:31,39.4,2,155900135421,PASS,Pass,Pass,Pass,Pass,Pass,Pass,Pass,Pass,Skip,Pass,Pass,Pass,Pass,Pass,Pass,Pass,Pass,Pass,Pass,Pass,Pass,Pass,Pass,Pass,Pass,Pass,Pass,Pass,Pass,Pass,Pass,Pass,Pass,Pass,Pass,Pass,Pass,Pass,Pass,Skip,Pass,
03-03-2017,13:52:49,39.9,4,155900135422,PASS,Pass,Pass,Pass,Pass,Pass,Pass,Pass,Pass,Skip,Pass,Pass,Pass,Pass,Pass,Pass,Pass,Pass,Pass,Pass,Pass,Pass,Pass,Pass,Pass,Pass,Pass,Pass,Pass,Pass,Pass,Pass,Pass,Pass,Pass,Pass,Pass,Pass,Pass,Pass,Skip,Pass,
03-03-2017,13:53:01,39.5,6,155900135423,PASS,Pass,Pass,Pass,Pass,Pass,Pass,Pass,Pass,Skip,Pass,Pass,Pass,Pass,Pass,Pass,Pass,Pass,Pass,Pass,Pass,Pass,Pass,Pass,Pass,Pass,Pass,Pass,Pass,Pass,Pass,Pass,Pass,Pass,Pass,Pass,Pass,Pass,Pass,Pass,Skip,Pass,
03-03-2017,13:53:24,42.1,1,155900135424,PASS,Pass,Pass,Pass,Pass,Pass,Pass,Pass,Pass,Skip,Pass,Pass,Pass,Pass,Pass,Pass,Pass,Pass,Pass,Pass,Pass,Pass,Pass,Pass,Pass,Pass,Pass,Pass,Pass,Pass,Pass,Pass,Pass,Pass,Pass,Pass,Pass,Pass,Pass,Pass,Skip,Pass,
03-03-2017,13:53:35,40.0,3,155900135425,PASS,Pass,Pass,Pass,Pass,Pass,Pass,Pass,Pass,Skip,Pass,Pass,Pass,Pass,Pass,Pass,Pass,Pass,Pass,Pass,Pass,Pass,Pass,Pass,Pass,Pass,Pass,Pass,Pass,Pass,Pass,Pass,Pass,Pass,Pass,Pass,Pass,Pass,Pass,Pass,Skip,Pass,
03-03-2017,13:53:45,39.2,5,155900135426,PASS,Pass,Pass,Pass,Pass,Pass,Pass,Pass,Pass,Skip,Pass,Pass,Pass,Pass,Pass,Pass,Pass,Pass,Pass,Pass,Pass,Pass,Pass,Pass,Pass,Pass,Pass,Pass,Pass,Pass,Pass,Pass,Pass,Pass,Pass,Pass,Pass,Pass,Pass,Pass,Skip,Pass,
03-03-2017,13:54:03,39.2,2,155900135411,PASS,Pass,Pass,Pass,Pass,Pass,Pass,Pass,Pass,Skip,Pass,Pass,Pass,Pass,Pass,Pass,Pass,Pass,Pass,Pass,Pass,Pass,Pass,Pass,Pass,Pass,Pass,Pass,Pass,Pass,Pass,Pass,Pass,Pass,Pass,Pass,Pass,Pass,Pass,Pass,Skip,Pass,
03-03-2017,13:54:14,39.3,4,155900135412,PASS,Pass,Pass,Pass,Pass,Pass,Pass,Pass,Pass,Skip,Pass,Pass,Pass,Pass,Pass,Pass,Pass,Pass,Pass,Pass,Pass,Pass,Pass,Pass,Pass,Pass,Pass,Pass,Pass,Pass,Pass,Pass,Pass,Pass,Pass,Pass,Pass,Pass,Pass,Pass,Skip,Pass,
03-03-2017,13:54:29,42.4,6,155900135413,PASS,Pass,Pass,Pass,Pass,Pass,Pass,Pass,Pass,Skip,Pass,Pass,Pass,Pass,Pass,Pass,Pass,Pass,Pass,Pass,Pass,Pass,Pass,Pass,Pass,Pass,Pass,Pass,Pass,Pass,Pass,Pass,Pass,Pass,Pass,Pass,Pass,Pass,Pass,Pass,Skip,Pass,
03-03-2017,13:54:55,40.2,1,155900135414,PASS,Pass,Pass,Pass,Pass,Pass,Pass,Pass,Pass,Skip,Pass,Pass,Pass,Pass,Pass,Pass,Pass,Pass,Pass,Pass,Pass,Pass,Pass,Pass,Pass,Pass,Pass,Pass,Pass,Pass,Pass,Pass,Pass,Pass,Pass,Pass,Pass,Pass,Pass,Pass,Skip,Pass,
03-03-2017,13:55:04,40.0,3,155900135415,PASS,Pass,Pass,Pass,Pass,Pass,Pass,Pass,Pass,Skip,Pass,Pass,Pass,Pass,Pass,Pass,Pass,Pass,Pass,Pass,Pass,Pass,Pass,Pass,Pass,Pass,Pass,Pass,Pass,Pass,Pass,Pass,Pass,Pass,Pass,Pass,Pass,Pass,Pass,Pass,Skip,Pass,
03-03-2017,13:55:34,39.3,2,155900135416,PASS,Pass,Pass,Pass,Pass,Pass,Pass,Pass,Pass,Skip,Pass,Pass,Pass,Pass,Pass,Pass,Pass,Pass,Pass,Pass,Pass,Pass,Pass,Pass,Pass,Pass,Pass,Pass,Pass,Pass,Pass,Pass,Pass,Pass,Pass,Pass,Pass,Pass,Pass,Pass,Skip,Pass,
03-03-2017,13:55:50,40.8,5,155900135401,PASS,Pass,Pass,Pass,Pass,Pass,Pass,Pass,Pass,Skip,Pass,Pass,Pass,Pass,Pass,Pass,Pass,Pass,Pass,Pass,Pass,Pass,Pass,Pass,Pass,Pass,Pass,Pass,Pass,Pass,Pass,Pass,Pass,Pass,Pass,Pass,Pass,Pass,Pass,Pass,Skip,Pass,
03-03-2017,13:56:12,39.2,3,155900135402,PASS,Pass,Pass,Pass,Pass,Pass,Pass,Pass,Pass,Skip,Pass,Pass,Pass,Pass,Pass,Pass,Pass,Pass,Pass,Pass,Pass,Pass,Pass,Pass,Pass,Pass,Pass,Pass,Pass,Pass,Pass,Pass,Pass,Pass,Pass,Pass,Pass,Pass,Pass,Pass,Skip,Pass,
03-03-2017,14:11:57,40.9,1,155900135403,PASS,Pass,Pass,Pass,Pass,Pass,Pass,Pass,Pass,Skip,Pass,Pass,Pass,Pass,Pass,Pass,Pass,Pass,Pass,Pass,Pass,Pass,Pass,Pass,Pass,Pass,Pass,Pass,Pass,Pass,Pass,Pass,Pass,Pass,Pass,Pass,Pass,Pass,Pass,Pass,Skip,Pass,
03-03-2017,14:12:09,40.0,3,155900135404,PASS,Pass,Pass,Pass,Pass,Pass,Pass,Pass,Pass,Skip,Pass,Pass,Pass,Pass,Pass,Pass,Pass,Pass,Pass,Pass,Pass,Pass,Pass,Pass,Pass,Pass,Pass,Pass,Pass,Pass,Pass,Pass,Pass,Pass,Pass,Pass,Pass,Pass,Pass,Pass,Skip,Pass,
03-03-2017,14:12:27,42.6,5,155900135405,PASS,Pass,Pass,Pass,Pass,Pass,Pass,Pass,Pass,Skip,Pass,Pass,Pass,Pass,Pass,Pass,Pass,Pass,Pass,Pass,Pass,Pass,Pass,Pass,Pass,Pass,Pass,Pass,Pass,Pass,Pass,Pass,Pass,Pass,Pass,Pass,Pass,Pass,Pass,Pass,Skip,Pass,
03-03-2017,14:12:39,39.8,2,155900135406,PASS,Pass,Pass,Pass,Pass,Pass,Pass,Pass,Pass,Skip,Pass,Pass,Pass,Pass,Pass,Pass,Pass,Pass,Pass,Pass,Pass,Pass,Pass,Pass,Pass,Pass,Pass,Pass,Pass,Pass,Pass,Pass,Pass,Pass,Pass,Pass,Pass,Pass,Pass,Pass,Skip,Pass,
03-03-2017,14:14:08,40.1,4,155900134831,PASS,Pass,Pass,Pass,Pass,Pass,Pass,Pass,Pass,Skip,Pass,Pass,Pass,Pass,Pass,Pass,Pass,Pass,Pass,Pass,Pass,Pass,Pass,Pass,Pass,Pass,Pass,Pass,Pass,Pass,Pass,Pass,Pass,Pass,Pass,Pass,Pass,Pass,Pass,Pass,Skip,Pass,
03-03-2017,14:14:19,41.8,6,155900134832,PASS,Pass,Pass,Pass,Pass,Pass,Pass,Pass,Pass,Skip,Pass,Pass,Pass,Pass,Pass,Pass,Pass,Pass,Pass,Pass,Pass,Pass,Pass,Pass,Pass,Pass,Pass,Pass,Pass,Pass,Pass,Pass,Pass,Pass,Pass,Pass,Pass,Pass,Pass,Pass,Skip,Pass,
03-03-2017,14:15:41,40.0,1,155900134833,PASS,Pass,Pass,Pass,Pass,Pass,Pass,Pass,Pass,Skip,Pass,Pass,Pass,Pass,Pass,Pass,Pass,Pass,Pass,Pass,Pass,Pass,Pass,Pass,Pass,Pass,Pass,Pass,Pass,Pass,Pass,Pass,Pass,Pass,Pass,Pass,Pass,Pass,Pass,Pass,Skip,Pass,
03-03-2017,14:15:52,40.8,3,155900134834,PASS,Pass,Pass,Pass,Pass,Pass,Pass,Pass,Pass,Skip,Pass,Pass,Pass,Pass,Pass,Pass,Pass,Pass,Pass,Pass,Pass,Pass,Pass,Pass,Pass,Pass,Pass,Pass,Pass,Pass,Pass,Pass,Pass,Pass,Pass,Pass,Pass,Pass,Pass,Pass,Skip,Pass,
03-03-2017,14:16:12,40.7,5,155900134835,PASS,Pass,Pass,Pass,Pass,Pass,Pass,Pass,Pass,Skip,Pass,Pass,Pass,Pass,Pass,Pass,Pass,Pass,Pass,Pass,Pass,Pass,Pass,Pass,Pass,Pass,Pass,Pass,Pass,Pass,Pass,Pass,Pass,Pass,Pass,Pass,Pass,Pass,Pass,Pass,Skip,Pass,
03-03-2017,14:16:26,39.8,2,155900134836,PASS,Pass,Pass,Pass,Pass,Pass,Pass,Pass,Pass,Skip,Pass,Pass,Pass,Pass,Pass,Pass,Pass,Pass,Pass,Pass,Pass,Pass,Pass,Pass,Pass,Pass,Pass,Pass,Pass,Pass,Pass,Pass,Pass,Pass,Pass,Pass,Pass,Pass,Pass,Pass,Skip,Pass,
03-03-2017,14:17:13,40.0,4,155900135431,PASS,Pass,Pass,Pass,Pass,Pass,Pass,Pass,Pass,Skip,Pass,Pass,Pass,Pass,Pass,Pass,Pass,Pass,Pass,Pass,Pass,Pass,Pass,Pass,Pass,Pass,Pass,Pass,Pass,Pass,Pass,Pass,Pass,Pass,Pass,Pass,Pass,Pass,Pass,Pass,Skip,Pass,
03-03-2017,14:17:34,39.6,6,155900135432,PASS,Pass,Pass,Pass,Pass,Pass,Pass,Pass,Pass,Skip,Pass,Pass,Pass,Pass,Pass,Pass,Pass,Pass,Pass,Pass,Pass,Pass,Pass,Pass,Pass,Pass,Pass,Pass,Pass,Pass,Pass,Pass,Pass,Pass,Pass,Pass,Pass,Pass,Pass,Pass,Skip,Pass,
03-03-2017,14:17:52,39.9,1,155900135433,PASS,Pass,Pass,Pass,Pass,Pass,Pass,Pass,Pass,Skip,Pass,Pass,Pass,Pass,Pass,Pass,Pass,Pass,Pass,Pass,Pass,Pass,Pass,Pass,Pass,Pass,Pass,Pass,Pass,Pass,Pass,Pass,Pass,Pass,Pass,Pass,Pass,Pass,Pass,Pass,Skip,Pass,
03-03-2017,14:18:13,39.2,3,155900135434,PASS,Pass,Pass,Pass,Pass,Pass,Pass,Pass,Pass,Skip,Pass,Pass,Pass,Pass,Pass,Pass,Pass,Pass,Pass,Pass,Pass,Pass,Pass,Pass,Pass,Pass,Pass,Pass,Pass,Pass,Pass,Pass,Pass,Pass,Pass,Pass,Pass,Pass,Pass,Pass,Skip,Pass,
03-03-2017,14:20:18,41.1,5,155900135435,PASS,Pass,Pass,Pass,Pass,Pass,Pass,Pass,Pass,Skip,Pass,Pass,Pass,Pass,Pass,Pass,Pass,Pass,Pass,Pass,Pass,Pass,Pass,Pass,Pass,Pass,Pass,Pass,Pass,Pass,Pass,Pass,Pass,Pass,Pass,Pass,Pass,Pass,Pass,Pass,Skip,Pass,
03-03-2017,14:20:49,40.4,2,155900135436,PASS,Pass,Pass,Pass,Pass,Pass,Pass,Pass,Pass,Skip,Pass,Pass,Pass,Pass,Pass,Pass,Pass,Pass,Pass,Pass,Pass,Pass,Pass,Pass,Pass,Pass,Pass,Pass,Pass,Pass,Pass,Pass,Pass,Pass,Pass,Pass,Pass,Pass,Pass,Pass,Skip,Pass,
03-03-2017,14:21:23,39.8,4,155900135391,PASS,Pass,Pass,Pass,Pass,Pass,Pass,Pass,Pass,Skip,Pass,Pass,Pass,Pass,Pass,Pass,Pass,Pass,Pass,Pass,Pass,Pass,Pass,Pass,Pass,Pass,Pass,Pass,Pass,Pass,Pass,Pass,Pass,Pass,Pass,Pass,Pass,Pass,Pass,Pass,Skip,Pass,
03-03-2017,14:21:36,39.3,6,155900135392,PASS,Pass,Pass,Pass,Pass,Pass,Pass,Pass,Pass,Skip,Pass,Pass,Pass,Pass,Pass,Pass,Pass,Pass,Pass,Pass,Pass,Pass,Pass,Pass,Pass,Pass,Pass,Pass,Pass,Pass,Pass,Pass,Pass,Pass,Pass,Pass,Pass,Pass,Pass,Pass,Skip,Pass,
03-03-2017,14:21:52,39.6,1,155900135393,PASS,Pass,Pass,Pass,Pass,Pass,Pass,Pass,Pass,Skip,Pass,Pass,Pass,Pass,Pass,Pass,Pass,Pass,Pass,Pass,Pass,Pass,Pass,Pass,Pass,Pass,Pass,Pass,Pass,Pass,Pass,Pass,Pass,Pass,Pass,Pass,Pass,Pass,Pass,Pass,Skip,Pass,
03-03-2017,14:22:04,40.0,3,155900135394,PASS,Pass,Pass,Pass,Pass,Pass,Pass,Pass,Pass,Skip,Pass,Pass,Pass,Pass,Pass,Pass,Pass,Pass,Pass,Pass,Pass,Pass,Pass,Pass,Pass,Pass,Pass,Pass,Pass,Pass,Pass,Pass,Pass,Pass,Pass,Pass,Pass,Pass,Pass,Pass,Skip,Pass,
03-03-2017,14:22:39,40.0,2,155900135396,PASS,Pass,Pass,Pass,Pass,Pass,Pass,Pass,Pass,Skip,Pass,Pass,Pass,Pass,Pass,Pass,Pass,Pass,Pass,Pass,Pass,Pass,Pass,Pass,Pass,Pass,Pass,Pass,Pass,Pass,Pass,Pass,Pass,Pass,Pass,Pass,Pass,Pass,Pass,Pass,Skip,Pass,
03-03-2017,14:22:44,39.5,4,155900135395,PASS,Pass,Pass,Pass,Pass,Pass,Pass,Pass,Pass,Skip,Pass,Pass,Pass,Pass,Pass,Pass,Pass,Pass,Pass,Pass,Pass,Pass,Pass,Pass,Pass,Pass,Pass,Pass,Pass,Pass,Pass,Pass,Pass,Pass,Pass,Pass,Pass,Pass,Pass,Pass,Skip,Pass,
03-03-2017,14:22:54,40.1,5,155900135451,PASS,Pass,Pass,Pass,Pass,Pass,Pass,Pass,Pass,Skip,Pass,Pass,Pass,Pass,Pass,Pass,Pass,Pass,Pass,Pass,Pass,Pass,Pass,Pass,Pass,Pass,Pass,Pass,Pass,Pass,Pass,Pass,Pass,Pass,Pass,Pass,Pass,Pass,Pass,Pass,Skip,Pass,
03-03-2017,14:23:27,39.5,1,155900135452,PASS,Pass,Pass,Pass,Pass,Pass,Pass,Pass,Pass,Skip,Pass,Pass,Pass,Pass,Pass,Pass,Pass,Pass,Pass,Pass,Pass,Pass,Pass,Pass,Pass,Pass,Pass,Pass,Pass,Pass,Pass,Pass,Pass,Pass,Pass,Pass,Pass,Pass,Pass,Pass,Skip,Pass,
03-03-2017,14:23:40,39.8,3,155900135453,PASS,Pass,Pass,Pass,Pass,Pass,Pass,Pass,Pass,Skip,Pass,Pass,Pass,Pass,Pass,Pass,Pass,Pass,Pass,Pass,Pass,Pass,Pass,Pass,Pass,Pass,Pass,Pass,Pass,Pass,Pass,Pass,Pass,Pass,Pass,Pass,Pass,Pass,Pass,Pass,Skip,Pass,
03-03-2017,14:24:08,40.9,2,155900135454,PASS,Pass,Pass,Pass,Pass,Pass,Pass,Pass,Pass,Skip,Pass,Pass,Pass,Pass,Pass,Pass,Pass,Pass,Pass,Pass,Pass,Pass,Pass,Pass,Pass,Pass,Pass,Pass,Pass,Pass,Pass,Pass,Pass,Pass,Pass,Pass,Pass,Pass,Pass,Pass,Skip,Pass,
03-03-2017,14:24:49,40.6,1,155900135455,PASS,Pass,Pass,Pass,Pass,Pass,Pass,Pass,Pass,Skip,Pass,Pass,Pass,Pass,Pass,Pass,Pass,Pass,Pass,Pass,Pass,Pass,Pass,Pass,Pass,Pass,Pass,Pass,Pass,Pass,Pass,Pass,Pass,Pass,Pass,Pass,Pass,Pass,Pass,Pass,Skip,Pass,
03-03-2017,14:24:52,40.0,4,155900135456,PASS,Pass,Pass,Pass,Pass,Pass,Pass,Pass,Pass,Skip,Pass,Pass,Pass,Pass,Pass,Pass,Pass,Pass,Pass,Pass,Pass,Pass,Pass,Pass,Pass,Pass,Pass,Pass,Pass,Pass,Pass,Pass,Pass,Pass,Pass,Pass,Pass,Pass,Pass,Pass,Skip,Pass,
03-03-2017,14:25:08,40.3,6,155900134871,PASS,Pass,Pass,Pass,Pass,Pass,Pass,Pass,Pass,Skip,Pass,Pass,Pass,Pass,Pass,Pass,Pass,Pass,Pass,Pass,Pass,Pass,Pass,Pass,Pass,Pass,Pass,Pass,Pass,Pass,Pass,Pass,Pass,Pass,Pass,Pass,Pass,Pass,Pass,Pass,Skip,Pass,
03-03-2017,14:25:32,39.9,3,155900134872,PASS,Pass,Pass,Pass,Pass,Pass,Pass,Pass,Pass,Skip,Pass,Pass,Pass,Pass,Pass,Pass,Pass,Pass,Pass,Pass,Pass,Pass,Pass,Pass,Pass,Pass,Pass,Pass,Pass,Pass,Pass,Pass,Pass,Pass,Pass,Pass,Pass,Pass,Pass,Pass,Skip,Pass,
03-03-2017,14:25:48,39.5,5,155900134873,PASS,Pass,Pass,Pass,Pass,Pass,Pass,Pass,Pass,Skip,Pass,Pass,Pass,Pass,Pass,Pass,Pass,Pass,Pass,Pass,Pass,Pass,Pass,Pass,Pass,Pass,Pass,Pass,Pass,Pass,Pass,Pass,Pass,Pass,Pass,Pass,Pass,Pass,Pass,Pass,Skip,Pass,
03-03-2017,14:26:04,39.9,1,155900134874,PASS,Pass,Pass,Pass,Pass,Pass,Pass,Pass,Pass,Skip,Pass,Pass,Pass,Pass,Pass,Pass,Pass,Pass,Pass,Pass,Pass,Pass,Pass,Pass,Pass,Pass,Pass,Pass,Pass,Pass,Pass,Pass,Pass,Pass,Pass,Pass,Pass,Pass,Pass,Pass,Skip,Pass,
03-03-2017,14:26:23,40.8,4,155900134875,PASS,Pass,Pass,Pass,Pass,Pass,Pass,Pass,Pass,Skip,Pass,Pass,Pass,Pass,Pass,Pass,Pass,Pass,Pass,Pass,Pass,Pass,Pass,Pass,Pass,Pass,Pass,Pass,Pass,Pass,Pass,Pass,Pass,Pass,Pass,Pass,Pass,Pass,Pass,Pass,Skip,Pass,
03-03-2017,14:26:44,39.5,2,155900134876,PASS,Pass,Pass,Pass,Pass,Pass,Pass,Pass,Pass,Skip,Pass,Pass,Pass,Pass,Pass,Pass,Pass,Pass,Pass,Pass,Pass,Pass,Pass,Pass,Pass,Pass,Pass,Pass,Pass,Pass,Pass,Pass,Pass,Pass,Pass,Pass,Pass,Pass,Pass,Pass,Skip,Pass,
03-03-2017,14:26:54,39.3,6,155900135471,PASS,Pass,Pass,Pass,Pass,Pass,Pass,Pass,Pass,Skip,Pass,Pass,Pass,Pass,Pass,Pass,Pass,Pass,Pass,Pass,Pass,Pass,Pass,Pass,Pass,Pass,Pass,Pass,Pass,Pass,Pass,Pass,Pass,Pass,Pass,Pass,Pass,Pass,Pass,Pass,Skip,Pass,
03-03-2017,14:27:10,40.1,3,155900135472,PASS,Pass,Pass,Pass,Pass,Pass,Pass,Pass,Pass,Skip,Pass,Pass,Pass,Pass,Pass,Pass,Pass,Pass,Pass,Pass,Pass,Pass,Pass,Pass,Pass,Pass,Pass,Pass,Pass,Pass,Pass,Pass,Pass,Pass,Pass,Pass,Pass,Pass,Pass,Pass,Skip,Pass,
03-03-2017,14:27:29,40.6,1,155900135473,PASS,Pass,Pass,Pass,Pass,Pass,Pass,Pass,Pass,Skip,Pass,Pass,Pass,Pass,Pass,Pass,Pass,Pass,Pass,Pass,Pass,Pass,Pass,Pass,Pass,Pass,Pass,Pass,Pass,Pass,Pass,Pass,Pass,Pass,Pass,Pass,Pass,Pass,Pass,Pass,Skip,Pass,
03-03-2017,14:27:51,40.0,5,155900135474,PASS,Pass,Pass,Pass,Pass,Pass,Pass,Pass,Pass,Skip,Pass,Pass,Pass,Pass,Pass,Pass,Pass,Pass,Pass,Pass,Pass,Pass,Pass,Pass,Pass,Pass,Pass,Pass,Pass,Pass,Pass,Pass,Pass,Pass,Pass,Pass,Pass,Pass,Pass,Pass,Skip,Pass,
03-03-2017,14:28:09,40.1,2,155900135475,PASS,Pass,Pass,Pass,Pass,Pass,Pass,Pass,Pass,Skip,Pass,Pass,Pass,Pass,Pass,Pass,Pass,Pass,Pass,Pass,Pass,Pass,Pass,Pass,Pass,Pass,Pass,Pass,Pass,Pass,Pass,Pass,Pass,Pass,Pass,Pass,Pass,Pass,Pass,Pass,Skip,Pass,
03-03-2017,14:28:47,40.0,4,155900135571,PASS,Pass,Pass,Pass,Pass,Pass,Pass,Pass,Pass,Skip,Pass,Pass,Pass,Pass,Pass,Pass,Pass,Pass,Pass,Pass,Pass,Pass,Pass,Pass,Pass,Pass,Pass,Pass,Pass,Pass,Pass,Pass,Pass,Pass,Pass,Pass,Pass,Pass,Pass,Pass,Skip,Pass,
03-03-2017,14:28:50,40.7,1,155900135476,PASS,Pass,Pass,Pass,Pass,Pass,Pass,Pass,Pass,Skip,Pass,Pass,Pass,Pass,Pass,Pass,Pass,Pass,Pass,Pass,Pass,Pass,Pass,Pass,Pass,Pass,Pass,Pass,Pass,Pass,Pass,Pass,Pass,Pass,Pass,Pass,Pass,Pass,Pass,Pass,Skip,Pass,
03-03-2017,14:29:04,40.9,6,155900135572,PASS,Pass,Pass,Pass,Pass,Pass,Pass,Pass,Pass,Skip,Pass,Pass,Pass,Pass,Pass,Pass,Pass,Pass,Pass,Pass,Pass,Pass,Pass,Pass,Pass,Pass,Pass,Pass,Pass,Pass,Pass,Pass,Pass,Pass,Pass,Pass,Pass,Pass,Pass,Pass,Skip,Pass,
03-03-2017,14:29:27,40.0,3,155900135573,PASS,Pass,Pass,Pass,Pass,Pass,Pass,Pass,Pass,Skip,Pass,Pass,Pass,Pass,Pass,Pass,Pass,Pass,Pass,Pass,Pass,Pass,Pass,Pass,Pass,Pass,Pass,Pass,Pass,Pass,Pass,Pass,Pass,Pass,Pass,Pass,Pass,Pass,Pass,Pass,Skip,Pass,
03-03-2017,14:30:03,39.9,1,155900135575,PASS,Pass,Pass,Pass,Pass,Pass,Pass,Pass,Pass,Skip,Pass,Pass,Pass,Pass,Pass,Pass,Pass,Pass,Pass,Pass,Pass,Pass,Pass,Pass,Pass,Pass,Pass,Pass,Pass,Pass,Pass,Pass,Pass,Pass,Pass,Pass,Pass,Pass,Pass,Pass,Skip,Pass,
03-03-2017,14:30:07,40.0,4,155900135574,PASS,Pass,Pass,Pass,Pass,Pass,Pass,Pass,Pass,Skip,Pass,Pass,Pass,Pass,Pass,Pass,Pass,Pass,Pass,Pass,Pass,Pass,Pass,Pass,Pass,Pass,Pass,Pass,Pass,Pass,Pass,Pass,Pass,Pass,Pass,Pass,Pass,Pass,Pass,Pass,Skip,Pass,
03-03-2017,14:30:19,39.3,6,155900135576,PASS,Pass,Pass,Pass,Pass,Pass,Pass,Pass,Pass,Skip,Pass,Pass,Pass,Pass,Pass,Pass,Pass,Pass,Pass,Pass,Pass,Pass,Pass,Pass,Pass,Pass,Pass,Pass,Pass,Pass,Pass,Pass,Pass,Pass,Pass,Pass,Pass,Pass,Pass,Pass,Skip,Pass,
03-03-2017,14:30:47,40.0,3,155900135461,PASS,Pass,Pass,Pass,Pass,Pass,Pass,Pass,Pass,Skip,Pass,Pass,Pass,Pass,Pass,Pass,Pass,Pass,Pass,Pass,Pass,Pass,Pass,Pass,Pass,Pass,Pass,Pass,Pass,Pass,Pass,Pass,Pass,Pass,Pass,Pass,Pass,Pass,Pass,Pass,Skip,Pass,
03-03-2017,14:30:52,39.9,1,155900135462,PASS,Pass,Pass,Pass,Pass,Pass,Pass,Pass,Pass,Skip,Pass,Pass,Pass,Pass,Pass,Pass,Pass,Pass,Pass,Pass,Pass,Pass,Pass,Pass,Pass,Pass,Pass,Pass,Pass,Pass,Pass,Pass,Pass,Pass,Pass,Pass,Pass,Pass,Pass,Pass,Skip,Pass,
03-03-2017,14:31:27,39.9,4,155900135463,PASS,Pass,Pass,Pass,Pass,Pass,Pass,Pass,Pass,Skip,Pass,Pass,Pass,Pass,Pass,Pass,Pass,Pass,Pass,Pass,Pass,Pass,Pass,Pass,Pass,Pass,Pass,Pass,Pass,Pass,Pass,Pass,Pass,Pass,Pass,Pass,Pass,Pass,Pass,Pass,Skip,Pass,
03-03-2017,14:33:28,39.2,1,155900135464,PASS,Pass,Pass,Pass,Pass,Pass,Pass,Pass,Pass,Skip,Pass,Pass,Pass,Pass,Pass,Pass,Pass,Pass,Pass,Pass,Pass,Pass,Pass,Pass,Pass,Pass,Pass,Pass,Pass,Pass,Pass,Pass,Pass,Pass,Pass,Pass,Pass,Pass,Pass,Pass,Skip,Pass,
03-03-2017,14:33:42,40.6,3,155900135465,PASS,Pass,Pass,Pass,Pass,Pass,Pass,Pass,Pass,Skip,Pass,Pass,Pass,Pass,Pass,Pass,Pass,Pass,Pass,Pass,Pass,Pass,Pass,Pass,Pass,Pass,Pass,Pass,Pass,Pass,Pass,Pass,Pass,Pass,Pass,Pass,Pass,Pass,Pass,Pass,Skip,Pass,
03-03-2017,14:33:55,39.2,5,155900135466,PASS,Pass,Pass,Pass,Pass,Pass,Pass,Pass,Pass,Skip,Pass,Pass,Pass,Pass,Pass,Pass,Pass,Pass,Pass,Pass,Pass,Pass,Pass,Pass,Pass,Pass,Pass,Pass,Pass,Pass,Pass,Pass,Pass,Pass,Pass,Pass,Pass,Pass,Pass,Pass,Skip,Pass,
03-03-2017,14:34:19,39.2,2,155900135481,PASS,Pass,Pass,Pass,Pass,Pass,Pass,Pass,Pass,Skip,Pass,Pass,Pass,Pass,Pass,Pass,Pass,Pass,Pass,Pass,Pass,Pass,Pass,Pass,Pass,Pass,Pass,Pass,Pass,Pass,Pass,Pass,Pass,Pass,Pass,Pass,Pass,Pass,Pass,Pass,Skip,Pass,
03-03-2017,14:36:08,40.6,1,155900135482,PASS,Pass,Pass,Pass,Pass,Pass,Pass,Pass,Pass,Skip,Pass,Pass,Pass,Pass,Pass,Pass,Pass,Pass,Pass,Pass,Pass,Pass,Pass,Pass,Pass,Pass,Pass,Pass,Pass,Pass,Pass,Pass,Pass,Pass,Pass,Pass,Pass,Pass,Pass,Pass,Skip,Pass,
03-03-2017,14:36:43,39.3,3,155900135483,PASS,Pass,Pass,Pass,Pass,Pass,Pass,Pass,Pass,Skip,Pass,Pass,Pass,Pass,Pass,Pass,Pass,Pass,Pass,Pass,Pass,Pass,Pass,Pass,Pass,Pass,Pass,Pass,Pass,Pass,Pass,Pass,Pass,Pass,Pass,Pass,Pass,Pass,Pass,Pass,Skip,Pass,
03-03-2017,14:36:56,38.9,5,155900135484,PASS,Pass,Pass,Pass,Pass,Pass,Pass,Pass,Pass,Skip,Pass,Pass,Pass,Pass,Pass,Pass,Pass,Pass,Pass,Pass,Pass,Pass,Pass,Pass,Pass,Pass,Pass,Pass,Pass,Pass,Pass,Pass,Pass,Pass,Pass,Pass,Pass,Pass,Pass,Pass,Skip,Pass,
03-03-2017,14:37:29,39.9,1,155900135485,PASS,Pass,Pass,Pass,Pass,Pass,Pass,Pass,Pass,Skip,Pass,Pass,Pass,Pass,Pass,Pass,Pass,Pass,Pass,Pass,Pass,Pass,Pass,Pass,Pass,Pass,Pass,Pass,Pass,Pass,Pass,Pass,Pass,Pass,Pass,Pass,Pass,Pass,Pass,Pass,Skip,Pass,
03-03-2017,14:37:42,40.1,3,155900135486,PASS,Pass,Pass,Pass,Pass,Pass,Pass,Pass,Pass,Skip,Pass,Pass,Pass,Pass,Pass,Pass,Pass,Pass,Pass,Pass,Pass,Pass,Pass,Pass,Pass,Pass,Pass,Pass,Pass,Pass,Pass,Pass,Pass,Pass,Pass,Pass,Pass,Pass,Pass,Pass,Skip,Pass,
03-03-2017,14:37:54,41.9,5,155900135491,PASS,Pass,Pass,Pass,Pass,Pass,Pass,Pass,Pass,Skip,Pass,Pass,Pass,Pass,Pass,Pass,Pass,Pass,Pass,Pass,Pass,Pass,Pass,Pass,Pass,Pass,Pass,Pass,Pass,Pass,Pass,Pass,Pass,Pass,Pass,Pass,Pass,Pass,Pass,Pass,Skip,Pass,
03-03-2017,14:38:22,40.0,4,155900135492,PASS,Pass,Pass,Pass,Pass,Pass,Pass,Pass,Pass,Skip,Pass,Pass,Pass,Pass,Pass,Pass,Pass,Pass,Pass,Pass,Pass,Pass,Pass,Pass,Pass,Pass,Pass,Pass,Pass,Pass,Pass,Pass,Pass,Pass,Pass,Pass,Pass,Pass,Pass,Pass,Skip,Pass,
03-03-2017,14:38:59,39.2,1,155900135493,PASS,Pass,Pass,Pass,Pass,Pass,Pass,Pass,Pass,Skip,Pass,Pass,Pass,Pass,Pass,Pass,Pass,Pass,Pass,Pass,Pass,Pass,Pass,Pass,Pass,Pass,Pass,Pass,Pass,Pass,Pass,Pass,Pass,Pass,Pass,Pass,Pass,Pass,Pass,Pass,Skip,Pass,
03-03-2017,14:39:02,39.2,3,155900135494,PASS,Pass,Pass,Pass,Pass,Pass,Pass,Pass,Pass,Skip,Pass,Pass,Pass,Pass,Pass,Pass,Pass,Pass,Pass,Pass,Pass,Pass,Pass,Pass,Pass,Pass,Pass,Pass,Pass,Pass,Pass,Pass,Pass,Pass,Pass,Pass,Pass,Pass,Pass,Pass,Skip,Pass,
03-03-2017,14:39:26,39.9,5,155900135495,PASS,Pass,Pass,Pass,Pass,Pass,Pass,Pass,Pass,Skip,Pass,Pass,Pass,Pass,Pass,Pass,Pass,Pass,Pass,Pass,Pass,Pass,Pass,Pass,Pass,Pass,Pass,Pass,Pass,Pass,Pass,Pass,Pass,Pass,Pass,Pass,Pass,Pass,Pass,Pass,Skip,Pass,
03-03-2017,14:39:39,39.8,2,155900135496,PASS,Pass,Pass,Pass,Pass,Pass,Pass,Pass,Pass,Skip,Pass,Pass,Pass,Pass,Pass,Pass,Pass,Pass,Pass,Pass,Pass,Pass,Pass,Pass,Pass,Pass,Pass,Pass,Pass,Pass,Pass,Pass,Pass,Pass,Pass,Pass,Pass,Pass,Pass,Pass,Skip,Pass,
03-03-2017,14:40:04,40.9,4,155900135512,PASS,Pass,Pass,Pass,Pass,Pass,Pass,Pass,Pass,Skip,Pass,Pass,Pass,Pass,Pass,Pass,Pass,Pass,Pass,Pass,Pass,Pass,Pass,Pass,Pass,Pass,Pass,Pass,Pass,Pass,Pass,Pass,Pass,Pass,Pass,Pass,Pass,Pass,Pass,Pass,Skip,Pass,
03-03-2017,14:40:18,39.3,6,155900135513,PASS,Pass,Pass,Pass,Pass,Pass,Pass,Pass,Pass,Skip,Pass,Pass,Pass,Pass,Pass,Pass,Pass,Pass,Pass,Pass,Pass,Pass,Pass,Pass,Pass,Pass,Pass,Pass,Pass,Pass,Pass,Pass,Pass,Pass,Pass,Pass,Pass,Pass,Pass,Pass,Skip,Pass,
03-03-2017,14:40:20,40.9,1,155900135511,PASS,Pass,Pass,Pass,Pass,Pass,Pass,Pass,Pass,Skip,Pass,Pass,Pass,Pass,Pass,Pass,Pass,Pass,Pass,Pass,Pass,Pass,Pass,Pass,Pass,Pass,Pass,Pass,Pass,Pass,Pass,Pass,Pass,Pass,Pass,Pass,Pass,Pass,Pass,Pass,Skip,Pass,
03-03-2017,14:40:45,40.4,3,155900135514,PASS,Pass,Pass,Pass,Pass,Pass,Pass,Pass,Pass,Skip,Pass,Pass,Pass,Pass,Pass,Pass,Pass,Pass,Pass,Pass,Pass,Pass,Pass,Pass,Pass,Pass,Pass,Pass,Pass,Pass,Pass,Pass,Pass,Pass,Pass,Pass,Pass,Pass,Pass,Pass,Skip,Pass,
03-03-2017,14:40:59,40.7,5,155900135515,PASS,Pass,Pass,Pass,Pass,Pass,Pass,Pass,Pass,Skip,Pass,Pass,Pass,Pass,Pass,Pass,Pass,Pass,Pass,Pass,Pass,Pass,Pass,Pass,Pass,Pass,Pass,Pass,Pass,Pass,Pass,Pass,Pass,Pass,Pass,Pass,Pass,Pass,Pass,Pass,Skip,Pass,
03-03-2017,14:41:00,40.0,2,155900135516,PASS,Pass,Pass,Pass,Pass,Pass,Pass,Pass,Pass,Skip,Pass,Pass,Pass,Pass,Pass,Pass,Pass,Pass,Pass,Pass,Pass,Pass,Pass,Pass,Pass,Pass,Pass,Pass,Pass,Pass,Pass,Pass,Pass,Pass,Pass,Pass,Pass,Pass,Pass,Pass,Skip,Pass,
03-03-2017,14:47:13,50.5,1,155480137381,PASS,Pass,Pass,Pass,Pass,Pass,Pass,Pass,Pass,Skip,Pass,Pass,Pass,Pass,Pass,Pass,Pass,Pass,Pass,Pass,Pass,Pass,Pass,Pass,Pass,Pass,Pass,Pass,Pass,Pass,Pass,Pass,Pass,Pass,Pass,Pass,Pass,Pass,Pass,Pass,Skip,Pass,
03-03-2017,14:47:22,48.2,3,155480137382,PASS,Pass,Pass,Pass,Pass,Pass,Pass,Pass,Pass,Skip,Pass,Pass,Pass,Pass,Pass,Pass,Pass,Pass,Pass,Pass,Pass,Pass,Pass,Pass,Pass,Pass,Pass,Pass,Pass,Pass,Pass,Pass,Pass,Pass,Pass,Pass,Pass,Pass,Pass,Pass,Skip,Pass,
03-03-2017,14:47:36,46.2,5,155480137383,PASS,Pass,Pass,Pass,Pass,Pass,Pass,Pass,Pass,Skip,Pass,Pass,Pass,Pass,Pass,Pass,Pass,Pass,Pass,Pass,Pass,Pass,Pass,Pass,Pass,Pass,Pass,Pass,Pass,Pass,Pass,Pass,Pass,Pass,Pass,Pass,Pass,Pass,Pass,Pass,Skip,Pass,
03-03-2017,14:48:02,48.3,2,155480137384,PASS,Pass,Pass,Pass,Pass,Pass,Pass,Pass,Pass,Skip,Pass,Pass,Pass,Pass,Pass,Pass,Pass,Pass,Pass,Pass,Pass,Pass,Pass,Pass,Pass,Pass,Pass,Pass,Pass,Pass,Pass,Pass,Pass,Pass,Pass,Pass,Pass,Pass,Pass,Pass,Skip,Pass,
03-03-2017,14:48:13,50.6,4,155480137385,PASS,Pass,Pass,Pass,Pass,Pass,Pass,Pass,Pass,Skip,Pass,Pass,Pass,Pass,Pass,Pass,Pass,Pass,Pass,Pass,Pass,Pass,Pass,Pass,Pass,Pass,Pass,Pass,Pass,Pass,Pass,Pass,Pass,Pass,Pass,Pass,Pass,Pass,Pass,Pass,Skip,Pass,
03-03-2017,14:48:24,47.9,6,155480137386,PASS,Pass,Pass,Pass,Pass,Pass,Pass,Pass,Pass,Skip,Pass,Pass,Pass,Pass,Pass,Pass,Pass,Pass,Pass,Pass,Pass,Pass,Pass,Pass,Pass,Pass,Pass,Pass,Pass,Pass,Pass,Pass,Pass,Pass,Pass,Pass,Pass,Pass,Pass,Pass,Skip,Pass,
03-03-2017,14:48:51,49.2,1,155480137371,PASS,Pass,Pass,Pass,Pass,Pass,Pass,Pass,Pass,Skip,Pass,Pass,Pass,Pass,Pass,Pass,Pass,Pass,Pass,Pass,Pass,Pass,Pass,Pass,Pass,Pass,Pass,Pass,Pass,Pass,Pass,Pass,Pass,Pass,Pass,Pass,Pass,Pass,Pass,Pass,Skip,Pass,
03-03-2017,14:49:03,49.6,3,155480137372,PASS,Pass,Pass,Pass,Pass,Pass,Pass,Pass,Pass,Skip,Pass,Pass,Pass,Pass,Pass,Pass,Pass,Pass,Pass,Pass,Pass,Pass,Pass,Pass,Pass,Pass,Pass,Pass,Pass,Pass,Pass,Pass,Pass,Pass,Pass,Pass,Pass,Pass,Pass,Pass,Skip,Pass,
03-03-2017,14:49:40,48.3,2,155480137374,PASS,Pass,Pass,Pass,Pass,Pass,Pass,Pass,Pass,Skip,Pass,Pass,Pass,Pass,Pass,Pass,Pass,Pass,Pass,Pass,Pass,Pass,Pass,Pass,Pass,Pass,Pass,Pass,Pass,Pass,Pass,Pass,Pass,Pass,Pass,Pass,Pass,Pass,Pass,Pass,Skip,Pass,
03-03-2017,14:49:46,47.2,6,155480136582,PASS,Pass,Pass,Pass,Pass,Pass,Pass,Pass,Pass,Skip,Pass,Pass,Pass,Pass,Pass,Pass,Pass,Pass,Pass,Pass,Pass,Pass,Pass,Pass,Pass,Pass,Pass,Pass,Pass,Pass,Pass,Pass,Pass,Pass,Pass,Pass,Pass,Pass,Pass,Pass,Skip,Pass,
03-03-2017,14:49:52,48.9,4,155480136581,PASS,Pass,Pass,Pass,Pass,Pass,Pass,Pass,Pass,Skip,Pass,Pass,Pass,Pass,Pass,Pass,Pass,Pass,Pass,Pass,Pass,Pass,Pass,Pass,Pass,Pass,Pass,Pass,Pass,Pass,Pass,Pass,Pass,Pass,Pass,Pass,Pass,Pass,Pass,Pass,Skip,Pass,
03-03-2017,14:50:29,49.4,1,155480136583,PASS,Pass,Pass,Pass,Pass,Pass,Pass,Pass,Pass,Skip,Pass,Pass,Pass,Pass,Pass,Pass,Pass,Pass,Pass,Pass,Pass,Pass,Pass,Pass,Pass,Pass,Pass,Pass,Pass,Pass,Pass,Pass,Pass,Pass,Pass,Pass,Pass,Pass,Pass,Pass,Skip,Pass,
03-03-2017,14:50:35,48.3,5,155480136585,PASS,Pass,Pass,Pass,Pass,Pass,Pass,Pass,Pass,Skip,Pass,Pass,Pass,Pass,Pass,Pass,Pass,Pass,Pass,Pass,Pass,Pass,Pass,Pass,Pass,Pass,Pass,Pass,Pass,Pass,Pass,Pass,Pass,Pass,Pass,Pass,Pass,Pass,Pass,Pass,Skip,Pass,
03-03-2017,14:50:41,48.9,3,155480136584,PASS,Pass,Pass,Pass,Pass,Pass,Pass,Pass,Pass,Skip,Pass,Pass,Pass,Pass,Pass,Pass,Pass,Pass,Pass,Pass,Pass,Pass,Pass,Pass,Pass,Pass,Pass,Pass,Pass,Pass,Pass,Pass,Pass,Pass,Pass,Pass,Pass,Pass,Pass,Pass,Skip,Pass,
03-03-2017,14:51:18,49.3,2,155480136586,PASS,Pass,Pass,Pass,Pass,Pass,Pass,Pass,Pass,Skip,Pass,Pass,Pass,Pass,Pass,Pass,Pass,Pass,Pass,Pass,Pass,Pass,Pass,Pass,Pass,Pass,Pass,Pass,Pass,Pass,Pass,Pass,Pass,Pass,Pass,Pass,Pass,Pass,Pass,Pass,Skip,Pass,
03-03-2017,14:51:29,48.0,4,155480136861,PASS,Pass,Pass,Pass,Pass,Pass,Pass,Pass,Pass,Skip,Pass,Pass,Pass,Pass,Pass,Pass,Pass,Pass,Pass,Pass,Pass,Pass,Pass,Pass,Pass,Pass,Pass,Pass,Pass,Pass,Pass,Pass,Pass,Pass,Pass,Pass,Pass,Pass,Pass,Pass,Skip,Pass,
03-03-2017,14:51:43,45.5,6,155480136864,PASS,Pass,Pass,Pass,Pass,Pass,Pass,Pass,Pass,Skip,Pass,Pass,Pass,Pass,Pass,Pass,Pass,Pass,Pass,Pass,Pass,Pass,Pass,Pass,Pass,Pass,Pass,Pass,Pass,Pass,Pass,Pass,Pass,Pass,Pass,Pass,Pass,Pass,Pass,Pass,Skip,Pass,
03-03-2017,14:52:06,48.0,1,155480136862,PASS,Pass,Pass,Pass,Pass,Pass,Pass,Pass,Pass,Skip,Pass,Pass,Pass,Pass,Pass,Pass,Pass,Pass,Pass,Pass,Pass,Pass,Pass,Pass,Pass,Pass,Pass,Pass,Pass,Pass,Pass,Pass,Pass,Pass,Pass,Pass,Pass,Pass,Pass,Pass,Skip,Pass,
03-03-2017,14:52:17,48.2,3,155480136865,PASS,Pass,Pass,Pass,Pass,Pass,Pass,Pass,Pass,Skip,Pass,Pass,Pass,Pass,Pass,Pass,Pass,Pass,Pass,Pass,Pass,Pass,Pass,Pass,Pass,Pass,Pass,Pass,Pass,Pass,Pass,Pass,Pass,Pass,Pass,Pass,Pass,Pass,Pass,Pass,Skip,Pass,
03-03-2017,14:52:48,50.1,5,155480136571,PASS,Pass,Pass,Pass,Pass,Pass,Pass,Pass,Pass,Skip,Pass,Pass,Pass,Pass,Pass,Pass,Pass,Pass,Pass,Pass,Pass,Pass,Pass,Pass,Pass,Pass,Pass,Pass,Pass,Pass,Pass,Pass,Pass,Pass,Pass,Pass,Pass,Pass,Pass,Pass,Skip,Pass,
03-03-2017,14:52:57,49.9,2,155480136866,PASS,Pass,Pass,Pass,Pass,Pass,Pass,Pass,Pass,Skip,Pass,Pass,Pass,Pass,Pass,Pass,Pass,Pass,Pass,Pass,Pass,Pass,Pass,Pass,Pass,Pass,Pass,Pass,Pass,Pass,Pass,Pass,Pass,Pass,Pass,Pass,Pass,Pass,Pass,Pass,Skip,Pass,
03-03-2017,14:53:21,48.9,4,155480136573,PASS,Pass,Pass,Pass,Pass,Pass,Pass,Pass,Pass,Skip,Pass,Pass,Pass,Pass,Pass,Pass,Pass,Pass,Pass,Pass,Pass,Pass,Pass,Pass,Pass,Pass,Pass,Pass,Pass,Pass,Pass,Pass,Pass,Pass,Pass,Pass,Pass,Pass,Pass,Pass,Skip,Pass,
03-03-2017,14:53:45,48.2,1,155480136572,PASS,Pass,Pass,Pass,Pass,Pass,Pass,Pass,Pass,Skip,Pass,Pass,Pass,Pass,Pass,Pass,Pass,Pass,Pass,Pass,Pass,Pass,Pass,Pass,Pass,Pass,Pass,Pass,Pass,Pass,Pass,Pass,Pass,Pass,Pass,Pass,Pass,Pass,Pass,Pass,Skip,Pass,
03-03-2017,14:53:52,46.8,6,155480136575,PASS,Pass,Pass,Pass,Pass,Pass,Pass,Pass,Pass,Skip,Pass,Pass,Pass,Pass,Pass,Pass,Pass,Pass,Pass,Pass,Pass,Pass,Pass,Pass,Pass,Pass,Pass,Pass,Pass,Pass,Pass,Pass,Pass,Pass,Pass,Pass,Pass,Pass,Pass,Pass,Skip,Pass,
03-03-2017,14:54:09,47.5,3,155480136576,PASS,Pass,Pass,Pass,Pass,Pass,Pass,Pass,Pass,Skip,Pass,Pass,Pass,Pass,Pass,Pass,Pass,Pass,Pass,Pass,Pass,Pass,Pass,Pass,Pass,Pass,Pass,Pass,Pass,Pass,Pass,Pass,Pass,Pass,Pass,Pass,Pass,Pass,Pass,Pass,Skip,Pass,
03-03-2017,14:54:34,45.6,2,155480136962,PASS,Pass,Pass,Pass,Pass,Pass,Pass,Pass,Pass,Skip,Pass,Pass,Pass,Pass,Pass,Pass,Pass,Pass,Pass,Pass,Pass,Pass,Pass,Pass,Pass,Pass,Pass,Pass,Pass,Pass,Pass,Pass,Pass,Pass,Pass,Pass,Pass,Pass,Pass,Pass,Skip,Pass,
03-03-2017,14:54:50,40.8,4,155480136961,PASS,Pass,Pass,Pass,Pass,Pass,Pass,Pass,Pass,Skip,Pass,Pass,Pass,Pass,Pass,Pass,Pass,Pass,Pass,Pass,Pass,Pass,Pass,Pass,Pass,Pass,Pass,Pass,Pass,Pass,Pass,Pass,Pass,Pass,Pass,Pass,Pass,Pass,Pass,Pass,Skip,Pass,
03-03-2017,14:55:15,40.0,1,155480136963,PASS,Pass,Pass,Pass,Pass,Pass,Pass,Pass,Pass,Skip,Pass,Pass,Pass,Pass,Pass,Pass,Pass,Pass,Pass,Pass,Pass,Pass,Pass,Pass,Pass,Pass,Pass,Pass,Pass,Pass,Pass,Pass,Pass,Pass,Pass,Pass,Pass,Pass,Pass,Pass,Skip,Pass,
03-03-2017,14:55:17,42.4,6,155480136964,PASS,Pass,Pass,Pass,Pass,Pass,Pass,Pass,Pass,Skip,Pass,Pass,Pass,Pass,Pass,Pass,Pass,Pass,Pass,Pass,Pass,Pass,Pass,Pass,Pass,Pass,Pass,Pass,Pass,Pass,Pass,Pass,Pass,Pass,Pass,Pass,Pass,Pass,Pass,Pass,Skip,Pass,
03-03-2017,14:55:31,40.4,3,155480136965,PASS,Pass,Pass,Pass,Pass,Pass,Pass,Pass,Pass,Skip,Pass,Pass,Pass,Pass,Pass,Pass,Pass,Pass,Pass,Pass,Pass,Pass,Pass,Pass,Pass,Pass,Pass,Pass,Pass,Pass,Pass,Pass,Pass,Pass,Pass,Pass,Pass,Pass,Pass,Pass,Skip,Pass,
03-03-2017,14:55:56,39.1,5,155480136966,PASS,Pass,Pass,Pass,Pass,Pass,Pass,Pass,Pass,Skip,Pass,Pass,Pass,Pass,Pass,Pass,Pass,Pass,Pass,Pass,Pass,Pass,Pass,Pass,Pass,Pass,Pass,Pass,Pass,Pass,Pass,Pass,Pass,Pass,Pass,Pass,Pass,Pass,Pass,Pass,Skip,Pass,
03-03-2017,14:56:37,40.7,1,155480137342,PASS,Pass,Pass,Pass,Pass,Pass,Pass,Pass,Pass,Skip,Pass,Pass,Pass,Pass,Pass,Pass,Pass,Pass,Pass,Pass,Pass,Pass,Pass,Pass,Pass,Pass,Pass,Pass,Pass,Pass,Pass,Pass,Pass,Pass,Pass,Pass,Pass,Pass,Pass,Pass,Skip,Pass,
03-03-2017,14:56:38,41.1,6,155480137341,PASS,Pass,Pass,Pass,Pass,Pass,Pass,Pass,Pass,Skip,Pass,Pass,Pass,Pass,Pass,Pass,Pass,Pass,Pass,Pass,Pass,Pass,Pass,Pass,Pass,Pass,Pass,Pass,Pass,Pass,Pass,Pass,Pass,Pass,Pass,Pass,Pass,Pass,Pass,Pass,Skip,Pass,
03-03-2017,14:56:55,40.9,3,155480137343,PASS,Pass,Pass,Pass,Pass,Pass,Pass,Pass,Pass,Skip,Pass,Pass,Pass,Pass,Pass,Pass,Pass,Pass,Pass,Pass,Pass,Pass,Pass,Pass,Pass,Pass,Pass,Pass,Pass,Pass,Pass,Pass,Pass,Pass,Pass,Pass,Pass,Pass,Pass,Pass,Skip,Pass,
03-03-2017,14:57:16,38.8,5,155480137344,PASS,Pass,Pass,Pass,Pass,Pass,Pass,Pass,Pass,Skip,Pass,Pass,Pass,Pass,Pass,Pass,Pass,Pass,Pass,Pass,Pass,Pass,Pass,Pass,Pass,Pass,Pass,Pass,Pass,Pass,Pass,Pass,Pass,Pass,Pass,Pass,Pass,Pass,Pass,Pass,Skip,Pass,
03-03-2017,14:57:27,40.0,1,155480137346,PASS,Pass,Pass,Pass,Pass,Pass,Pass,Pass,Pass,Skip,Pass,Pass,Pass,Pass,Pass,Pass,Pass,Pass,Pass,Pass,Pass,Pass,Pass,Pass,Pass,Pass,Pass,Pass,Pass,Pass,Pass,Pass,Pass,Pass,Pass,Pass,Pass,Pass,Pass,Pass,Skip,Pass,
03-03-2017,14:58:07,40.8,4,155480137213,PASS,Pass,Pass,Pass,Pass,Pass,Pass,Pass,Pass,Skip,Pass,Pass,Pass,Pass,Pass,Pass,Pass,Pass,Pass,Pass,Pass,Pass,Pass,Pass,Pass,Pass,Pass,Pass,Pass,Pass,Pass,Pass,Pass,Pass,Pass,Pass,Pass,Pass,Pass,Pass,Skip,Pass,
03-03-2017,14:58:07,39.5,2,155480137211,PASS,Pass,Pass,Pass,Pass,Pass,Pass,Pass,Pass,Skip,Pass,Pass,Pass,Pass,Pass,Pass,Pass,Pass,Pass,Pass,Pass,Pass,Pass,Pass,Pass,Pass,Pass,Pass,Pass,Pass,Pass,Pass,Pass,Pass,Pass,Pass,Pass,Pass,Pass,Pass,Skip,Pass,
03-03-2017,15:03:47,40.2,1,155480137215,PASS,Pass,Pass,Pass,Pass,Pass,Pass,Pass,Pass,Skip,Pass,Pass,Pass,Pass,Pass,Pass,Pass,Pass,Pass,Pass,Pass,Pass,Pass,Pass,Pass,Pass,Pass,Pass,Pass,Pass,Pass,Pass,Pass,Pass,Pass,Pass,Pass,Pass,Pass,Pass,Skip,Pass,
03-03-2017,15:04:06,40.1,5,155480137214,PASS,Pass,Pass,Pass,Pass,Pass,Pass,Pass,Pass,Skip,Pass,Pass,Pass,Pass,Pass,Pass,Pass,Pass,Pass,Pass,Pass,Pass,Pass,Pass,Pass,Pass,Pass,Pass,Pass,Pass,Pass,Pass,Pass,Pass,Pass,Pass,Pass,Pass,Pass,Pass,Skip,Pass,
03-03-2017,15:04:12,41.6,3,155480137216,PASS,Pass,Pass,Pass,Pass,Pass,Pass,Pass,Pass,Skip,Pass,Pass,Pass,Pass,Pass,Pass,Pass,Pass,Pass,Pass,Pass,Pass,Pass,Pass,Pass,Pass,Pass,Pass,Pass,Pass,Pass,Pass,Pass,Pass,Pass,Pass,Pass,Pass,Pass,Pass,Skip,Pass,
03-03-2017,15:04:33,40.2,2,155480136901,PASS,Pass,Pass,Pass,Pass,Pass,Pass,Pass,Pass,Skip,Pass,Pass,Pass,Pass,Pass,Pass,Pass,Pass,Pass,Pass,Pass,Pass,Pass,Pass,Pass,Pass,Pass,Pass,Pass,Pass,Pass,Pass,Pass,Pass,Pass,Pass,Pass,Pass,Pass,Pass,Skip,Pass,
03-03-2017,15:05:08,39.4,4,155480136903,PASS,Pass,Pass,Pass,Pass,Pass,Pass,Pass,Pass,Skip,Pass,Pass,Pass,Pass,Pass,Pass,Pass,Pass,Pass,Pass,Pass,Pass,Pass,Pass,Pass,Pass,Pass,Pass,Pass,Pass,Pass,Pass,Pass,Pass,Pass,Pass,Pass,Pass,Pass,Pass,Skip,Pass,
03-03-2017,15:05:13,40.4,1,155480136902,PASS,Pass,Pass,Pass,Pass,Pass,Pass,Pass,Pass,Skip,Pass,Pass,Pass,Pass,Pass,Pass,Pass,Pass,Pass,Pass,Pass,Pass,Pass,Pass,Pass,Pass,Pass,Pass,Pass,Pass,Pass,Pass,Pass,Pass,Pass,Pass,Pass,Pass,Pass,Pass,Skip,Pass,
03-03-2017,15:05:20,39.6,6,155480136904,PASS,Pass,Pass,Pass,Pass,Pass,Pass,Pass,Pass,Skip,Pass,Pass,Pass,Pass,Pass,Pass,Pass,Pass,Pass,Pass,Pass,Pass,Pass,Pass,Pass,Pass,Pass,Pass,Pass,Pass,Pass,Pass,Pass,Pass,Pass,Pass,Pass,Pass,Pass,Pass,Skip,Pass,
03-03-2017,15:05:49,41.6,3,155480136905,PASS,Pass,Pass,Pass,Pass,Pass,Pass,Pass,Pass,Skip,Pass,Pass,Pass,Pass,Pass,Pass,Pass,Pass,Pass,Pass,Pass,Pass,Pass,Pass,Pass,Pass,Pass,Pass,Pass,Pass,Pass,Pass,Pass,Pass,Pass,Pass,Pass,Pass,Pass,Pass,Skip,Pass,
03-03-2017,15:11:35,49.2,1,155480136906,PASS,Pass,Pass,Pass,Pass,Pass,Pass,Pass,Pass,Skip,Pass,Pass,Pass,Pass,Pass,Pass,Pass,Pass,Pass,Pass,Pass,Pass,Pass,Pass,Pass,Pass,Pass,Pass,Pass,Pass,Pass,Pass,Pass,Pass,Pass,Pass,Pass,Pass,Pass,Pass,Skip,Pass,
03-03-2017,15:15:40,48.7,1,155480137011,PASS,Pass,Pass,Pass,Pass,Pass,Pass,Pass,Pass,Skip,Pass,Pass,Pass,Pass,Pass,Pass,Pass,Pass,Pass,Pass,Pass,Pass,Pass,Pass,Pass,Pass,Pass,Pass,Pass,Pass,Pass,Pass,Pass,Pass,Pass,Pass,Pass,Pass,Pass,Pass,Skip,Pass,
03-03-2017,15:15:56,51.1,3,155480137012,PASS,Pass,Pass,Pass,Pass,Pass,Pass,Pass,Pass,Skip,Pass,Pass,Pass,Pass,Pass,Pass,Pass,Pass,Pass,Pass,Pass,Pass,Pass,Pass,Pass,Pass,Pass,Pass,Pass,Pass,Pass,Pass,Pass,Pass,Pass,Pass,Pass,Pass,Pass,Pass,Skip,Pass,
03-03-2017,15:16:11,48.9,5,155480137013,PASS,Pass,Pass,Pass,Pass,Pass,Pass,Pass,Pass,Skip,Pass,Pass,Pass,Pass,Pass,Pass,Pass,Pass,Pass,Pass,Pass,Pass,Pass,Pass,Pass,Pass,Pass,Pass,Pass,Pass,Pass,Pass,Pass,Pass,Pass,Pass,Pass,Pass,Pass,Pass,Skip,Pass,
03-03-2017,15:16:41,47.5,2,155480137014,PASS,Pass,Pass,Pass,Pass,Pass,Pass,Pass,Pass,Skip,Pass,Pass,Pass,Pass,Pass,Pass,Pass,Pass,Pass,Pass,Pass,Pass,Pass,Pass,Pass,Pass,Pass,Pass,Pass,Pass,Pass,Pass,Pass,Pass,Pass,Pass,Pass,Pass,Pass,Pass,Skip,Pass,
03-03-2017,15:16:57,49.0,4,155480137015,PASS,Pass,Pass,Pass,Pass,Pass,Pass,Pass,Pass,Skip,Pass,Pass,Pass,Pass,Pass,Pass,Pass,Pass,Pass,Pass,Pass,Pass,Pass,Pass,Pass,Pass,Pass,Pass,Pass,Pass,Pass,Pass,Pass,Pass,Pass,Pass,Pass,Pass,Pass,Pass,Skip,Pass,
03-03-2017,15:17:11,49.7,6,155480137016,PASS,Pass,Pass,Pass,Pass,Pass,Pass,Pass,Pass,Skip,Pass,Pass,Pass,Pass,Pass,Pass,Pass,Pass,Pass,Pass,Pass,Pass,Pass,Pass,Pass,Pass,Pass,Pass,Pass,Pass,Pass,Pass,Pass,Pass,Pass,Pass,Pass,Pass,Pass,Pass,Skip,Pass,
03-03-2017,15:17:49,46.3,3,155480136841,PASS,Pass,Pass,Pass,Pass,Pass,Pass,Pass,Pass,Skip,Pass,Pass,Pass,Pass,Pass,Pass,Pass,Pass,Pass,Pass,Pass,Pass,Pass,Pass,Pass,Pass,Pass,Pass,Pass,Pass,Pass,Pass,Pass,Pass,Pass,Pass,Pass,Pass,Pass,Pass,Skip,Pass,
03-03-2017,15:18:28,46.6,1,155480136843,PASS,Pass,Pass,Pass,Pass,Pass,Pass,Pass,Pass,Skip,Pass,Pass,Pass,Pass,Pass,Pass,Pass,Pass,Pass,Pass,Pass,Pass,Pass,Pass,Pass,Pass,Pass,Pass,Pass,Pass,Pass,Pass,Pass,Pass,Pass,Pass,Pass,Pass,Pass,Pass,Skip,Pass,
03-03-2017,15:18:36,46.1,4,155480136842,PASS,Pass,Pass,Pass,Pass,Pass,Pass,Pass,Pass,Skip,Pass,Pass,Pass,Pass,Pass,Pass,Pass,Pass,Pass,Pass,Pass,Pass,Pass,Pass,Pass,Pass,Pass,Pass,Pass,Pass,Pass,Pass,Pass,Pass,Pass,Pass,Pass,Pass,Pass,Pass,Skip,Pass,
03-03-2017,15:19:08,46.1,5,155480136845,PASS,Pass,Pass,Pass,Pass,Pass,Pass,Pass,Pass,Skip,Pass,Pass,Pass,Pass,Pass,Pass,Pass,Pass,Pass,Pass,Pass,Pass,Pass,Pass,Pass,Pass,Pass,Pass,Pass,Pass,Pass,Pass,Pass,Pass,Pass,Pass,Pass,Pass,Pass,Pass,Skip,Pass,
03-03-2017,15:19:16,47.9,2,155480136844,PASS,Pass,Pass,Pass,Pass,Pass,Pass,Pass,Pass,Skip,Pass,Pass,Pass,Pass,Pass,Pass,Pass,Pass,Pass,Pass,Pass,Pass,Pass,Pass,Pass,Pass,Pass,Pass,Pass,Pass,Pass,Pass,Pass,Pass,Pass,Pass,Pass,Pass,Pass,Pass,Skip,Pass,
03-03-2017,15:20:09,50.8,1,155480136846,PASS,Pass,Pass,Pass,Pass,Pass,Pass,Pass,Pass,Skip,Pass,Pass,Pass,Pass,Pass,Pass,Pass,Pass,Pass,Pass,Pass,Pass,Pass,Pass,Pass,Pass,Pass,Pass,Pass,Pass,Pass,Pass,Pass,Pass,Pass,Pass,Pass,Pass,Pass,Pass,Skip,Pass,
03-03-2017,15:20:20,47.4,3,155480137161,PASS,Pass,Pass,Pass,Pass,Pass,Pass,Pass,Pass,Skip,Pass,Pass,Pass,Pass,Pass,Pass,Pass,Pass,Pass,Pass,Pass,Pass,Pass,Pass,Pass,Pass,Pass,Pass,Pass,Pass,Pass,Pass,Pass,Pass,Pass,Pass,Pass,Pass,Pass,Pass,Skip,Pass,
03-03-2017,15:20:58,48.8,2,155480137162,PASS,Pass,Pass,Pass,Pass,Pass,Pass,Pass,Pass,Skip,Pass,Pass,Pass,Pass,Pass,Pass,Pass,Pass,Pass,Pass,Pass,Pass,Pass,Pass,Pass,Pass,Pass,Pass,Pass,Pass,Pass,Pass,Pass,Pass,Pass,Pass,Pass,Pass,Pass,Pass,Skip,Pass,
03-03-2017,15:21:09,49.6,4,155480137163,PASS,Pass,Pass,Pass,Pass,Pass,Pass,Pass,Pass,Skip,Pass,Pass,Pass,Pass,Pass,Pass,Pass,Pass,Pass,Pass,Pass,Pass,Pass,Pass,Pass,Pass,Pass,Pass,Pass,Pass,Pass,Pass,Pass,Pass,Pass,Pass,Pass,Pass,Pass,Pass,Skip,Pass,
03-03-2017,15:21:51,49.0,1,155480137164,PASS,Pass,Pass,Pass,Pass,Pass,Pass,Pass,Pass,Skip,Pass,Pass,Pass,Pass,Pass,Pass,Pass,Pass,Pass,Pass,Pass,Pass,Pass,Pass,Pass,Pass,Pass,Pass,Pass,Pass,Pass,Pass,Pass,Pass,Pass,Pass,Pass,Pass,Pass,Pass,Skip,Pass,
03-03-2017,15:21:58,45.0,3,155480137165,PASS,Pass,Pass,Pass,Pass,Pass,Pass,Pass,Pass,Skip,Pass,Pass,Pass,Pass,Pass,Pass,Pass,Pass,Pass,Pass,Pass,Pass,Pass,Pass,Pass,Pass,Pass,Pass,Pass,Pass,Pass,Pass,Pass,Pass,Pass,Pass,Pass,Pass,Pass,Pass,Skip,Pass,
03-03-2017,15:22:17,47.2,5,155480137166,PASS,Pass,Pass,Pass,Pass,Pass,Pass,Pass,Pass,Skip,Pass,Pass,Pass,Pass,Pass,Pass,Pass,Pass,Pass,Pass,Pass,Pass,Pass,Pass,Pass,Pass,Pass,Pass,Pass,Pass,Pass,Pass,Pass,Pass,Pass,Pass,Pass,Pass,Pass,Pass,Skip,Pass,
03-03-2017,15:22:39,47.6,2,155480137171,PASS,Pass,Pass,Pass,Pass,Pass,Pass,Pass,Pass,Skip,Pass,Pass,Pass,Pass,Pass,Pass,Pass,Pass,Pass,Pass,Pass,Pass,Pass,Pass,Pass,Pass,Pass,Pass,Pass,Pass,Pass,Pass,Pass,Pass,Pass,Pass,Pass,Pass,Pass,Pass,Skip,Pass,
03-03-2017,15:23:23,48.0,3,155480137173,PASS,Pass,Pass,Pass,Pass,Pass,Pass,Pass,Pass,Skip,Pass,Pass,Pass,Pass,Pass,Pass,Pass,Pass,Pass,Pass,Pass,Pass,Pass,Pass,Pass,Pass,Pass,Pass,Pass,Pass,Pass,Pass,Pass,Pass,Pass,Pass,Pass,Pass,Pass,Pass,Skip,Pass,
03-03-2017,15:23:27,48.0,1,155480137172,PASS,Pass,Pass,Pass,Pass,Pass,Pass,Pass,Pass,Skip,Pass,Pass,Pass,Pass,Pass,Pass,Pass,Pass,Pass,Pass,Pass,Pass,Pass,Pass,Pass,Pass,Pass,Pass,Pass,Pass,Pass,Pass,Pass,Pass,Pass,Pass,Pass,Pass,Pass,Pass,Skip,Pass,
03-03-2017,15:24:06,46.1,5,155480137176,PASS,Pass,Pass,Pass,Pass,Pass,Pass,Pass,Pass,Skip,Pass,Pass,Pass,Pass,Pass,Pass,Pass,Pass,Pass,Pass,Pass,Pass,Pass,Pass,Pass,Pass,Pass,Pass,Pass,Pass,Pass,Pass,Pass,Pass,Pass,Pass,Pass,Pass,Pass,Pass,Skip,Pass,
03-03-2017,15:24:12,49.5,4,155480137174,PASS,Pass,Pass,Pass,Pass,Pass,Pass,Pass,Pass,Skip,Pass,Pass,Pass,Pass,Pass,Pass,Pass,Pass,Pass,Pass,Pass,Pass,Pass,Pass,Pass,Pass,Pass,Pass,Pass,Pass,Pass,Pass,Pass,Pass,Pass,Pass,Pass,Pass,Pass,Pass,Skip,Pass,
03-03-2017,15:24:13,45.9,2,155480137175,PASS,Pass,Pass,Pass,Pass,Pass,Pass,Pass,Pass,Skip,Pass,Pass,Pass,Pass,Pass,Pass,Pass,Pass,Pass,Pass,Pass,Pass,Pass,Pass,Pass,Pass,Pass,Pass,Pass,Pass,Pass,Pass,Pass,Pass,Pass,Pass,Pass,Pass,Pass,Pass,Skip,Pass,
03-03-2017,15:24:58,45.4,1,155480137181,PASS,Pass,Pass,Pass,Pass,Pass,Pass,Pass,Pass,Skip,Pass,Pass,Pass,Pass,Pass,Pass,Pass,Pass,Pass,Pass,Pass,Pass,Pass,Pass,Pass,Pass,Pass,Pass,Pass,Pass,Pass,Pass,Pass,Pass,Pass,Pass,Pass,Pass,Pass,Pass,Skip,Pass,
03-03-2017,15:25:03,45.9,3,155480137182,PASS,Pass,Pass,Pass,Pass,Pass,Pass,Pass,Pass,Skip,Pass,Pass,Pass,Pass,Pass,Pass,Pass,Pass,Pass,Pass,Pass,Pass,Pass,Pass,Pass,Pass,Pass,Pass,Pass,Pass,Pass,Pass,Pass,Pass,Pass,Pass,Pass,Pass,Pass,Pass,Skip,Pass,
03-03-2017,15:25:39,41.0,2,155480137183,PASS,Pass,Pass,Pass,Pass,Pass,Pass,Pass,Pass,Skip,Pass,Pass,Pass,Pass,Pass,Pass,Pass,Pass,Pass,Pass,Pass,Pass,Pass,Pass,Pass,Pass,Pass,Pass,Pass,Pass,Pass,Pass,Pass,Pass,Pass,Pass,Pass,Pass,Pass,Pass,Skip,Pass,
03-03-2017,15:25:44,41.3,4,155480137184,PASS,Pass,Pass,Pass,Pass,Pass,Pass,Pass,Pass,Skip,Pass,Pass,Pass,Pass,Pass,Pass,Pass,Pass,Pass,Pass,Pass,Pass,Pass,Pass,Pass,Pass,Pass,Pass,Pass,Pass,Pass,Pass,Pass,Pass,Pass,Pass,Pass,Pass,Pass,Pass,Skip,Pass,
03-03-2017,15:25:49,39.4,5,155480137185,PASS,Pass,Pass,Pass,Pass,Pass,Pass,Pass,Pass,Skip,Pass,Pass,Pass,Pass,Pass,Pass,Pass,Pass,Pass,Pass,Pass,Pass,Pass,Pass,Pass,Pass,Pass,Pass,Pass,Pass,Pass,Pass,Pass,Pass,Pass,Pass,Pass,Pass,Pass,Pass,Skip,Pass,
03-03-2017,15:26:25,40.8,3,155480137191,PASS,Pass,Pass,Pass,Pass,Pass,Pass,Pass,Pass,Skip,Pass,Pass,Pass,Pass,Pass,Pass,Pass,Pass,Pass,Pass,Pass,Pass,Pass,Pass,Pass,Pass,Pass,Pass,Pass,Pass,Pass,Pass,Pass,Pass,Pass,Pass,Pass,Pass,Pass,Pass,Skip,Pass,
03-03-2017,15:26:29,39.4,6,155480137186,PASS,Pass,Pass,Pass,Pass,Pass,Pass,Pass,Pass,Skip,Pass,Pass,Pass,Pass,Pass,Pass,Pass,Pass,Pass,Pass,Pass,Pass,Pass,Pass,Pass,Pass,Pass,Pass,Pass,Pass,Pass,Pass,Pass,Pass,Pass,Pass,Pass,Pass,Pass,Pass,Skip,Pass,
03-03-2017,15:26:41,40.9,1,155480137192,PASS,Pass,Pass,Pass,Pass,Pass,Pass,Pass,Pass,Skip,Pass,Pass,Pass,Pass,Pass,Pass,Pass,Pass,Pass,Pass,Pass,Pass,Pass,Pass,Pass,Pass,Pass,Pass,Pass,Pass,Pass,Pass,Pass,Pass,Pass,Pass,Pass,Pass,Pass,Pass,Skip,Pass,
03-03-2017,15:27:05,39.5,4,155480137194,PASS,Pass,Pass,Pass,Pass,Pass,Pass,Pass,Pass,Skip,Pass,Pass,Pass,Pass,Pass,Pass,Pass,Pass,Pass,Pass,Pass,Pass,Pass,Pass,Pass,Pass,Pass,Pass,Pass,Pass,Pass,Pass,Pass,Pass,Pass,Pass,Pass,Pass,Pass,Pass,Skip,Pass,
03-03-2017,15:27:22,40.9,2,155480137193,PASS,Pass,Pass,Pass,Pass,Pass,Pass,Pass,Pass,Skip,Pass,Pass,Pass,Pass,Pass,Pass,Pass,Pass,Pass,Pass,Pass,Pass,Pass,Pass,Pass,Pass,Pass,Pass,Pass,Pass,Pass,Pass,Pass,Pass,Pass,Pass,Pass,Pass,Pass,Pass,Skip,Pass,
03-03-2017,15:27:22,38.9,5,155480137195,PASS,Pass,Pass,Pass,Pass,Pass,Pass,Pass,Pass,Skip,Pass,Pass,Pass,Pass,Pass,Pass,Pass,Pass,Pass,Pass,Pass,Pass,Pass,Pass,Pass,Pass,Pass,Pass,Pass,Pass,Pass,Pass,Pass,Pass,Pass,Pass,Pass,Pass,Pass,Pass,Skip,Pass,
03-03-2017,15:28:01,38.9,6,155480137196,PASS,Pass,Pass,Pass,Pass,Pass,Pass,Pass,Pass,Skip,Pass,Pass,Pass,Pass,Pass,Pass,Pass,Pass,Pass,Pass,Pass,Pass,Pass,Pass,Pass,Pass,Pass,Pass,Pass,Pass,Pass,Pass,Pass,Pass,Pass,Pass,Pass,Pass,Pass,Pass,Skip,Pass,
03-03-2017,15:28:03,41.4,1,155480137201,PASS,Pass,Pass,Pass,Pass,Pass,Pass,Pass,Pass,Skip,Pass,Pass,Pass,Pass,Pass,Pass,Pass,Pass,Pass,Pass,Pass,Pass,Pass,Pass,Pass,Pass,Pass,Pass,Pass,Pass,Pass,Pass,Pass,Pass,Pass,Pass,Pass,Pass,Pass,Pass,Skip,Pass,
03-03-2017,15:28:12,41.6,3,155480137202,PASS,Pass,Pass,Pass,Pass,Pass,Pass,Pass,Pass,Skip,Pass,Pass,Pass,Pass,Pass,Pass,Pass,Pass,Pass,Pass,Pass,Pass,Pass,Pass,Pass,Pass,Pass,Pass,Pass,Pass,Pass,Pass,Pass,Pass,Pass,Pass,Pass,Pass,Pass,Pass,Skip,Pass,
03-03-2017,15:28:43,40.3,2,155480137203,PASS,Pass,Pass,Pass,Pass,Pass,Pass,Pass,Pass,Skip,Pass,Pass,Pass,Pass,Pass,Pass,Pass,Pass,Pass,Pass,Pass,Pass,Pass,Pass,Pass,Pass,Pass,Pass,Pass,Pass,Pass,Pass,Pass,Pass,Pass,Pass,Pass,Pass,Pass,Pass,Skip,Pass,
03-03-2017,15:28:50,40.2,5,155480137204,PASS,Pass,Pass,Pass,Pass,Pass,Pass,Pass,Pass,Skip,Pass,Pass,Pass,Pass,Pass,Pass,Pass,Pass,Pass,Pass,Pass,Pass,Pass,Pass,Pass,Pass,Pass,Pass,Pass,Pass,Pass,Pass,Pass,Pass,Pass,Pass,Pass,Pass,Pass,Pass,Skip,Pass,
03-03-2017,15:29:30,40.0,6,155480137205,PASS,Pass,Pass,Pass,Pass,Pass,Pass,Pass,Pass,Skip,Pass,Pass,Pass,Pass,Pass,Pass,Pass,Pass,Pass,Pass,Pass,Pass,Pass,Pass,Pass,Pass,Pass,Pass,Pass,Pass,Pass,Pass,Pass,Pass,Pass,Pass,Pass,Pass,Pass,Pass,Skip,Pass,
03-03-2017,15:29:32,38.8,1,155480137206,PASS,Pass,Pass,Pass,Pass,Pass,Pass,Pass,Pass,Skip,Pass,Pass,Pass,Pass,Pass,Pass,Pass,Pass,Pass,Pass,Pass,Pass,Pass,Pass,Pass,Pass,Pass,Pass,Pass,Pass,Pass,Pass,Pass,Pass,Pass,Pass,Pass,Pass,Pass,Pass,Skip,Pass,
03-03-2017,15:29:49,39.3,3,155480137041,PASS,Pass,Pass,Pass,Pass,Pass,Pass,Pass,Pass,Skip,Pass,Pass,Pass,Pass,Pass,Pass,Pass,Pass,Pass,Pass,Pass,Pass,Pass,Pass,Pass,Pass,Pass,Pass,Pass,Pass,Pass,Pass,Pass,Pass,Pass,Pass,Pass,Pass,Pass,Pass,Skip,Pass,
03-03-2017,15:30:09,39.2,5,155480137042,PASS,Pass,Pass,Pass,Pass,Pass,Pass,Pass,Pass,Skip,Pass,Pass,Pass,Pass,Pass,Pass,Pass,Pass,Pass,Pass,Pass,Pass,Pass,Pass,Pass,Pass,Pass,Pass,Pass,Pass,Pass,Pass,Pass,Pass,Pass,Pass,Pass,Pass,Pass,Pass,Skip,Pass,
03-03-2017,15:31:21,40.1,1,155480137043,PASS,Pass,Pass,Pass,Pass,Pass,Pass,Pass,Pass,Skip,Pass,Pass,Pass,Pass,Pass,Pass,Pass,Pass,Pass,Pass,Pass,Pass,Pass,Pass,Pass,Pass,Pass,Pass,Pass,Pass,Pass,Pass,Pass,Pass,Pass,Pass,Pass,Pass,Pass,Pass,Skip,Pass,
03-03-2017,15:31:35,38.4,3,155480137044,PASS,Pass,Pass,Pass,Pass,Pass,Pass,Pass,Pass,Skip,Pass,Pass,Pass,Pass,Pass,Pass,Pass,Pass,Pass,Pass,Pass,Pass,Pass,Pass,Pass,Pass,Pass,Pass,Pass,Pass,Pass,Pass,Pass,Pass,Pass,Pass,Pass,Pass,Pass,Pass,Skip,Pass,
03-03-2017,15:32:20,39.0,2,155480137045,PASS,Pass,Pass,Pass,Pass,Pass,Pass,Pass,Pass,Skip,Pass,Pass,Pass,Pass,Pass,Pass,Pass,Pass,Pass,Pass,Pass,Pass,Pass,Pass,Pass,Pass,Pass,Pass,Pass,Pass,Pass,Pass,Pass,Pass,Pass,Pass,Pass,Pass,Pass,Pass,Skip,Pass,
03-03-2017,15:32:29,39.7,4,155480137046,PASS,Pass,Pass,Pass,Pass,Pass,Pass,Pass,Pass,Skip,Pass,Pass,Pass,Pass,Pass,Pass,Pass,Pass,Pass,Pass,Pass,Pass,Pass,Pass,Pass,Pass,Pass,Pass,Pass,Pass,Pass,Pass,Pass,Pass,Pass,Pass,Pass,Pass,Pass,Pass,Skip,Pass,
03-03-2017,15:32:52,38.8,5,155480137031,PASS,Pass,Pass,Pass,Pass,Pass,Pass,Pass,Pass,Skip,Pass,Pass,Pass,Pass,Pass,Pass,Pass,Pass,Pass,Pass,Pass,Pass,Pass,Pass,Pass,Pass,Pass,Pass,Pass,Pass,Pass,Pass,Pass,Pass,Pass,Pass,Pass,Pass,Pass,Pass,Skip,Pass,
03-03-2017,15:33:31,39.1,6,155480137032,PASS,Pass,Pass,Pass,Pass,Pass,Pass,Pass,Pass,Skip,Pass,Pass,Pass,Pass,Pass,Pass,Pass,Pass,Pass,Pass,Pass,Pass,Pass,Pass,Pass,Pass,Pass,Pass,Pass,Pass,Pass,Pass,Pass,Pass,Pass,Pass,Pass,Pass,Pass,Pass,Skip,Pass,
03-03-2017,15:33:43,41.8,3,155480137033,PASS,Pass,Pass,Pass,Pass,Pass,Pass,Pass,Pass,Skip,Pass,Pass,Pass,Pass,Pass,Pass,Pass,Pass,Pass,Pass,Pass,Pass,Pass,Pass,Pass,Pass,Pass,Pass,Pass,Pass,Pass,Pass,Pass,Pass,Pass,Pass,Pass,Pass,Pass,Pass,Skip,Pass,
03-03-2017,15:34:09,40.3,2,155480137035,PASS,Pass,Pass,Pass,Pass,Pass,Pass,Pass,Pass,Skip,Pass,Pass,Pass,Pass,Pass,Pass,Pass,Pass,Pass,Pass,Pass,Pass,Pass,Pass,Pass,Pass,Pass,Pass,Pass,Pass,Pass,Pass,Pass,Pass,Pass,Pass,Pass,Pass,Pass,Pass,Skip,Pass,
03-03-2017,15:34:23,39.6,4,155480137034,PASS,Pass,Pass,Pass,Pass,Pass,Pass,Pass,Pass,Skip,Pass,Pass,Pass,Pass,Pass,Pass,Pass,Pass,Pass,Pass,Pass,Pass,Pass,Pass,Pass,Pass,Pass,Pass,Pass,Pass,Pass,Pass,Pass,Pass,Pass,Pass,Pass,Pass,Pass,Pass,Skip,Pass,
03-03-2017,15:34:36,40.0,5,155480136811,PASS,Pass,Pass,Pass,Pass,Pass,Pass,Pass,Pass,Skip,Pass,Pass,Pass,Pass,Pass,Pass,Pass,Pass,Pass,Pass,Pass,Pass,Pass,Pass,Pass,Pass,Pass,Pass,Pass,Pass,Pass,Pass,Pass,Pass,Pass,Pass,Pass,Pass,Pass,Pass,Skip,Pass,
03-03-2017,15:34:48,39.4,1,155480137036,PASS,Pass,Pass,Pass,Pass,Pass,Pass,Pass,Pass,Skip,Pass,Pass,Pass,Pass,Pass,Pass,Pass,Pass,Pass,Pass,Pass,Pass,Pass,Pass,Pass,Pass,Pass,Pass,Pass,Pass,Pass,Pass,Pass,Pass,Pass,Pass,Pass,Pass,Pass,Pass,Skip,Pass,
03-03-2017,15:35:02,39.7,3,155480136812,PASS,Pass,Pass,Pass,Pass,Pass,Pass,Pass,Pass,Skip,Pass,Pass,Pass,Pass,Pass,Pass,Pass,Pass,Pass,Pass,Pass,Pass,Pass,Pass,Pass,Pass,Pass,Pass,Pass,Pass,Pass,Pass,Pass,Pass,Pass,Pass,Pass,Pass,Pass,Pass,Skip,Pass,
03-03-2017,15:35:16,39.7,6,155480136813,PASS,Pass,Pass,Pass,Pass,Pass,Pass,Pass,Pass,Skip,Pass,Pass,Pass,Pass,Pass,Pass,Pass,Pass,Pass,Pass,Pass,Pass,Pass,Pass,Pass,Pass,Pass,Pass,Pass,Pass,Pass,Pass,Pass,Pass,Pass,Pass,Pass,Pass,Pass,Pass,Skip,Pass,
03-03-2017,15:36:51,39.4,1,155480136814,PASS,Pass,Pass,Pass,Pass,Pass,Pass,Pass,Pass,Skip,Pass,Pass,Pass,Pass,Pass,Pass,Pass,Pass,Pass,Pass,Pass,Pass,Pass,Pass,Pass,Pass,Pass,Pass,Pass,Pass,Pass,Pass,Pass,Pass,Pass,Pass,Pass,Pass,Pass,Pass,Skip,Pass,
03-03-2017,15:37:42,40.3,2,155480136815,PASS,Pass,Pass,Pass,Pass,Pass,Pass,Pass,Pass,Skip,Pass,Pass,Pass,Pass,Pass,Pass,Pass,Pass,Pass,Pass,Pass,Pass,Pass,Pass,Pass,Pass,Pass,Pass,Pass,Pass,Pass,Pass,Pass,Pass,Pass,Pass,Pass,Pass,Pass,Pass,Skip,Pass,
03-03-2017,15:38:17,38.5,3,155480136816,PASS,Pass,Pass,Pass,Pass,Pass,Pass,Pass,Pass,Skip,Pass,Pass,Pass,Pass,Pass,Pass,Pass,Pass,Pass,Pass,Pass,Pass,Pass,Pass,Pass,Pass,Pass,Pass,Pass,Pass,Pass,Pass,Pass,Pass,Pass,Pass,Pass,Pass,Pass,Pass,Skip,Pass,
03-03-2017,15:38:47,39.1,5,155480137232,PASS,Pass,Pass,Pass,Pass,Pass,Pass,Pass,Pass,Skip,Pass,Pass,Pass,Pass,Pass,Pass,Pass,Pass,Pass,Pass,Pass,Pass,Pass,Pass,Pass,Pass,Pass,Pass,Pass,Pass,Pass,Pass,Pass,Pass,Pass,Pass,Pass,Pass,Pass,Pass,Skip,Pass,
03-03-2017,15:38:58,40.4,4,155480137231,PASS,Pass,Pass,Pass,Pass,Pass,Pass,Pass,Pass,Skip,Pass,Pass,Pass,Pass,Pass,Pass,Pass,Pass,Pass,Pass,Pass,Pass,Pass,Pass,Pass,Pass,Pass,Pass,Pass,Pass,Pass,Pass,Pass,Pass,Pass,Pass,Pass,Pass,Pass,Pass,Skip,Pass,
03-03-2017,15:38:59,39.9,2,155480137233,PASS,Pass,Pass,Pass,Pass,Pass,Pass,Pass,Pass,Skip,Pass,Pass,Pass,Pass,Pass,Pass,Pass,Pass,Pass,Pass,Pass,Pass,Pass,Pass,Pass,Pass,Pass,Pass,Pass,Pass,Pass,Pass,Pass,Pass,Pass,Pass,Pass,Pass,Pass,Pass,Skip,Pass,
03-03-2017,15:39:37,39.3,3,155480137234,PASS,Pass,Pass,Pass,Pass,Pass,Pass,Pass,Pass,Skip,Pass,Pass,Pass,Pass,Pass,Pass,Pass,Pass,Pass,Pass,Pass,Pass,Pass,Pass,Pass,Pass,Pass,Pass,Pass,Pass,Pass,Pass,Pass,Pass,Pass,Pass,Pass,Pass,Pass,Pass,Skip,Pass,
03-03-2017,15:39:40,40.8,1,155480137235,PASS,Pass,Pass,Pass,Pass,Pass,Pass,Pass,Pass,Skip,Pass,Pass,Pass,Pass,Pass,Pass,Pass,Pass,Pass,Pass,Pass,Pass,Pass,Pass,Pass,Pass,Pass,Pass,Pass,Pass,Pass,Pass,Pass,Pass,Pass,Pass,Pass,Pass,Pass,Pass,Skip,Pass,
03-03-2017,15:39:41,38.7,5,155480137236,PASS,Pass,Pass,Pass,Pass,Pass,Pass,Pass,Pass,Skip,Pass,Pass,Pass,Pass,Pass,Pass,Pass,Pass,Pass,Pass,Pass,Pass,Pass,Pass,Pass,Pass,Pass,Pass,Pass,Pass,Pass,Pass,Pass,Pass,Pass,Pass,Pass,Pass,Pass,Pass,Skip,Pass,
03-03-2017,15:40:17,40.1,4,155480137241,PASS,Pass,Pass,Pass,Pass,Pass,Pass,Pass,Pass,Skip,Pass,Pass,Pass,Pass,Pass,Pass,Pass,Pass,Pass,Pass,Pass,Pass,Pass,Pass,Pass,Pass,Pass,Pass,Pass,Pass,Pass,Pass,Pass,Pass,Pass,Pass,Pass,Pass,Pass,Pass,Skip,Pass,
03-03-2017,15:40:20,39.6,2,155480137242,PASS,Pass,Pass,Pass,Pass,Pass,Pass,Pass,Pass,Skip,Pass,Pass,Pass,Pass,Pass,Pass,Pass,Pass,Pass,Pass,Pass,Pass,Pass,Pass,Pass,Pass,Pass,Pass,Pass,Pass,Pass,Pass,Pass,Pass,Pass,Pass,Pass,Pass,Pass,Pass,Skip,Pass,
03-03-2017,15:40:39,38.5,5,155480137244,PASS,Pass,Pass,Pass,Pass,Pass,Pass,Pass,Pass,Skip,Pass,Pass,Pass,Pass,Pass,Pass,Pass,Pass,Pass,Pass,Pass,Pass,Pass,Pass,Pass,Pass,Pass,Pass,Pass,Pass,Pass,Pass,Pass,Pass,Pass,Pass,Pass,Pass,Pass,Pass,Skip,Pass,
03-03-2017,15:40:58,40.2,3,155480137243,PASS,Pass,Pass,Pass,Pass,Pass,Pass,Pass,Pass,Skip,Pass,Pass,Pass,Pass,Pass,Pass,Pass,Pass,Pass,Pass,Pass,Pass,Pass,Pass,Pass,Pass,Pass,Pass,Pass,Pass,Pass,Pass,Pass,Pass,Pass,Pass,Pass,Pass,Pass,Pass,Skip,Pass,
03-03-2017,15:41:08,39.5,1,155480137245,PASS,Pass,Pass,Pass,Pass,Pass,Pass,Pass,Pass,Skip,Pass,Pass,Pass,Pass,Pass,Pass,Pass,Pass,Pass,Pass,Pass,Pass,Pass,Pass,Pass,Pass,Pass,Pass,Pass,Pass,Pass,Pass,Pass,Pass,Pass,Pass,Pass,Pass,Pass,Pass,Skip,Pass,
03-03-2017,15:42:56,38.9,6,155480137246,PASS,Pass,Pass,Pass,Pass,Pass,Pass,Pass,Pass,Skip,Pass,Pass,Pass,Pass,Pass,Pass,Pass,Pass,Pass,Pass,Pass,Pass,Pass,Pass,Pass,Pass,Pass,Pass,Pass,Pass,Pass,Pass,Pass,Pass,Pass,Pass,Pass,Pass,Pass,Pass,Skip,Pass,
03-03-2017,15:45:15,39.5,1,155480137252,PASS,Pass,Pass,Pass,Pass,Pass,Pass,Pass,Pass,Skip,Pass,Pass,Pass,Pass,Pass,Pass,Pass,Pass,Pass,Pass,Pass,Pass,Pass,Pass,Pass,Pass,Pass,Pass,Pass,Pass,Pass,Pass,Pass,Pass,Pass,Pass,Pass,Pass,Pass,Pass,Skip,Pass,
03-03-2017,15:45:18,40.2,3,155480137251,PASS,Pass,Pass,Pass,Pass,Pass,Pass,Pass,Pass,Skip,Pass,Pass,Pass,Pass,Pass,Pass,Pass,Pass,Pass,Pass,Pass,Pass,Pass,Pass,Pass,Pass,Pass,Pass,Pass,Pass,Pass,Pass,Pass,Pass,Pass,Pass,Pass,Pass,Pass,Pass,Skip,Pass,
03-03-2017,15:45:56,40.3,2,155480137253,PASS,Pass,Pass,Pass,Pass,Pass,Pass,Pass,Pass,Skip,Pass,Pass,Pass,Pass,Pass,Pass,Pass,Pass,Pass,Pass,Pass,Pass,Pass,Pass,Pass,Pass,Pass,Pass,Pass,Pass,Pass,Pass,Pass,Pass,Pass,Pass,Pass,Pass,Pass,Pass,Skip,Pass,
03-03-2017,15:45:58,40.1,4,155480137254,PASS,Pass,Pass,Pass,Pass,Pass,Pass,Pass,Pass,Skip,Pass,Pass,Pass,Pass,Pass,Pass,Pass,Pass,Pass,Pass,Pass,Pass,Pass,Pass,Pass,Pass,Pass,Pass,Pass,Pass,Pass,Pass,Pass,Pass,Pass,Pass,Pass,Pass,Pass,Pass,Skip,Pass,
03-03-2017,15:46:01,39.7,5,155480137255,PASS,Pass,Pass,Pass,Pass,Pass,Pass,Pass,Pass,Skip,Pass,Pass,Pass,Pass,Pass,Pass,Pass,Pass,Pass,Pass,Pass,Pass,Pass,Pass,Pass,Pass,Pass,Pass,Pass,Pass,Pass,Pass,Pass,Pass,Pass,Pass,Pass,Pass,Pass,Pass,Skip,Pass,
03-03-2017,15:46:42,40.4,6,155480137256,PASS,Pass,Pass,Pass,Pass,Pass,Pass,Pass,Pass,Skip,Pass,Pass,Pass,Pass,Pass,Pass,Pass,Pass,Pass,Pass,Pass,Pass,Pass,Pass,Pass,Pass,Pass,Pass,Pass,Pass,Pass,Pass,Pass,Pass,Pass,Pass,Pass,Pass,Pass,Pass,Skip,Pass,
03-03-2017,15:46:46,39.9,2,155480136791,PASS,Pass,Pass,Pass,Pass,Pass,Pass,Pass,Pass,Skip,Pass,Pass,Pass,Pass,Pass,Pass,Pass,Pass,Pass,Pass,Pass,Pass,Pass,Pass,Pass,Pass,Pass,Pass,Pass,Pass,Pass,Pass,Pass,Pass,Pass,Pass,Pass,Pass,Pass,Pass,Skip,Pass,
03-03-2017,15:47:19,39.6,3,155480136793,PASS,Pass,Pass,Pass,Pass,Pass,Pass,Pass,Pass,Skip,Pass,Pass,Pass,Pass,Pass,Pass,Pass,Pass,Pass,Pass,Pass,Pass,Pass,Pass,Pass,Pass,Pass,Pass,Pass,Pass,Pass,Pass,Pass,Pass,Pass,Pass,Pass,Pass,Pass,Pass,Skip,Pass,
03-03-2017,15:47:26,40.3,1,155480136792,PASS,Pass,Pass,Pass,Pass,Pass,Pass,Pass,Pass,Skip,Pass,Pass,Pass,Pass,Pass,Pass,Pass,Pass,Pass,Pass,Pass,Pass,Pass,Pass,Pass,Pass,Pass,Pass,Pass,Pass,Pass,Pass,Pass,Pass,Pass,Pass,Pass,Pass,Pass,Pass,Skip,Pass,
03-03-2017,15:48:08,38.8,2,155480136794,PASS,Pass,Pass,Pass,Pass,Pass,Pass,Pass,Pass,Skip,Pass,Pass,Pass,Pass,Pass,Pass,Pass,Pass,Pass,Pass,Pass,Pass,Pass,Pass,Pass,Pass,Pass,Pass,Pass,Pass,Pass,Pass,Pass,Pass,Pass,Pass,Pass,Pass,Pass,Pass,Skip,Pass,
03-03-2017,15:48:21,38.6,4,155480136795,PASS,Pass,Pass,Pass,Pass,Pass,Pass,Pass,Pass,Skip,Pass,Pass,Pass,Pass,Pass,Pass,Pass,Pass,Pass,Pass,Pass,Pass,Pass,Pass,Pass,Pass,Pass,Pass,Pass,Pass,Pass,Pass,Pass,Pass,Pass,Pass,Pass,Pass,Pass,Pass,Skip,Pass,
03-03-2017,15:48:37,40.3,5,155480136796,PASS,Pass,Pass,Pass,Pass,Pass,Pass,Pass,Pass,Skip,Pass,Pass,Pass,Pass,Pass,Pass,Pass,Pass,Pass,Pass,Pass,Pass,Pass,Pass,Pass,Pass,Pass,Pass,Pass,Pass,Pass,Pass,Pass,Pass,Pass,Pass,Pass,Pass,Pass,Pass,Skip,Pass,
03-03-2017,15:49:01,39.8,3,155480135891,PASS,Pass,Pass,Pass,Pass,Pass,Pass,Pass,Pass,Skip,Pass,Pass,Pass,Pass,Pass,Pass,Pass,Pass,Pass,Pass,Pass,Pass,Pass,Pass,Pass,Pass,Pass,Pass,Pass,Pass,Pass,Pass,Pass,Pass,Pass,Pass,Pass,Pass,Pass,Pass,Skip,Pass,
03-03-2017,15:49:09,39.1,1,155480135892,PASS,Pass,Pass,Pass,Pass,Pass,Pass,Pass,Pass,Skip,Pass,Pass,Pass,Pass,Pass,Pass,Pass,Pass,Pass,Pass,Pass,Pass,Pass,Pass,Pass,Pass,Pass,Pass,Pass,Pass,Pass,Pass,Pass,Pass,Pass,Pass,Pass,Pass,Pass,Pass,Skip,Pass,
03-03-2017,15:50:29,39.6,6,155480135893,PASS,Pass,Pass,Pass,Pass,Pass,Pass,Pass,Pass,Skip,Pass,Pass,Pass,Pass,Pass,Pass,Pass,Pass,Pass,Pass,Pass,Pass,Pass,Pass,Pass,Pass,Pass,Pass,Pass,Pass,Pass,Pass,Pass,Pass,Pass,Pass,Pass,Pass,Pass,Pass,Skip,Pass,
03-03-2017,15:51:11,38.4,1,155480135894,PASS,Pass,Pass,Pass,Pass,Pass,Pass,Pass,Pass,Skip,Pass,Pass,Pass,Pass,Pass,Pass,Pass,Pass,Pass,Pass,Pass,Pass,Pass,Pass,Pass,Pass,Pass,Pass,Pass,Pass,Pass,Pass,Pass,Pass,Pass,Pass,Pass,Pass,Pass,Pass,Skip,Pass,
03-03-2017,15:51:46,38.8,6,155480135896,PASS,Pass,Pass,Pass,Pass,Pass,Pass,Pass,Pass,Skip,Pass,Pass,Pass,Pass,Pass,Pass,Pass,Pass,Pass,Pass,Pass,Pass,Pass,Pass,Pass,Pass,Pass,Pass,Pass,Pass,Pass,Pass,Pass,Pass,Pass,Pass,Pass,Pass,Pass,Pass,Skip,Pass,
03-03-2017,15:51:51,39.6,2,155480135895,PASS,Pass,Pass,Pass,Pass,Pass,Pass,Pass,Pass,Skip,Pass,Pass,Pass,Pass,Pass,Pass,Pass,Pass,Pass,Pass,Pass,Pass,Pass,Pass,Pass,Pass,Pass,Pass,Pass,Pass,Pass,Pass,Pass,Pass,Pass,Pass,Pass,Pass,Pass,Pass,Skip,Pass,
03-03-2017,15:52:01,38.9,4,155480136781,PASS,Pass,Pass,Pass,Pass,Pass,Pass,Pass,Pass,Skip,Pass,Pass,Pass,Pass,Pass,Pass,Pass,Pass,Pass,Pass,Pass,Pass,Pass,Pass,Pass,Pass,Pass,Pass,Pass,Pass,Pass,Pass,Pass,Pass,Pass,Pass,Pass,Pass,Pass,Pass,Skip,Pass,
03-03-2017,15:52:27,41.2,5,155480136782,PASS,Pass,Pass,Pass,Pass,Pass,Pass,Pass,Pass,Skip,Pass,Pass,Pass,Pass,Pass,Pass,Pass,Pass,Pass,Pass,Pass,Pass,Pass,Pass,Pass,Pass,Pass,Pass,Pass,Pass,Pass,Pass,Pass,Pass,Pass,Pass,Pass,Pass,Pass,Pass,Skip,Pass,
03-03-2017,15:52:58,38.6,1,155480136783,PASS,Pass,Pass,Pass,Pass,Pass,Pass,Pass,Pass,Skip,Pass,Pass,Pass,Pass,Pass,Pass,Pass,Pass,Pass,Pass,Pass,Pass,Pass,Pass,Pass,Pass,Pass,Pass,Pass,Pass,Pass,Pass,Pass,Pass,Pass,Pass,Pass,Pass,Pass,Pass,Skip,Pass,
03-03-2017,15:53:36,40.3,3,155480136785,PASS,Pass,Pass,Pass,Pass,Pass,Pass,Pass,Pass,Skip,Pass,Pass,Pass,Pass,Pass,Pass,Pass,Pass,Pass,Pass,Pass,Pass,Pass,Pass,Pass,Pass,Pass,Pass,Pass,Pass,Pass,Pass,Pass,Pass,Pass,Pass,Pass,Pass,Pass,Pass,Skip,Pass,
03-03-2017,15:53:38,39.9,2,155480136784,PASS,Pass,Pass,Pass,Pass,Pass,Pass,Pass,Pass,Skip,Pass,Pass,Pass,Pass,Pass,Pass,Pass,Pass,Pass,Pass,Pass,Pass,Pass,Pass,Pass,Pass,Pass,Pass,Pass,Pass,Pass,Pass,Pass,Pass,Pass,Pass,Pass,Pass,Pass,Pass,Skip,Pass,
03-03-2017,15:54:01,39.5,5,155480136801,PASS,Pass,Pass,Pass,Pass,Pass,Pass,Pass,Pass,Skip,Pass,Pass,Pass,Pass,Pass,Pass,Pass,Pass,Pass,Pass,Pass,Pass,Pass,Pass,Pass,Pass,Pass,Pass,Pass,Pass,Pass,Pass,Pass,Pass,Pass,Pass,Pass,Pass,Pass,Pass,Skip,Pass,
03-03-2017,15:54:14,38.8,4,155480136786,PASS,Pass,Pass,Pass,Pass,Pass,Pass,Pass,Pass,Skip,Pass,Pass,Pass,Pass,Pass,Pass,Pass,Pass,Pass,Pass,Pass,Pass,Pass,Pass,Pass,Pass,Pass,Pass,Pass,Pass,Pass,Pass,Pass,Pass,Pass,Pass,Pass,Pass,Pass,Pass,Skip,Pass,
03-03-2017,15:54:40,39.1,6,155480136802,PASS,Pass,Pass,Pass,Pass,Pass,Pass,Pass,Pass,Skip,Pass,Pass,Pass,Pass,Pass,Pass,Pass,Pass,Pass,Pass,Pass,Pass,Pass,Pass,Pass,Pass,Pass,Pass,Pass,Pass,Pass,Pass,Pass,Pass,Pass,Pass,Pass,Pass,Pass,Pass,Skip,Pass,
03-03-2017,15:54:47,39.4,2,155480136804,PASS,Pass,Pass,Pass,Pass,Pass,Pass,Pass,Pass,Skip,Pass,Pass,Pass,Pass,Pass,Pass,Pass,Pass,Pass,Pass,Pass,Pass,Pass,Pass,Pass,Pass,Pass,Pass,Pass,Pass,Pass,Pass,Pass,Pass,Pass,Pass,Pass,Pass,Pass,Pass,Skip,Pass,
03-03-2017,15:54:53,38.8,3,155480136803,PASS,Pass,Pass,Pass,Pass,Pass,Pass,Pass,Pass,Skip,Pass,Pass,Pass,Pass,Pass,Pass,Pass,Pass,Pass,Pass,Pass,Pass,Pass,Pass,Pass,Pass,Pass,Pass,Pass,Pass,Pass,Pass,Pass,Pass,Pass,Pass,Pass,Pass,Pass,Pass,Skip,Pass,
03-03-2017,15:55:26,38.9,1,155480136805,PASS,Pass,Pass,Pass,Pass,Pass,Pass,Pass,Pass,Skip,Pass,Pass,Pass,Pass,Pass,Pass,Pass,Pass,Pass,Pass,Pass,Pass,Pass,Pass,Pass,Pass,Pass,Pass,Pass,Pass,Pass,Pass,Pass,Pass,Pass,Pass,Pass,Pass,Pass,Pass,Skip,Pass,
03-03-2017,15:55:34,40.3,4,155480136806,PASS,Pass,Pass,Pass,Pass,Pass,Pass,Pass,Pass,Skip,Pass,Pass,Pass,Pass,Pass,Pass,Pass,Pass,Pass,Pass,Pass,Pass,Pass,Pass,Pass,Pass,Pass,Pass,Pass,Pass,Pass,Pass,Pass,Pass,Pass,Pass,Pass,Pass,Pass,Pass,Skip,Pass,
03-03-2017,15:55:46,41.1,5,155480136741,PASS,Pass,Pass,Pass,Pass,Pass,Pass,Pass,Pass,Skip,Pass,Pass,Pass,Pass,Pass,Pass,Pass,Pass,Pass,Pass,Pass,Pass,Pass,Pass,Pass,Pass,Pass,Pass,Pass,Pass,Pass,Pass,Pass,Pass,Pass,Pass,Pass,Pass,Pass,Pass,Skip,Pass,
03-03-2017,15:56:13,39.5,3,155480136742,PASS,Pass,Pass,Pass,Pass,Pass,Pass,Pass,Pass,Skip,Pass,Pass,Pass,Pass,Pass,Pass,Pass,Pass,Pass,Pass,Pass,Pass,Pass,Pass,Pass,Pass,Pass,Pass,Pass,Pass,Pass,Pass,Pass,Pass,Pass,Pass,Pass,Pass,Pass,Pass,Skip,Pass,
03-03-2017,15:56:26,39.6,6,155480136743,PASS,Pass,Pass,Pass,Pass,Pass,Pass,Pass,Pass,Skip,Pass,Pass,Pass,Pass,Pass,Pass,Pass,Pass,Pass,Pass,Pass,Pass,Pass,Pass,Pass,Pass,Pass,Pass,Pass,Pass,Pass,Pass,Pass,Pass,Pass,Pass,Pass,Pass,Pass,Pass,Skip,Pass,
03-03-2017,15:56:52,38.6,4,155480136745,PASS,Pass,Pass,Pass,Pass,Pass,Pass,Pass,Pass,Skip,Pass,Pass,Pass,Pass,Pass,Pass,Pass,Pass,Pass,Pass,Pass,Pass,Pass,Pass,Pass,Pass,Pass,Pass,Pass,Pass,Pass,Pass,Pass,Pass,Pass,Pass,Pass,Pass,Pass,Pass,Skip,Pass,
03-03-2017,15:57:07,41.0,5,155480136744,PASS,Pass,Pass,Pass,Pass,Pass,Pass,Pass,Pass,Skip,Pass,Pass,Pass,Pass,Pass,Pass,Pass,Pass,Pass,Pass,Pass,Pass,Pass,Pass,Pass,Pass,Pass,Pass,Pass,Pass,Pass,Pass,Pass,Pass,Pass,Pass,Pass,Pass,Pass,Pass,Skip,Pass,
03-03-2017,15:57:41,38.9,1,155480136746,PASS,Pass,Pass,Pass,Pass,Pass,Pass,Pass,Pass,Skip,Pass,Pass,Pass,Pass,Pass,Pass,Pass,Pass,Pass,Pass,Pass,Pass,Pass,Pass,Pass,Pass,Pass,Pass,Pass,Pass,Pass,Pass,Pass,Pass,Pass,Pass,Pass,Pass,Pass,Pass,Skip,Pass,
03-03-2017,15:59:20,39.2,1,155480136761,PASS,Pass,Pass,Pass,Pass,Pass,Pass,Pass,Pass,Skip,Pass,Pass,Pass,Pass,Pass,Pass,Pass,Pass,Pass,Pass,Pass,Pass,Pass,Pass,Pass,Pass,Pass,Pass,Pass,Pass,Pass,Pass,Pass,Pass,Pass,Pass,Pass,Pass,Pass,Pass,Skip,Pass,
03-03-2017,16:00:00,40.4,2,155480136762,PASS,Pass,Pass,Pass,Pass,Pass,Pass,Pass,Pass,Skip,Pass,Pass,Pass,Pass,Pass,Pass,Pass,Pass,Pass,Pass,Pass,Pass,Pass,Pass,Pass,Pass,Pass,Pass,Pass,Pass,Pass,Pass,Pass,Pass,Pass,Pass,Pass,Pass,Pass,Pass,Skip,Pass,
03-03-2017,16:00:31,38.7,3,155480136763,PASS,Pass,Pass,Pass,Pass,Pass,Pass,Pass,Pass,Skip,Pass,Pass,Pass,Pass,Pass,Pass,Pass,Pass,Pass,Pass,Pass,Pass,Pass,Pass,Pass,Pass,Pass,Pass,Pass,Pass,Pass,Pass,Pass,Pass,Pass,Pass,Pass,Pass,Pass,Pass,Skip,Pass,
03-03-2017,16:00:50,38.5,2,155480136764,PASS,Pass,Pass,Pass,Pass,Pass,Pass,Pass,Pass,Skip,Pass,Pass,Pass,Pass,Pass,Pass,Pass,Pass,Pass,Pass,Pass,Pass,Pass,Pass,Pass,Pass,Pass,Pass,Pass,Pass,Pass,Pass,Pass,Pass,Pass,Pass,Pass,Pass,Pass,Pass,Skip,Pass,
03-03-2017,16:01:20,38.9,3,155480136766,PASS,Pass,Pass,Pass,Pass,Pass,Pass,Pass,Pass,Skip,Pass,Pass,Pass,Pass,Pass,Pass,Pass,Pass,Pass,Pass,Pass,Pass,Pass,Pass,Pass,Pass,Pass,Pass,Pass,Pass,Pass,Pass,Pass,Pass,Pass,Pass,Pass,Pass,Pass,Pass,Skip,Pass,
03-03-2017,16:01:29,38.9,1,155480136765,PASS,Pass,Pass,Pass,Pass,Pass,Pass,Pass,Pass,Skip,Pass,Pass,Pass,Pass,Pass,Pass,Pass,Pass,Pass,Pass,Pass,Pass,Pass,Pass,Pass,Pass,Pass,Pass,Pass,Pass,Pass,Pass,Pass,Pass,Pass,Pass,Pass,Pass,Pass,Pass,Skip,Pass,
03-03-2017,16:01:45,38.5,5,155480137332,PASS,Pass,Pass,Pass,Pass,Pass,Pass,Pass,Pass,Skip,Pass,Pass,Pass,Pass,Pass,Pass,Pass,Pass,Pass,Pass,Pass,Pass,Pass,Pass,Pass,Pass,Pass,Pass,Pass,Pass,Pass,Pass,Pass,Pass,Pass,Pass,Pass,Pass,Pass,Pass,Skip,Pass,
03-03-2017,16:01:59,39.4,4,155480137331,PASS,Pass,Pass,Pass,Pass,Pass,Pass,Pass,Pass,Skip,Pass,Pass,Pass,Pass,Pass,Pass,Pass,Pass,Pass,Pass,Pass,Pass,Pass,Pass,Pass,Pass,Pass,Pass,Pass,Pass,Pass,Pass,Pass,Pass,Pass,Pass,Pass,Pass,Pass,Pass,Skip,Pass,
03-03-2017,16:02:08,39.0,2,155480137333,PASS,Pass,Pass,Pass,Pass,Pass,Pass,Pass,Pass,Skip,Pass,Pass,Pass,Pass,Pass,Pass,Pass,Pass,Pass,Pass,Pass,Pass,Pass,Pass,Pass,Pass,Pass,Pass,Pass,Pass,Pass,Pass,Pass,Pass,Pass,Pass,Pass,Pass,Pass,Pass,Skip,Pass,
03-03-2017,16:02:24,39.1,6,155480137334,PASS,Pass,Pass,Pass,Pass,Pass,Pass,Pass,Pass,Skip,Pass,Pass,Pass,Pass,Pass,Pass,Pass,Pass,Pass,Pass,Pass,Pass,Pass,Pass,Pass,Pass,Pass,Pass,Pass,Pass,Pass,Pass,Pass,Pass,Pass,Pass,Pass,Pass,Pass,Pass,Skip,Pass,
03-03-2017,16:02:47,39.5,1,155480137335,PASS,Pass,Pass,Pass,Pass,Pass,Pass,Pass,Pass,Skip,Pass,Pass,Pass,Pass,Pass,Pass,Pass,Pass,Pass,Pass,Pass,Pass,Pass,Pass,Pass,Pass,Pass,Pass,Pass,Pass,Pass,Pass,Pass,Pass,Pass,Pass,Pass,Pass,Pass,Pass,Skip,Pass,
03-03-2017,16:06:07,39.7,2,155480137336,PASS,Pass,Pass,Pass,Pass,Pass,Pass,Pass,Pass,Skip,Pass,Pass,Pass,Pass,Pass,Pass,Pass,Pass,Pass,Pass,Pass,Pass,Pass,Pass,Pass,Pass,Pass,Pass,Pass,Pass,Pass,Pass,Pass,Pass,Pass,Pass,Pass,Pass,Pass,Pass,Skip,Pass,
03-03-2017,16:06:46,38.7,1,155480137261,PASS,Pass,Pass,Pass,Pass,Pass,Pass,Pass,Pass,Skip,Pass,Pass,Pass,Pass,Pass,Pass,Pass,Pass,Pass,Pass,Pass,Pass,Pass,Pass,Pass,Pass,Pass,Pass,Pass,Pass,Pass,Pass,Pass,Pass,Pass,Pass,Pass,Pass,Pass,Pass,Skip,Pass,
03-03-2017,16:07:17,39.3,3,155480137263,PASS,Pass,Pass,Pass,Pass,Pass,Pass,Pass,Pass,Skip,Pass,Pass,Pass,Pass,Pass,Pass,Pass,Pass,Pass,Pass,Pass,Pass,Pass,Pass,Pass,Pass,Pass,Pass,Pass,Pass,Pass,Pass,Pass,Pass,Pass,Pass,Pass,Pass,Pass,Pass,Skip,Pass,
03-03-2017,16:07:26,40.1,2,155480137262,PASS,Pass,Pass,Pass,Pass,Pass,Pass,Pass,Pass,Skip,Pass,Pass,Pass,Pass,Pass,Pass,Pass,Pass,Pass,Pass,Pass,Pass,Pass,Pass,Pass,Pass,Pass,Pass,Pass,Pass,Pass,Pass,Pass,Pass,Pass,Pass,Pass,Pass,Pass,Pass,Skip,Pass,
03-03-2017,16:07:56,39.5,4,155480137264,PASS,Pass,Pass,Pass,Pass,Pass,Pass,Pass,Pass,Skip,Pass,Pass,Pass,Pass,Pass,Pass,Pass,Pass,Pass,Pass,Pass,Pass,Pass,Pass,Pass,Pass,Pass,Pass,Pass,Pass,Pass,Pass,Pass,Pass,Pass,Pass,Pass,Pass,Pass,Pass,Skip,Pass,
03-03-2017,16:08:06,39.6,1,155480137265,PASS,Pass,Pass,Pass,Pass,Pass,Pass,Pass,Pass,Skip,Pass,Pass,Pass,Pass,Pass,Pass,Pass,Pass,Pass,Pass,Pass,Pass,Pass,Pass,Pass,Pass,Pass,Pass,Pass,Pass,Pass,Pass,Pass,Pass,Pass,Pass,Pass,Pass,Pass,Pass,Skip,Pass,
03-03-2017,16:08:30,38.9,5,155480137266,PASS,Pass,Pass,Pass,Pass,Pass,Pass,Pass,Pass,Skip,Pass,Pass,Pass,Pass,Pass,Pass,Pass,Pass,Pass,Pass,Pass,Pass,Pass,Pass,Pass,Pass,Pass,Pass,Pass,Pass,Pass,Pass,Pass,Pass,Pass,Pass,Pass,Pass,Pass,Pass,Skip,Pass,
03-03-2017,16:09:12,41.6,6,155480136731,PASS,Pass,Pass,Pass,Pass,Pass,Pass,Pass,Pass,Skip,Pass,Pass,Pass,Pass,Pass,Pass,Pass,Pass,Pass,Pass,Pass,Pass,Pass,Pass,Pass,Pass,Pass,Pass,Pass,Pass,Pass,Pass,Pass,Pass,Pass,Pass,Pass,Pass,Pass,Pass,Skip,Pass,
03-03-2017,16:10:11,39.5,4,155480136732,PASS,Pass,Pass,Pass,Pass,Pass,Pass,Pass,Pass,Skip,Pass,Pass,Pass,Pass,Pass,Pass,Pass,Pass,Pass,Pass,Pass,Pass,Pass,Pass,Pass,Pass,Pass,Pass,Pass,Pass,Pass,Pass,Pass,Pass,Pass,Pass,Pass,Pass,Pass,Pass,Skip,Pass,
03-03-2017,16:10:26,38.7,2,155480136733,PASS,Pass,Pass,Pass,Pass,Pass,Pass,Pass,Pass,Skip,Pass,Pass,Pass,Pass,Pass,Pass,Pass,Pass,Pass,Pass,Pass,Pass,Pass,Pass,Pass,Pass,Pass,Pass,Pass,Pass,Pass,Pass,Pass,Pass,Pass,Pass,Pass,Pass,Pass,Pass,Skip,Pass,
03-03-2017,16:10:51,39.6,3,155480136735,PASS,Pass,Pass,Pass,Pass,Pass,Pass,Pass,Pass,Skip,Pass,Pass,Pass,Pass,Pass,Pass,Pass,Pass,Pass,Pass,Pass,Pass,Pass,Pass,Pass,Pass,Pass,Pass,Pass,Pass,Pass,Pass,Pass,Pass,Pass,Pass,Pass,Pass,Pass,Pass,Skip,Pass,
03-03-2017,16:11:08,41.7,1,155480136734,PASS,Pass,Pass,Pass,Pass,Pass,Pass,Pass,Pass,Skip,Pass,Pass,Pass,Pass,Pass,Pass,Pass,Pass,Pass,Pass,Pass,Pass,Pass,Pass,Pass,Pass,Pass,Pass,Pass,Pass,Pass,Pass,Pass,Pass,Pass,Pass,Pass,Pass,Pass,Pass,Skip,Pass,
03-03-2017,16:11:28,39.6,5,155480136712,PASS,Pass,Pass,Pass,Pass,Pass,Pass,Pass,Pass,Skip,Pass,Pass,Pass,Pass,Pass,Pass,Pass,Pass,Pass,Pass,Pass,Pass,Pass,Pass,Pass,Pass,Pass,Pass,Pass,Pass,Pass,Pass,Pass,Pass,Pass,Pass,Pass,Pass,Pass,Pass,Skip,Pass,
03-03-2017,16:11:31,39.8,4,155480136736,PASS,Pass,Pass,Pass,Pass,Pass,Pass,Pass,Pass,Skip,Pass,Pass,Pass,Pass,Pass,Pass,Pass,Pass,Pass,Pass,Pass,Pass,Pass,Pass,Pass,Pass,Pass,Pass,Pass,Pass,Pass,Pass,Pass,Pass,Pass,Pass,Pass,Pass,Pass,Pass,Skip,Pass,
03-03-2017,16:11:47,38.8,2,155480136711,PASS,Pass,Pass,Pass,Pass,Pass,Pass,Pass,Pass,Skip,Pass,Pass,Pass,Pass,Pass,Pass,Pass,Pass,Pass,Pass,Pass,Pass,Pass,Pass,Pass,Pass,Pass,Pass,Pass,Pass,Pass,Pass,Pass,Pass,Pass,Pass,Pass,Pass,Pass,Pass,Skip,Pass,
03-03-2017,16:12:08,39.7,6,155480136713,PASS,Pass,Pass,Pass,Pass,Pass,Pass,Pass,Pass,Skip,Pass,Pass,Pass,Pass,Pass,Pass,Pass,Pass,Pass,Pass,Pass,Pass,Pass,Pass,Pass,Pass,Pass,Pass,Pass,Pass,Pass,Pass,Pass,Pass,Pass,Pass,Pass,Pass,Pass,Pass,Skip,Pass,
03-03-2017,16:12:10,38.9,3,155480136715,PASS,Pass,Pass,Pass,Pass,Pass,Pass,Pass,Pass,Skip,Pass,Pass,Pass,Pass,Pass,Pass,Pass,Pass,Pass,Pass,Pass,Pass,Pass,Pass,Pass,Pass,Pass,Pass,Pass,Pass,Pass,Pass,Pass,Pass,Pass,Pass,Pass,Pass,Pass,Pass,Skip,Pass,
03-03-2017,16:12:26,38.7,1,155480136714,PASS,Pass,Pass,Pass,Pass,Pass,Pass,Pass,Pass,Skip,Pass,Pass,Pass,Pass,Pass,Pass,Pass,Pass,Pass,Pass,Pass,Pass,Pass,Pass,Pass,Pass,Pass,Pass,Pass,Pass,Pass,Pass,Pass,Pass,Pass,Pass,Pass,Pass,Pass,Pass,Skip,Pass,
03-03-2017,16:12:49,38.7,4,155480136716,PASS,Pass,Pass,Pass,Pass,Pass,Pass,Pass,Pass,Skip,Pass,Pass,Pass,Pass,Pass,Pass,Pass,Pass,Pass,Pass,Pass,Pass,Pass,Pass,Pass,Pass,Pass,Pass,Pass,Pass,Pass,Pass,Pass,Pass,Pass,Pass,Pass,Pass,Pass,Pass,Skip,Pass,
03-03-2017,16:21:31,51.8,1,155900135761,PASS,Pass,Pass,Pass,Pass,Pass,Pass,Pass,Pass,Skip,Pass,Pass,Pass,Pass,Pass,Pass,Pass,Pass,Pass,Pass,Pass,Pass,Pass,Pass,Pass,Pass,Pass,Pass,Pass,Pass,Pass,Pass,Pass,Pass,Pass,Pass,Pass,Pass,Pass,Pass,Skip,Pass,
03-03-2017,16:21:42,49.7,3,155900135762,PASS,Pass,Pass,Pass,Pass,Pass,Pass,Pass,Pass,Skip,Pass,Pass,Pass,Pass,Pass,Pass,Pass,Pass,Pass,Pass,Pass,Pass,Pass,Pass,Pass,Pass,Pass,Pass,Pass,Pass,Pass,Pass,Pass,Pass,Pass,Pass,Pass,Pass,Pass,Pass,Skip,Pass,
03-03-2017,16:21:59,49.7,5,155900135763,PASS,Pass,Pass,Pass,Pass,Pass,Pass,Pass,Pass,Skip,Pass,Pass,Pass,Pass,Pass,Pass,Pass,Pass,Pass,Pass,Pass,Pass,Pass,Pass,Pass,Pass,Pass,Pass,Pass,Pass,Pass,Pass,Pass,Pass,Pass,Pass,Pass,Pass,Pass,Pass,Skip,Pass,
03-03-2017,16:22:21,49.9,2,155900135764,PASS,Pass,Pass,Pass,Pass,Pass,Pass,Pass,Pass,Skip,Pass,Pass,Pass,Pass,Pass,Pass,Pass,Pass,Pass,Pass,Pass,Pass,Pass,Pass,Pass,Pass,Pass,Pass,Pass,Pass,Pass,Pass,Pass,Pass,Pass,Pass,Pass,Pass,Pass,Pass,Skip,Pass,
03-03-2017,16:22:41,50.4,4,155900135765,PASS,Pass,Pass,Pass,Pass,Pass,Pass,Pass,Pass,Skip,Pass,Pass,Pass,Pass,Pass,Pass,Pass,Pass,Pass,Pass,Pass,Pass,Pass,Pass,Pass,Pass,Pass,Pass,Pass,Pass,Pass,Pass,Pass,Pass,Pass,Pass,Pass,Pass,Pass,Pass,Skip,Pass,
03-03-2017,16:22:53,49.4,6,155900135766,PASS,Pass,Pass,Pass,Pass,Pass,Pass,Pass,Pass,Skip,Pass,Pass,Pass,Pass,Pass,Pass,Pass,Pass,Pass,Pass,Pass,Pass,Pass,Pass,Pass,Pass,Pass,Pass,Pass,Pass,Pass,Pass,Pass,Pass,Pass,Pass,Pass,Pass,Pass,Pass,Skip,Pass,
03-03-2017,16:23:12,49.1,1,155900135751,PASS,Pass,Pass,Pass,Pass,Pass,Pass,Pass,Pass,Skip,Pass,Pass,Pass,Pass,Pass,Pass,Pass,Pass,Pass,Pass,Pass,Pass,Pass,Pass,Pass,Pass,Pass,Pass,Pass,Pass,Pass,Pass,Pass,Pass,Pass,Pass,Pass,Pass,Pass,Pass,Skip,Pass,
03-03-2017,16:23:31,50.3,3,155900135752,PASS,Pass,Pass,Pass,Pass,Pass,Pass,Pass,Pass,Skip,Pass,Pass,Pass,Pass,Pass,Pass,Pass,Pass,Pass,Pass,Pass,Pass,Pass,Pass,Pass,Pass,Pass,Pass,Pass,Pass,Pass,Pass,Pass,Pass,Pass,Pass,Pass,Pass,Pass,Pass,Skip,Pass,
03-03-2017,16:23:45,43.7,5,155900135754,PASS,Pass,Pass,Pass,Pass,Pass,Pass,Pass,Pass,Skip,Pass,Pass,Pass,Pass,Pass,Pass,Pass,Pass,Pass,Pass,Pass,Pass,Pass,Pass,Pass,Pass,Pass,Pass,Pass,Pass,Pass,Pass,Pass,Pass,Pass,Pass,Pass,Pass,Pass,Pass,Skip,Pass,
03-03-2017,16:24:00,48.4,2,155900135753,PASS,Pass,Pass,Pass,Pass,Pass,Pass,Pass,Pass,Skip,Pass,Pass,Pass,Pass,Pass,Pass,Pass,Pass,Pass,Pass,Pass,Pass,Pass,Pass,Pass,Pass,Pass,Pass,Pass,Pass,Pass,Pass,Pass,Pass,Pass,Pass,Pass,Pass,Pass,Pass,Skip,Pass,
03-03-2017,16:24:19,47.9,4,155900135755,PASS,Pass,Pass,Pass,Pass,Pass,Pass,Pass,Pass,Skip,Pass,Pass,Pass,Pass,Pass,Pass,Pass,Pass,Pass,Pass,Pass,Pass,Pass,Pass,Pass,Pass,Pass,Pass,Pass,Pass,Pass,Pass,Pass,Pass,Pass,Pass,Pass,Pass,Pass,Pass,Skip,Pass,
03-03-2017,16:24:33,48.6,6,155900135756,PASS,Pass,Pass,Pass,Pass,Pass,Pass,Pass,Pass,Skip,Pass,Pass,Pass,Pass,Pass,Pass,Pass,Pass,Pass,Pass,Pass,Pass,Pass,Pass,Pass,Pass,Pass,Pass,Pass,Pass,Pass,Pass,Pass,Pass,Pass,Pass,Pass,Pass,Pass,Pass,Skip,Pass,
03-03-2017,16:26:49,49.2,1,155900135741,PASS,Pass,Pass,Pass,Pass,Pass,Pass,Pass,Pass,Skip,Pass,Pass,Pass,Pass,Pass,Pass,Pass,Pass,Pass,Pass,Pass,Pass,Pass,Pass,Pass,Pass,Pass,Pass,Pass,Pass,Pass,Pass,Pass,Pass,Pass,Pass,Pass,Pass,Pass,Pass,Skip,Pass,
03-03-2017,16:27:13,49.9,3,155900135742,PASS,Pass,Pass,Pass,Pass,Pass,Pass,Pass,Pass,Skip,Pass,Pass,Pass,Pass,Pass,Pass,Pass,Pass,Pass,Pass,Pass,Pass,Pass,Pass,Pass,Pass,Pass,Pass,Pass,Pass,Pass,Pass,Pass,Pass,Pass,Pass,Pass,Pass,Pass,Pass,Skip,Pass,
03-03-2017,16:27:39,50.0,2,155900135743,PASS,Pass,Pass,Pass,Pass,Pass,Pass,Pass,Pass,Skip,Pass,Pass,Pass,Pass,Pass,Pass,Pass,Pass,Pass,Pass,Pass,Pass,Pass,Pass,Pass,Pass,Pass,Pass,Pass,Pass,Pass,Pass,Pass,Pass,Pass,Pass,Pass,Pass,Pass,Pass,Skip,Pass,
03-03-2017,16:27:55,46.7,5,155900135745,PASS,Pass,Pass,Pass,Pass,Pass,Pass,Pass,Pass,Skip,Pass,Pass,Pass,Pass,Pass,Pass,Pass,Pass,Pass,Pass,Pass,Pass,Pass,Pass,Pass,Pass,Pass,Pass,Pass,Pass,Pass,Pass,Pass,Pass,Pass,Pass,Pass,Pass,Pass,Pass,Skip,Pass,
03-03-2017,16:28:05,51.7,4,155900135744,PASS,Pass,Pass,Pass,Pass,Pass,Pass,Pass,Pass,Skip,Pass,Pass,Pass,Pass,Pass,Pass,Pass,Pass,Pass,Pass,Pass,Pass,Pass,Pass,Pass,Pass,Pass,Pass,Pass,Pass,Pass,Pass,Pass,Pass,Pass,Pass,Pass,Pass,Pass,Pass,Skip,Pass,
03-03-2017,16:28:41,46.2,6,155900135746,PASS,Pass,Pass,Pass,Pass,Pass,Pass,Pass,Pass,Skip,Pass,Pass,Pass,Pass,Pass,Pass,Pass,Pass,Pass,Pass,Pass,Pass,Pass,Pass,Pass,Pass,Pass,Pass,Pass,Pass,Pass,Pass,Pass,Pass,Pass,Pass,Pass,Pass,Pass,Pass,Skip,Pass,
03-03-2017,16:28:54,49.2,1,155900135711,PASS,Pass,Pass,Pass,Pass,Pass,Pass,Pass,Pass,Skip,Pass,Pass,Pass,Pass,Pass,Pass,Pass,Pass,Pass,Pass,Pass,Pass,Pass,Pass,Pass,Pass,Pass,Pass,Pass,Pass,Pass,Pass,Pass,Pass,Pass,Pass,Pass,Pass,Pass,Pass,Skip,Pass,
03-03-2017,16:29:03,48.5,3,155900135712,PASS,Pass,Pass,Pass,Pass,Pass,Pass,Pass,Pass,Skip,Pass,Pass,Pass,Pass,Pass,Pass,Pass,Pass,Pass,Pass,Pass,Pass,Pass,Pass,Pass,Pass,Pass,Pass,Pass,Pass,Pass,Pass,Pass,Pass,Pass,Pass,Pass,Pass,Pass,Pass,Skip,Pass,
03-03-2017,16:29:43,49.4,2,155900135713,PASS,Pass,Pass,Pass,Pass,Pass,Pass,Pass,Pass,Skip,Pass,Pass,Pass,Pass,Pass,Pass,Pass,Pass,Pass,Pass,Pass,Pass,Pass,Pass,Pass,Pass,Pass,Pass,Pass,Pass,Pass,Pass,Pass,Pass,Pass,Pass,Pass,Pass,Pass,Pass,Skip,Pass,
03-03-2017,16:29:54,50.6,4,155900135714,PASS,Pass,Pass,Pass,Pass,Pass,Pass,Pass,Pass,Skip,Pass,Pass,Pass,Pass,Pass,Pass,Pass,Pass,Pass,Pass,Pass,Pass,Pass,Pass,Pass,Pass,Pass,Pass,Pass,Pass,Pass,Pass,Pass,Pass,Pass,Pass,Pass,Pass,Pass,Pass,Skip,Pass,
03-03-2017,16:29:56,49.8,5,155900135715,PASS,Pass,Pass,Pass,Pass,Pass,Pass,Pass,Pass,Skip,Pass,Pass,Pass,Pass,Pass,Pass,Pass,Pass,Pass,Pass,Pass,Pass,Pass,Pass,Pass,Pass,Pass,Pass,Pass,Pass,Pass,Pass,Pass,Pass,Pass,Pass,Pass,Pass,Pass,Pass,Skip,Pass,
03-03-2017,16:30:44,48.0,6,155900135731,PASS,Pass,Pass,Pass,Pass,Pass,Pass,Pass,Pass,Skip,Pass,Pass,Pass,Pass,Pass,Pass,Pass,Pass,Pass,Pass,Pass,Pass,Pass,Pass,Pass,Pass,Pass,Pass,Pass,Pass,Pass,Pass,Pass,Pass,Pass,Pass,Pass,Pass,Pass,Pass,Skip,Pass,
03-03-2017,16:30:53,49.1,1,155900135732,PASS,Pass,Pass,Pass,Pass,Pass,Pass,Pass,Pass,Skip,Pass,Pass,Pass,Pass,Pass,Pass,Pass,Pass,Pass,Pass,Pass,Pass,Pass,Pass,Pass,Pass,Pass,Pass,Pass,Pass,Pass,Pass,Pass,Pass,Pass,Pass,Pass,Pass,Pass,Pass,Skip,Pass,
03-03-2017,16:31:15,46.9,4,155900135734,PASS,Pass,Pass,Pass,Pass,Pass,Pass,Pass,Pass,Skip,Pass,Pass,Pass,Pass,Pass,Pass,Pass,Pass,Pass,Pass,Pass,Pass,Pass,Pass,Pass,Pass,Pass,Pass,Pass,Pass,Pass,Pass,Pass,Pass,Pass,Pass,Pass,Pass,Pass,Pass,Skip,Pass,
03-03-2017,16:31:38,45.0,2,155900135733,PASS,Pass,Pass,Pass,Pass,Pass,Pass,Pass,Pass,Skip,Pass,Pass,Pass,Pass,Pass,Pass,Pass,Pass,Pass,Pass,Pass,Pass,Pass,Pass,Pass,Pass,Pass,Pass,Pass,Pass,Pass,Pass,Pass,Pass,Pass,Pass,Pass,Pass,Pass,Pass,Skip,Pass,
03-03-2017,16:31:53,41.3,5,155900135736,PASS,Pass,Pass,Pass,Pass,Pass,Pass,Pass,Pass,Skip,Pass,Pass,Pass,Pass,Pass,Pass,Pass,Pass,Pass,Pass,Pass,Pass,Pass,Pass,Pass,Pass,Pass,Pass,Pass,Pass,Pass,Pass,Pass,Pass,Pass,Pass,Pass,Pass,Pass,Pass,Skip,Pass,
03-03-2017,16:31:59,43.3,3,155900135735,PASS,Pass,Pass,Pass,Pass,Pass,Pass,Pass,Pass,Skip,Pass,Pass,Pass,Pass,Pass,Pass,Pass,Pass,Pass,Pass,Pass,Pass,Pass,Pass,Pass,Pass,Pass,Pass,Pass,Pass,Pass,Pass,Pass,Pass,Pass,Pass,Pass,Pass,Pass,Pass,Skip,Pass,
03-03-2017,16:32:20,42.3,1,155900131761,PASS,Pass,Pass,Pass,Pass,Pass,Pass,Pass,Pass,Skip,Pass,Pass,Pass,Pass,Pass,Pass,Pass,Pass,Pass,Pass,Pass,Pass,Pass,Pass,Pass,Pass,Pass,Pass,Pass,Pass,Pass,Pass,Pass,Pass,Pass,Pass,Pass,Pass,Pass,Pass,Skip,Pass,
03-03-2017,16:32:42,42.8,4,155900131762,PASS,Pass,Pass,Pass,Pass,Pass,Pass,Pass,Pass,Skip,Pass,Pass,Pass,Pass,Pass,Pass,Pass,Pass,Pass,Pass,Pass,Pass,Pass,Pass,Pass,Pass,Pass,Pass,Pass,Pass,Pass,Pass,Pass,Pass,Pass,Pass,Pass,Pass,Pass,Pass,Skip,Pass,
03-03-2017,16:33:13,42.2,2,155900131763,PASS,Pass,Pass,Pass,Pass,Pass,Pass,Pass,Pass,Skip,Pass,Pass,Pass,Pass,Pass,Pass,Pass,Pass,Pass,Pass,Pass,Pass,Pass,Pass,Pass,Pass,Pass,Pass,Pass,Pass,Pass,Pass,Pass,Pass,Pass,Pass,Pass,Pass,Pass,Pass,Skip,Pass,
03-03-2017,16:33:36,39.3,3,155900131765,PASS,Pass,Pass,Pass,Pass,Pass,Pass,Pass,Pass,Skip,Pass,Pass,Pass,Pass,Pass,Pass,Pass,Pass,Pass,Pass,Pass,Pass,Pass,Pass,Pass,Pass,Pass,Pass,Pass,Pass,Pass,Pass,Pass,Pass,Pass,Pass,Pass,Pass,Pass,Pass,Skip,Pass,
03-03-2017,16:33:53,40.7,1,155900131764,PASS,Pass,Pass,Pass,Pass,Pass,Pass,Pass,Pass,Skip,Pass,Pass,Pass,Pass,Pass,Pass,Pass,Pass,Pass,Pass,Pass,Pass,Pass,Pass,Pass,Pass,Pass,Pass,Pass,Pass,Pass,Pass,Pass,Pass,Pass,Pass,Pass,Pass,Pass,Pass,Skip,Pass,
03-03-2017,16:34:16,39.9,4,155900131766,PASS,Pass,Pass,Pass,Pass,Pass,Pass,Pass,Pass,Skip,Pass,Pass,Pass,Pass,Pass,Pass,Pass,Pass,Pass,Pass,Pass,Pass,Pass,Pass,Pass,Pass,Pass,Pass,Pass,Pass,Pass,Pass,Pass,Pass,Pass,Pass,Pass,Pass,Pass,Pass,Skip,Pass,
03-03-2017,16:34:33,40.0,2,155900128001,PASS,Pass,Pass,Pass,Pass,Pass,Pass,Pass,Pass,Skip,Pass,Pass,Pass,Pass,Pass,Pass,Pass,Pass,Pass,Pass,Pass,Pass,Pass,Pass,Pass,Pass,Pass,Pass,Pass,Pass,Pass,Pass,Pass,Pass,Pass,Pass,Pass,Pass,Pass,Pass,Skip,Pass,
03-03-2017,16:34:56,39.9,3,155900128002,PASS,Pass,Pass,Pass,Pass,Pass,Pass,Pass,Pass,Skip,Pass,Pass,Pass,Pass,Pass,Pass,Pass,Pass,Pass,Pass,Pass,Pass,Pass,Pass,Pass,Pass,Pass,Pass,Pass,Pass,Pass,Pass,Pass,Pass,Pass,Pass,Pass,Pass,Pass,Pass,Skip,Pass,
03-03-2017,16:35:14,40.9,1,155900128003,PASS,Pass,Pass,Pass,Pass,Pass,Pass,Pass,Pass,Skip,Pass,Pass,Pass,Pass,Pass,Pass,Pass,Pass,Pass,Pass,Pass,Pass,Pass,Pass,Pass,Pass,Pass,Pass,Pass,Pass,Pass,Pass,Pass,Pass,Pass,Pass,Pass,Pass,Pass,Pass,Skip,Pass,
03-03-2017,16:35:37,40.4,4,155900128004,PASS,Pass,Pass,Pass,Pass,Pass,Pass,Pass,Pass,Skip,Pass,Pass,Pass,Pass,Pass,Pass,Pass,Pass,Pass,Pass,Pass,Pass,Pass,Pass,Pass,Pass,Pass,Pass,Pass,Pass,Pass,Pass,Pass,Pass,Pass,Pass,Pass,Pass,Pass,Pass,Skip,Pass,
03-03-2017,16:35:53,41.1,5,155900128006,PASS,Pass,Pass,Pass,Pass,Pass,Pass,Pass,Pass,Skip,Pass,Pass,Pass,Pass,Pass,Pass,Pass,Pass,Pass,Pass,Pass,Pass,Pass,Pass,Pass,Pass,Pass,Pass,Pass,Pass,Pass,Pass,Pass,Pass,Pass,Pass,Pass,Pass,Pass,Pass,Skip,Pass,
03-03-2017,16:35:54,39.9,2,155900128005,PASS,Pass,Pass,Pass,Pass,Pass,Pass,Pass,Pass,Skip,Pass,Pass,Pass,Pass,Pass,Pass,Pass,Pass,Pass,Pass,Pass,Pass,Pass,Pass,Pass,Pass,Pass,Pass,Pass,Pass,Pass,Pass,Pass,Pass,Pass,Pass,Pass,Pass,Pass,Pass,Skip,Pass,
03-03-2017,16:36:22,39.4,3,155900135721,PASS,Pass,Pass,Pass,Pass,Pass,Pass,Pass,Pass,Skip,Pass,Pass,Pass,Pass,Pass,Pass,Pass,Pass,Pass,Pass,Pass,Pass,Pass,Pass,Pass,Pass,Pass,Pass,Pass,Pass,Pass,Pass,Pass,Pass,Pass,Pass,Pass,Pass,Pass,Pass,Skip,Pass,
03-03-2017,16:36:41,39.6,1,155900135722,PASS,Pass,Pass,Pass,Pass,Pass,Pass,Pass,Pass,Skip,Pass,Pass,Pass,Pass,Pass,Pass,Pass,Pass,Pass,Pass,Pass,Pass,Pass,Pass,Pass,Pass,Pass,Pass,Pass,Pass,Pass,Pass,Pass,Pass,Pass,Pass,Pass,Pass,Pass,Pass,Skip,Pass,
03-03-2017,16:37:40,40.0,2,155900135723,PASS,Pass,Pass,Pass,Pass,Pass,Pass,Pass,Pass,Skip,Pass,Pass,Pass,Pass,Pass,Pass,Pass,Pass,Pass,Pass,Pass,Pass,Pass,Pass,Pass,Pass,Pass,Pass,Pass,Pass,Pass,Pass,Pass,Pass,Pass,Pass,Pass,Pass,Pass,Pass,Skip,Pass,
03-03-2017,16:38:08,39.2,3,155900135725,PASS,Pass,Pass,Pass,Pass,Pass,Pass,Pass,Pass,Skip,Pass,Pass,Pass,Pass,Pass,Pass,Pass,Pass,Pass,Pass,Pass,Pass,Pass,Pass,Pass,Pass,Pass,Pass,Pass,Pass,Pass,Pass,Pass,Pass,Pass,Pass,Pass,Pass,Pass,Pass,Skip,Pass,
03-03-2017,16:38:20,39.2,1,155900135724,PASS,Pass,Pass,Pass,Pass,Pass,Pass,Pass,Pass,Skip,Pass,Pass,Pass,Pass,Pass,Pass,Pass,Pass,Pass,Pass,Pass,Pass,Pass,Pass,Pass,Pass,Pass,Pass,Pass,Pass,Pass,Pass,Pass,Pass,Pass,Pass,Pass,Pass,Pass,Pass,Skip,Pass,
03-03-2017,16:38:36,40.2,5,155900135726,PASS,Pass,Pass,Pass,Pass,Pass,Pass,Pass,Pass,Skip,Pass,Pass,Pass,Pass,Pass,Pass,Pass,Pass,Pass,Pass,Pass,Pass,Pass,Pass,Pass,Pass,Pass,Pass,Pass,Pass,Pass,Pass,Pass,Pass,Pass,Pass,Pass,Pass,Pass,Pass,Skip,Pass,
03-03-2017,16:38:49,40.6,4,155900135691,PASS,Pass,Pass,Pass,Pass,Pass,Pass,Pass,Pass,Skip,Pass,Pass,Pass,Pass,Pass,Pass,Pass,Pass,Pass,Pass,Pass,Pass,Pass,Pass,Pass,Pass,Pass,Pass,Pass,Pass,Pass,Pass,Pass,Pass,Pass,Pass,Pass,Pass,Pass,Pass,Skip,Pass,
03-03-2017,16:39:17,40.7,6,155900135692,PASS,Pass,Pass,Pass,Pass,Pass,Pass,Pass,Pass,Skip,Pass,Pass,Pass,Pass,Pass,Pass,Pass,Pass,Pass,Pass,Pass,Pass,Pass,Pass,Pass,Pass,Pass,Pass,Pass,Pass,Pass,Pass,Pass,Pass,Pass,Pass,Pass,Pass,Pass,Pass,Skip,Pass,
03-03-2017,16:39:22,39.7,1,155900135693,PASS,Pass,Pass,Pass,Pass,Pass,Pass,Pass,Pass,Skip,Pass,Pass,Pass,Pass,Pass,Pass,Pass,Pass,Pass,Pass,Pass,Pass,Pass,Pass,Pass,Pass,Pass,Pass,Pass,Pass,Pass,Pass,Pass,Pass,Pass,Pass,Pass,Pass,Pass,Pass,Skip,Pass,
03-03-2017,16:39:33,40.2,3,155900135694,PASS,Pass,Pass,Pass,Pass,Pass,Pass,Pass,Pass,Skip,Pass,Pass,Pass,Pass,Pass,Pass,Pass,Pass,Pass,Pass,Pass,Pass,Pass,Pass,Pass,Pass,Pass,Pass,Pass,Pass,Pass,Pass,Pass,Pass,Pass,Pass,Pass,Pass,Pass,Pass,Skip,Pass,
03-03-2017,16:40:17,41.5,2,155900135695,PASS,Pass,Pass,Pass,Pass,Pass,Pass,Pass,Pass,Skip,Pass,Pass,Pass,Pass,Pass,Pass,Pass,Pass,Pass,Pass,Pass,Pass,Pass,Pass,Pass,Pass,Pass,Pass,Pass,Pass,Pass,Pass,Pass,Pass,Pass,Pass,Pass,Pass,Pass,Pass,Skip,Pass,
03-03-2017,16:40:27,40.2,4,155900135696,PASS,Pass,Pass,Pass,Pass,Pass,Pass,Pass,Pass,Skip,Pass,Pass,Pass,Pass,Pass,Pass,Pass,Pass,Pass,Pass,Pass,Pass,Pass,Pass,Pass,Pass,Pass,Pass,Pass,Pass,Pass,Pass,Pass,Pass,Pass,Pass,Pass,Pass,Pass,Pass,Skip,Pass,
03-03-2017,16:40:39,39.1,6,155900135701,PASS,Pass,Pass,Pass,Pass,Pass,Pass,Pass,Pass,Skip,Pass,Pass,Pass,Pass,Pass,Pass,Pass,Pass,Pass,Pass,Pass,Pass,Pass,Pass,Pass,Pass,Pass,Pass,Pass,Pass,Pass,Pass,Pass,Pass,Pass,Pass,Pass,Pass,Pass,Pass,Skip,Pass,
03-03-2017,16:41:24,40.0,1,155900135702,PASS,Pass,Pass,Pass,Pass,Pass,Pass,Pass,Pass,Skip,Pass,Pass,Pass,Pass,Pass,Pass,Pass,Pass,Pass,Pass,Pass,Pass,Pass,Pass,Pass,Pass,Pass,Pass,Pass,Pass,Pass,Pass,Pass,Pass,Pass,Pass,Pass,Pass,Pass,Pass,Skip,Pass,
03-03-2017,16:41:48,40.6,3,155900135703,PASS,Pass,Pass,Pass,Pass,Pass,Pass,Pass,Pass,Skip,Pass,Pass,Pass,Pass,Pass,Pass,Pass,Pass,Pass,Pass,Pass,Pass,Pass,Pass,Pass,Pass,Pass,Pass,Pass,Pass,Pass,Pass,Pass,Pass,Pass,Pass,Pass,Pass,Pass,Pass,Skip,Pass,
03-03-2017,16:42:04,39.5,5,155900135704,PASS,Pass,Pass,Pass,Pass,Pass,Pass,Pass,Pass,Skip,Pass,Pass,Pass,Pass,Pass,Pass,Pass,Pass,Pass,Pass,Pass,Pass,Pass,Pass,Pass,Pass,Pass,Pass,Pass,Pass,Pass,Pass,Pass,Pass,Pass,Pass,Pass,Pass,Pass,Pass,Skip,Pass,
03-03-2017,16:42:15,39.3,2,155900135705,PASS,Pass,Pass,Pass,Pass,Pass,Pass,Pass,Pass,Skip,Pass,Pass,Pass,Pass,Pass,Pass,Pass,Pass,Pass,Pass,Pass,Pass,Pass,Pass,Pass,Pass,Pass,Pass,Pass,Pass,Pass,Pass,Pass,Pass,Pass,Pass,Pass,Pass,Pass,Pass,Skip,Pass,
03-03-2017,16:42:28,40.5,4,155900135706,PASS,Pass,Pass,Pass,Pass,Pass,Pass,Pass,Pass,Skip,Pass,Pass,Pass,Pass,Pass,Pass,Pass,Pass,Pass,Pass,Pass,Pass,Pass,Pass,Pass,Pass,Pass,Pass,Pass,Pass,Pass,Pass,Pass,Pass,Pass,Pass,Pass,Pass,Pass,Pass,Skip,Pass,
03-03-2017,16:42:44,40.0,6,155900131252,PASS,Pass,Pass,Pass,Pass,Pass,Pass,Pass,Pass,Skip,Pass,Pass,Pass,Pass,Pass,Pass,Pass,Pass,Pass,Pass,Pass,Pass,Pass,Pass,Pass,Pass,Pass,Pass,Pass,Pass,Pass,Pass,Pass,Pass,Pass,Pass,Pass,Pass,Pass,Pass,Skip,Pass,
03-03-2017,16:43:16,39.8,1,155900131253,PASS,Pass,Pass,Pass,Pass,Pass,Pass,Pass,Pass,Skip,Pass,Pass,Pass,Pass,Pass,Pass,Pass,Pass,Pass,Pass,Pass,Pass,Pass,Pass,Pass,Pass,Pass,Pass,Pass,Pass,Pass,Pass,Pass,Pass,Pass,Pass,Pass,Pass,Pass,Pass,Skip,Pass,
03-03-2017,16:43:32,39.8,3,155900131254,PASS,Pass,Pass,Pass,Pass,Pass,Pass,Pass,Pass,Skip,Pass,Pass,Pass,Pass,Pass,Pass,Pass,Pass,Pass,Pass,Pass,Pass,Pass,Pass,Pass,Pass,Pass,Pass,Pass,Pass,Pass,Pass,Pass,Pass,Pass,Pass,Pass,Pass,Pass,Pass,Skip,Pass,
03-03-2017,16:44:07,41.5,5,155900131255,PASS,Pass,Pass,Pass,Pass,Pass,Pass,Pass,Pass,Skip,Pass,Pass,Pass,Pass,Pass,Pass,Pass,Pass,Pass,Pass,Pass,Pass,Pass,Pass,Pass,Pass,Pass,Pass,Pass,Pass,Pass,Pass,Pass,Pass,Pass,Pass,Pass,Pass,Pass,Pass,Skip,Pass,
03-03-2017,16:44:27,39.8,4,155900131256,PASS,Pass,Pass,Pass,Pass,Pass,Pass,Pass,Pass,Skip,Pass,Pass,Pass,Pass,Pass,Pass,Pass,Pass,Pass,Pass,Pass,Pass,Pass,Pass,Pass,Pass,Pass,Pass,Pass,Pass,Pass,Pass,Pass,Pass,Pass,Pass,Pass,Pass,Pass,Pass,Skip,Pass,
03-03-2017,16:45:40,40.0,3,155900135831,PASS,Pass,Pass,Pass,Pass,Pass,Pass,Pass,Pass,Skip,Pass,Pass,Pass,Pass,Pass,Pass,Pass,Pass,Pass,Pass,Pass,Pass,Pass,Pass,Pass,Pass,Pass,Pass,Pass,Pass,Pass,Pass,Pass,Pass,Pass,Pass,Pass,Pass,Pass,Pass,Skip,Pass,
03-03-2017,16:46:20,39.0,4,155900135832,PASS,Pass,Pass,Pass,Pass,Pass,Pass,Pass,Pass,Skip,Pass,Pass,Pass,Pass,Pass,Pass,Pass,Pass,Pass,Pass,Pass,Pass,Pass,Pass,Pass,Pass,Pass,Pass,Pass,Pass,Pass,Pass,Pass,Pass,Pass,Pass,Pass,Pass,Pass,Pass,Skip,Pass,
03-03-2017,16:46:25,39.8,5,155900135833,PASS,Pass,Pass,Pass,Pass,Pass,Pass,Pass,Pass,Skip,Pass,Pass,Pass,Pass,Pass,Pass,Pass,Pass,Pass,Pass,Pass,Pass,Pass,Pass,Pass,Pass,Pass,Pass,Pass,Pass,Pass,Pass,Pass,Pass,Pass,Pass,Pass,Pass,Pass,Pass,Skip,Pass,
03-03-2017,16:47:00,40.1,3,155900135835,PASS,Pass,Pass,Pass,Pass,Pass,Pass,Pass,Pass,Skip,Pass,Pass,Pass,Pass,Pass,Pass,Pass,Pass,Pass,Pass,Pass,Pass,Pass,Pass,Pass,Pass,Pass,Pass,Pass,Pass,Pass,Pass,Pass,Pass,Pass,Pass,Pass,Pass,Pass,Pass,Skip,Pass,
03-03-2017,16:47:04,39.2,6,155900135834,PASS,Pass,Pass,Pass,Pass,Pass,Pass,Pass,Pass,Skip,Pass,Pass,Pass,Pass,Pass,Pass,Pass,Pass,Pass,Pass,Pass,Pass,Pass,Pass,Pass,Pass,Pass,Pass,Pass,Pass,Pass,Pass,Pass,Pass,Pass,Pass,Pass,Pass,Pass,Pass,Skip,Pass,
03-03-2017,16:48:23,39.8,1,155900135836,PASS,Pass,Pass,Pass,Pass,Pass,Pass,Pass,Pass,Skip,Pass,Pass,Pass,Pass,Pass,Pass,Pass,Pass,Pass,Pass,Pass,Pass,Pass,Pass,Pass,Pass,Pass,Pass,Pass,Pass,Pass,Pass,Pass,Pass,Pass,Pass,Pass,Pass,Pass,Pass,Skip,Pass,
03-03-2017,16:48:40,40.7,3,155900135841,PASS,Pass,Pass,Pass,Pass,Pass,Pass,Pass,Pass,Skip,Pass,Pass,Pass,Pass,Pass,Pass,Pass,Pass,Pass,Pass,Pass,Pass,Pass,Pass,Pass,Pass,Pass,Pass,Pass,Pass,Pass,Pass,Pass,Pass,Pass,Pass,Pass,Pass,Pass,Pass,Skip,Pass,
03-03-2017,16:48:51,40.1,5,155900135842,PASS,Pass,Pass,Pass,Pass,Pass,Pass,Pass,Pass,Skip,Pass,Pass,Pass,Pass,Pass,Pass,Pass,Pass,Pass,Pass,Pass,Pass,Pass,Pass,Pass,Pass,Pass,Pass,Pass,Pass,Pass,Pass,Pass,Pass,Pass,Pass,Pass,Pass,Pass,Pass,Skip,Pass,
03-03-2017,16:49:05,39.1,2,155900135843,PASS,Pass,Pass,Pass,Pass,Pass,Pass,Pass,Pass,Skip,Pass,Pass,Pass,Pass,Pass,Pass,Pass,Pass,Pass,Pass,Pass,Pass,Pass,Pass,Pass,Pass,Pass,Pass,Pass,Pass,Pass,Pass,Pass,Pass,Pass,Pass,Pass,Pass,Pass,Pass,Skip,Pass,
03-03-2017,16:49:33,39.1,3,155900135845,PASS,Pass,Pass,Pass,Pass,Pass,Pass,Pass,Pass,Skip,Pass,Pass,Pass,Pass,Pass,Pass,Pass,Pass,Pass,Pass,Pass,Pass,Pass,Pass,Pass,Pass,Pass,Pass,Pass,Pass,Pass,Pass,Pass,Pass,Pass,Pass,Pass,Pass,Pass,Pass,Skip,Pass,
03-03-2017,16:49:45,40.0,1,155900135844,PASS,Pass,Pass,Pass,Pass,Pass,Pass,Pass,Pass,Skip,Pass,Pass,Pass,Pass,Pass,Pass,Pass,Pass,Pass,Pass,Pass,Pass,Pass,Pass,Pass,Pass,Pass,Pass,Pass,Pass,Pass,Pass,Pass,Pass,Pass,Pass,Pass,Pass,Pass,Pass,Skip,Pass,
03-03-2017,16:50:16,42.9,4,155900135846,PASS,Pass,Pass,Pass,Pass,Pass,Pass,Pass,Pass,Skip,Pass,Pass,Pass,Pass,Pass,Pass,Pass,Pass,Pass,Pass,Pass,Pass,Pass,Pass,Pass,Pass,Pass,Pass,Pass,Pass,Pass,Pass,Pass,Pass,Pass,Pass,Pass,Pass,Pass,Pass,Skip,Pass,
03-03-2017,16:50:27,41.3,2,155900135851,PASS,Pass,Pass,Pass,Pass,Pass,Pass,Pass,Pass,Skip,Pass,Pass,Pass,Pass,Pass,Pass,Pass,Pass,Pass,Pass,Pass,Pass,Pass,Pass,Pass,Pass,Pass,Pass,Pass,Pass,Pass,Pass,Pass,Pass,Pass,Pass,Pass,Pass,Pass,Pass,Skip,Pass,
03-03-2017,16:50:37,39.6,5,155900135852,PASS,Pass,Pass,Pass,Pass,Pass,Pass,Pass,Pass,Skip,Pass,Pass,Pass,Pass,Pass,Pass,Pass,Pass,Pass,Pass,Pass,Pass,Pass,Pass,Pass,Pass,Pass,Pass,Pass,Pass,Pass,Pass,Pass,Pass,Pass,Pass,Pass,Pass,Pass,Pass,Skip,Pass,
03-03-2017,16:52:01,42.0,1,155900135853,PASS,Pass,Pass,Pass,Pass,Pass,Pass,Pass,Pass,Skip,Pass,Pass,Pass,Pass,Pass,Pass,Pass,Pass,Pass,Pass,Pass,Pass,Pass,Pass,Pass,Pass,Pass,Pass,Pass,Pass,Pass,Pass,Pass,Pass,Pass,Pass,Pass,Pass,Pass,Pass,Skip,Pass,
03-03-2017,16:52:10,40.0,3,155900135854,PASS,Pass,Pass,Pass,Pass,Pass,Pass,Pass,Pass,Skip,Pass,Pass,Pass,Pass,Pass,Pass,Pass,Pass,Pass,Pass,Pass,Pass,Pass,Pass,Pass,Pass,Pass,Pass,Pass,Pass,Pass,Pass,Pass,Pass,Pass,Pass,Pass,Pass,Pass,Pass,Skip,Pass,
03-03-2017,16:52:36,42.0,5,155900135855,PASS,Pass,Pass,Pass,Pass,Pass,Pass,Pass,Pass,Skip,Pass,Pass,Pass,Pass,Pass,Pass,Pass,Pass,Pass,Pass,Pass,Pass,Pass,Pass,Pass,Pass,Pass,Pass,Pass,Pass,Pass,Pass,Pass,Pass,Pass,Pass,Pass,Pass,Pass,Pass,Skip,Pass,
03-03-2017,16:52:59,39.9,2,155900135856,PASS,Pass,Pass,Pass,Pass,Pass,Pass,Pass,Pass,Skip,Pass,Pass,Pass,Pass,Pass,Pass,Pass,Pass,Pass,Pass,Pass,Pass,Pass,Pass,Pass,Pass,Pass,Pass,Pass,Pass,Pass,Pass,Pass,Pass,Pass,Pass,Pass,Pass,Pass,Pass,Skip,Pass,
03-03-2017,16:53:40,41.3,1,155900135921,PASS,Pass,Pass,Pass,Pass,Pass,Pass,Pass,Pass,Skip,Pass,Pass,Pass,Pass,Pass,Pass,Pass,Pass,Pass,Pass,Pass,Pass,Pass,Pass,Pass,Pass,Pass,Pass,Pass,Pass,Pass,Pass,Pass,Pass,Pass,Pass,Pass,Pass,Pass,Pass,Skip,Pass,
03-03-2017,16:53:48,39.2,3,155900135922,PASS,Pass,Pass,Pass,Pass,Pass,Pass,Pass,Pass,Skip,Pass,Pass,Pass,Pass,Pass,Pass,Pass,Pass,Pass,Pass,Pass,Pass,Pass,Pass,Pass,Pass,Pass,Pass,Pass,Pass,Pass,Pass,Pass,Pass,Pass,Pass,Pass,Pass,Pass,Pass,Skip,Pass,
03-03-2017,16:54:21,39.5,2,155900135923,PASS,Pass,Pass,Pass,Pass,Pass,Pass,Pass,Pass,Skip,Pass,Pass,Pass,Pass,Pass,Pass,Pass,Pass,Pass,Pass,Pass,Pass,Pass,Pass,Pass,Pass,Pass,Pass,Pass,Pass,Pass,Pass,Pass,Pass,Pass,Pass,Pass,Pass,Pass,Pass,Skip,Pass,
03-03-2017,16:54:37,40.0,4,155900135924,PASS,Pass,Pass,Pass,Pass,Pass,Pass,Pass,Pass,Skip,Pass,Pass,Pass,Pass,Pass,Pass,Pass,Pass,Pass,Pass,Pass,Pass,Pass,Pass,Pass,Pass,Pass,Pass,Pass,Pass,Pass,Pass,Pass,Pass,Pass,Pass,Pass,Pass,Pass,Pass,Skip,Pass,
03-03-2017,16:55:16,42.3,1,155900135925,PASS,Pass,Pass,Pass,Pass,Pass,Pass,Pass,Pass,Skip,Pass,Pass,Pass,Pass,Pass,Pass,Pass,Pass,Pass,Pass,Pass,Pass,Pass,Pass,Pass,Pass,Pass,Pass,Pass,Pass,Pass,Pass,Pass,Pass,Pass,Pass,Pass,Pass,Pass,Pass,Skip,Pass,
03-03-2017,16:56:08,40.1,3,155900135926,PASS,Pass,Pass,Pass,Pass,Pass,Pass,Pass,Pass,Skip,Pass,Pass,Pass,Pass,Pass,Pass,Pass,Pass,Pass,Pass,Pass,Pass,Pass,Pass,Pass,Pass,Pass,Pass,Pass,Pass,Pass,Pass,Pass,Pass,Pass,Pass,Pass,Pass,Pass,Pass,Skip,Pass,
03-03-2017,16:57:03,41.1,5,155900135861,PASS,Pass,Pass,Pass,Pass,Pass,Pass,Pass,Pass,Skip,Pass,Pass,Pass,Pass,Pass,Pass,Pass,Pass,Pass,Pass,Pass,Pass,Pass,Pass,Pass,Pass,Pass,Pass,Pass,Pass,Pass,Pass,Pass,Pass,Pass,Pass,Pass,Pass,Pass,Pass,Skip,Pass,
03-03-2017,16:58:24,41.1,1,155900135862,PASS,Pass,Pass,Pass,Pass,Pass,Pass,Pass,Pass,Skip,Pass,Pass,Pass,Pass,Pass,Pass,Pass,Pass,Pass,Pass,Pass,Pass,Pass,Pass,Pass,Pass,Pass,Pass,Pass,Pass,Pass,Pass,Pass,Pass,Pass,Pass,Pass,Pass,Pass,Pass,Skip,Pass,
03-03-2017,17:14:31,40.0,1,155900135863,PASS,Pass,Pass,Pass,Pass,Pass,Pass,Pass,Pass,Skip,Pass,Pass,Pass,Pass,Pass,Pass,Pass,Pass,Pass,Pass,Pass,Pass,Pass,Pass,Pass,Pass,Pass,Pass,Pass,Pass,Pass,Pass,Pass,Pass,Pass,Pass,Pass,Pass,Pass,Pass,Skip,Pass,
03-03-2017,17:14:47,39.8,3,155900135864,PASS,Pass,Pass,Pass,Pass,Pass,Pass,Pass,Pass,Skip,Pass,Pass,Pass,Pass,Pass,Pass,Pass,Pass,Pass,Pass,Pass,Pass,Pass,Pass,Pass,Pass,Pass,Pass,Pass,Pass,Pass,Pass,Pass,Pass,Pass,Pass,Pass,Pass,Pass,Pass,Skip,Pass,
03-03-2017,17:15:03,39.0,5,155900135865,PASS,Pass,Pass,Pass,Pass,Pass,Pass,Pass,Pass,Skip,Pass,Pass,Pass,Pass,Pass,Pass,Pass,Pass,Pass,Pass,Pass,Pass,Pass,Pass,Pass,Pass,Pass,Pass,Pass,Pass,Pass,Pass,Pass,Pass,Pass,Pass,Pass,Pass,Pass,Pass,Skip,Pass,
03-03-2017,17:15:17,39.1,2,155900135866,PASS,Pass,Pass,Pass,Pass,Pass,Pass,Pass,Pass,Skip,Pass,Pass,Pass,Pass,Pass,Pass,Pass,Pass,Pass,Pass,Pass,Pass,Pass,Pass,Pass,Pass,Pass,Pass,Pass,Pass,Pass,Pass,Pass,Pass,Pass,Pass,Pass,Pass,Pass,Pass,Skip,Pass,
03-03-2017,17:15:40,39.1,4,155900135871,PASS,Pass,Pass,Pass,Pass,Pass,Pass,Pass,Pass,Skip,Pass,Pass,Pass,Pass,Pass,Pass,Pass,Pass,Pass,Pass,Pass,Pass,Pass,Pass,Pass,Pass,Pass,Pass,Pass,Pass,Pass,Pass,Pass,Pass,Pass,Pass,Pass,Pass,Pass,Pass,Skip,Pass,
03-03-2017,17:15:54,40.0,6,155900135872,PASS,Pass,Pass,Pass,Pass,Pass,Pass,Pass,Pass,Skip,Pass,Pass,Pass,Pass,Pass,Pass,Pass,Pass,Pass,Pass,Pass,Pass,Pass,Pass,Pass,Pass,Pass,Pass,Pass,Pass,Pass,Pass,Pass,Pass,Pass,Pass,Pass,Pass,Pass,Pass,Skip,Pass,
03-03-2017,17:16:22,39.4,1,155900135873,PASS,Pass,Pass,Pass,Pass,Pass,Pass,Pass,Pass,Skip,Pass,Pass,Pass,Pass,Pass,Pass,Pass,Pass,Pass,Pass,Pass,Pass,Pass,Pass,Pass,Pass,Pass,Pass,Pass,Pass,Pass,Pass,Pass,Pass,Pass,Pass,Pass,Pass,Pass,Pass,Skip,Pass,
03-03-2017,17:16:35,40.5,3,155900135874,PASS,Pass,Pass,Pass,Pass,Pass,Pass,Pass,Pass,Skip,Pass,Pass,Pass,Pass,Pass,Pass,Pass,Pass,Pass,Pass,Pass,Pass,Pass,Pass,Pass,Pass,Pass,Pass,Pass,Pass,Pass,Pass,Pass,Pass,Pass,Pass,Pass,Pass,Pass,Pass,Skip,Pass,
03-03-2017,17:17:02,40.0,2,155900135876,PASS,Pass,Pass,Pass,Pass,Pass,Pass,Pass,Pass,Skip,Pass,Pass,Pass,Pass,Pass,Pass,Pass,Pass,Pass,Pass,Pass,Pass,Pass,Pass,Pass,Pass,Pass,Pass,Pass,Pass,Pass,Pass,Pass,Pass,Pass,Pass,Pass,Pass,Pass,Pass,Skip,Pass,
03-03-2017,17:17:15,39.9,4,155900135875,PASS,Pass,Pass,Pass,Pass,Pass,Pass,Pass,Pass,Skip,Pass,Pass,Pass,Pass,Pass,Pass,Pass,Pass,Pass,Pass,Pass,Pass,Pass,Pass,Pass,Pass,Pass,Pass,Pass,Pass,Pass,Pass,Pass,Pass,Pass,Pass,Pass,Pass,Pass,Pass,Skip,Pass,
03-03-2017,17:17:18,42.2,5,155900135881,PASS,Pass,Pass,Pass,Pass,Pass,Pass,Pass,Pass,Skip,Pass,Pass,Pass,Pass,Pass,Pass,Pass,Pass,Pass,Pass,Pass,Pass,Pass,Pass,Pass,Pass,Pass,Pass,Pass,Pass,Pass,Pass,Pass,Pass,Pass,Pass,Pass,Pass,Pass,Pass,Skip,Pass,
03-03-2017,17:17:55,39.1,3,155900135882,PASS,Pass,Pass,Pass,Pass,Pass,Pass,Pass,Pass,Skip,Pass,Pass,Pass,Pass,Pass,Pass,Pass,Pass,Pass,Pass,Pass,Pass,Pass,Pass,Pass,Pass,Pass,Pass,Pass,Pass,Pass,Pass,Pass,Pass,Pass,Pass,Pass,Pass,Pass,Pass,Skip,Pass,
03-03-2017,17:17:57,39.4,6,155900135883,PASS,Pass,Pass,Pass,Pass,Pass,Pass,Pass,Pass,Skip,Pass,Pass,Pass,Pass,Pass,Pass,Pass,Pass,Pass,Pass,Pass,Pass,Pass,Pass,Pass,Pass,Pass,Pass,Pass,Pass,Pass,Pass,Pass,Pass,Pass,Pass,Pass,Pass,Pass,Pass,Skip,Pass,
03-03-2017,17:18:08,40.6,1,155900135884,PASS,Pass,Pass,Pass,Pass,Pass,Pass,Pass,Pass,Skip,Pass,Pass,Pass,Pass,Pass,Pass,Pass,Pass,Pass,Pass,Pass,Pass,Pass,Pass,Pass,Pass,Pass,Pass,Pass,Pass,Pass,Pass,Pass,Pass,Pass,Pass,Pass,Pass,Pass,Pass,Skip,Pass,
03-03-2017,17:18:40,43.0,5,155900135886,PASS,Pass,Pass,Pass,Pass,Pass,Pass,Pass,Pass,Skip,Pass,Pass,Pass,Pass,Pass,Pass,Pass,Pass,Pass,Pass,Pass,Pass,Pass,Pass,Pass,Pass,Pass,Pass,Pass,Pass,Pass,Pass,Pass,Pass,Pass,Pass,Pass,Pass,Pass,Pass,Skip,Pass,
03-03-2017,17:18:49,40.1,4,155900135891,PASS,Pass,Pass,Pass,Pass,Pass,Pass,Pass,Pass,Skip,Pass,Pass,Pass,Pass,Pass,Pass,Pass,Pass,Pass,Pass,Pass,Pass,Pass,Pass,Pass,Pass,Pass,Pass,Pass,Pass,Pass,Pass,Pass,Pass,Pass,Pass,Pass,Pass,Pass,Pass,Skip,Pass,
03-03-2017,17:19:14,41.3,1,155900135892,PASS,Pass,Pass,Pass,Pass,Pass,Pass,Pass,Pass,Skip,Pass,Pass,Pass,Pass,Pass,Pass,Pass,Pass,Pass,Pass,Pass,Pass,Pass,Pass,Pass,Pass,Pass,Pass,Pass,Pass,Pass,Pass,Pass,Pass,Pass,Pass,Pass,Pass,Pass,Pass,Skip,Pass,
03-03-2017,17:19:30,39.8,3,155900135893,PASS,Pass,Pass,Pass,Pass,Pass,Pass,Pass,Pass,Skip,Pass,Pass,Pass,Pass,Pass,Pass,Pass,Pass,Pass,Pass,Pass,Pass,Pass,Pass,Pass,Pass,Pass,Pass,Pass,Pass,Pass,Pass,Pass,Pass,Pass,Pass,Pass,Pass,Pass,Pass,Skip,Pass,
03-03-2017,17:19:34,42.2,5,155900135885,PASS,Pass,Pass,Pass,Pass,Pass,Pass,Pass,Pass,Skip,Pass,Pass,Pass,Pass,Pass,Pass,Pass,Pass,Pass,Pass,Pass,Pass,Pass,Pass,Pass,Pass,Pass,Pass,Pass,Pass,Pass,Pass,Pass,Pass,Pass,Pass,Pass,Pass,Pass,Pass,Skip,Pass,
03-03-2017,17:19:58,40.7,2,155900135895,PASS,Pass,Pass,Pass,Pass,Pass,Pass,Pass,Pass,Skip,Pass,Pass,Pass,Pass,Pass,Pass,Pass,Pass,Pass,Pass,Pass,Pass,Pass,Pass,Pass,Pass,Pass,Pass,Pass,Pass,Pass,Pass,Pass,Pass,Pass,Pass,Pass,Pass,Pass,Pass,Skip,Pass,
03-03-2017,17:20:14,39.9,6,155900135894,PASS,Pass,Pass,Pass,Pass,Pass,Pass,Pass,Pass,Skip,Pass,Pass,Pass,Pass,Pass,Pass,Pass,Pass,Pass,Pass,Pass,Pass,Pass,Pass,Pass,Pass,Pass,Pass,Pass,Pass,Pass,Pass,Pass,Pass,Pass,Pass,Pass,Pass,Pass,Pass,Skip,Pass,
03-03-2017,17:20:56,39.8,4,155900135896,PASS,Pass,Pass,Pass,Pass,Pass,Pass,Pass,Pass,Skip,Pass,Pass,Pass,Pass,Pass,Pass,Pass,Pass,Pass,Pass,Pass,Pass,Pass,Pass,Pass,Pass,Pass,Pass,Pass,Pass,Pass,Pass,Pass,Pass,Pass,Pass,Pass,Pass,Pass,Pass,Skip,Pass,
03-03-2017,17:21:16,39.9,5,155900135902,PASS,Pass,Pass,Pass,Pass,Pass,Pass,Pass,Pass,Skip,Pass,Pass,Pass,Pass,Pass,Pass,Pass,Pass,Pass,Pass,Pass,Pass,Pass,Pass,Pass,Pass,Pass,Pass,Pass,Pass,Pass,Pass,Pass,Pass,Pass,Pass,Pass,Pass,Pass,Pass,Skip,Pass,
03-03-2017,17:21:36,39.2,3,155900135901,PASS,Pass,Pass,Pass,Pass,Pass,Pass,Pass,Pass,Skip,Pass,Pass,Pass,Pass,Pass,Pass,Pass,Pass,Pass,Pass,Pass,Pass,Pass,Pass,Pass,Pass,Pass,Pass,Pass,Pass,Pass,Pass,Pass,Pass,Pass,Pass,Pass,Pass,Pass,Pass,Skip,Pass,
03-03-2017,17:21:36,39.9,1,155900135903,PASS,Pass,Pass,Pass,Pass,Pass,Pass,Pass,Pass,Skip,Pass,Pass,Pass,Pass,Pass,Pass,Pass,Pass,Pass,Pass,Pass,Pass,Pass,Pass,Pass,Pass,Pass,Pass,Pass,Pass,Pass,Pass,Pass,Pass,Pass,Pass,Pass,Pass,Pass,Pass,Skip,Pass,
03-03-2017,17:21:58,41.2,6,155900135904,PASS,Pass,Pass,Pass,Pass,Pass,Pass,Pass,Pass,Skip,Pass,Pass,Pass,Pass,Pass,Pass,Pass,Pass,Pass,Pass,Pass,Pass,Pass,Pass,Pass,Pass,Pass,Pass,Pass,Pass,Pass,Pass,Pass,Pass,Pass,Pass,Pass,Pass,Pass,Pass,Skip,Pass,
03-03-2017,17:22:18,40.5,2,155900135906,PASS,Pass,Pass,Pass,Pass,Pass,Pass,Pass,Pass,Skip,Pass,Pass,Pass,Pass,Pass,Pass,Pass,Pass,Pass,Pass,Pass,Pass,Pass,Pass,Pass,Pass,Pass,Pass,Pass,Pass,Pass,Pass,Pass,Pass,Pass,Pass,Pass,Pass,Pass,Pass,Skip,Pass,
03-03-2017,17:22:36,40.1,4,155900135911,PASS,Pass,Pass,Pass,Pass,Pass,Pass,Pass,Pass,Skip,Pass,Pass,Pass,Pass,Pass,Pass,Pass,Pass,Pass,Pass,Pass,Pass,Pass,Pass,Pass,Pass,Pass,Pass,Pass,Pass,Pass,Pass,Pass,Pass,Pass,Pass,Pass,Pass,Pass,Pass,Skip,Pass,
03-03-2017,17:22:41,43.3,5,155900135905,PASS,Pass,Pass,Pass,Pass,Pass,Pass,Pass,Pass,Skip,Pass,Pass,Pass,Pass,Pass,Pass,Pass,Pass,Pass,Pass,Pass,Pass,Pass,Pass,Pass,Pass,Pass,Pass,Pass,Pass,Pass,Pass,Pass,Pass,Pass,Pass,Pass,Pass,Pass,Pass,Skip,Pass,
03-03-2017,17:22:58,39.8,1,155900135912,PASS,Pass,Pass,Pass,Pass,Pass,Pass,Pass,Pass,Skip,Pass,Pass,Pass,Pass,Pass,Pass,Pass,Pass,Pass,Pass,Pass,Pass,Pass,Pass,Pass,Pass,Pass,Pass,Pass,Pass,Pass,Pass,Pass,Pass,Pass,Pass,Pass,Pass,Pass,Pass,Skip,Pass,
03-03-2017,17:23:16,40.2,3,155900135913,PASS,Pass,Pass,Pass,Pass,Pass,Pass,Pass,Pass,Skip,Pass,Pass,Pass,Pass,Pass,Pass,Pass,Pass,Pass,Pass,Pass,Pass,Pass,Pass,Pass,Pass,Pass,Pass,Pass,Pass,Pass,Pass,Pass,Pass,Pass,Pass,Pass,Pass,Pass,Pass,Skip,Pass,
03-03-2017,17:23:21,40.0,6,155900135914,PASS,Pass,Pass,Pass,Pass,Pass,Pass,Pass,Pass,Skip,Pass,Pass,Pass,Pass,Pass,Pass,Pass,Pass,Pass,Pass,Pass,Pass,Pass,Pass,Pass,Pass,Pass,Pass,Pass,Pass,Pass,Pass,Pass,Pass,Pass,Pass,Pass,Pass,Pass,Pass,Skip,Pass,
03-03-2017,17:23:37,39.5,2,155900135915,PASS,Pass,Pass,Pass,Pass,Pass,Pass,Pass,Pass,Skip,Pass,Pass,Pass,Pass,Pass,Pass,Pass,Pass,Pass,Pass,Pass,Pass,Pass,Pass,Pass,Pass,Pass,Pass,Pass,Pass,Pass,Pass,Pass,Pass,Pass,Pass,Pass,Pass,Pass,Pass,Skip,Pass,
03-03-2017,17:23:55,39.2,4,155900135916,PASS,Pass,Pass,Pass,Pass,Pass,Pass,Pass,Pass,Skip,Pass,Pass,Pass,Pass,Pass,Pass,Pass,Pass,Pass,Pass,Pass,Pass,Pass,Pass,Pass,Pass,Pass,Pass,Pass,Pass,Pass,Pass,Pass,Pass,Pass,Pass,Pass,Pass,Pass,Pass,Skip,Pass,
03-03-2017,17:24:24,46.0,1,155900135931,PASS,Pass,Pass,Pass,Pass,Pass,Pass,Pass,Pass,Skip,Pass,Pass,Pass,Pass,Pass,Pass,Pass,Pass,Pass,Pass,Pass,Pass,Pass,Pass,Pass,Pass,Pass,Pass,Pass,Pass,Pass,Pass,Pass,Pass,Pass,Pass,Pass,Pass,Pass,Pass,Skip,Pass,
03-03-2017,17:24:34,38.6,3,155900135932,FAIL,Pass,Pass,Pass,Pass,Pass,Pass,Pass,Fail,,,,,,,,,,,,,,,,,,,,,,,,,,,,,,,,,,
03-03-2017,17:24:52,47.8,5,155900135933,PASS,Pass,Pass,Pass,Pass,Pass,Pass,Pass,Pass,Skip,Pass,Pass,Pass,Pass,Pass,Pass,Pass,Pass,Pass,Pass,Pass,Pass,Pass,Pass,Pass,Pass,Pass,Pass,Pass,Pass,Pass,Pass,Pass,Pass,Pass,Pass,Pass,Pass,Pass,Pass,Skip,Pass,
03-03-2017,17:25:04,40.0,2,155900135934,PASS,Pass,Pass,Pass,Pass,Pass,Pass,Pass,Pass,Skip,Pass,Pass,Pass,Pass,Pass,Pass,Pass,Pass,Pass,Pass,Pass,Pass,Pass,Pass,Pass,Pass,Pass,Pass,Pass,Pass,Pass,Pass,Pass,Pass,Pass,Pass,Pass,Pass,Pass,Pass,Skip,Pass,
03-03-2017,17:25:14,39.9,4,155900135935,PASS,Pass,Pass,Pass,Pass,Pass,Pass,Pass,Pass,Skip,Pass,Pass,Pass,Pass,Pass,Pass,Pass,Pass,Pass,Pass,Pass,Pass,Pass,Pass,Pass,Pass,Pass,Pass,Pass,Pass,Pass,Pass,Pass,Pass,Pass,Pass,Pass,Pass,Pass,Pass,Skip,Pass,
03-03-2017,17:25:32,40.0,6,155900135936,PASS,Pass,Pass,Pass,Pass,Pass,Pass,Pass,Pass,Skip,Pass,Pass,Pass,Pass,Pass,Pass,Pass,Pass,Pass,Pass,Pass,Pass,Pass,Pass,Pass,Pass,Pass,Pass,Pass,Pass,Pass,Pass,Pass,Pass,Pass,Pass,Pass,Pass,Pass,Pass,Skip,Pass,
03-03-2017,17:26:12,39.0,1,155900135943,PASS,Pass,Pass,Pass,Pass,Pass,Pass,Pass,Pass,Skip,Pass,Pass,Pass,Pass,Pass,Pass,Pass,Pass,Pass,Pass,Pass,Pass,Pass,Pass,Pass,Pass,Pass,Pass,Pass,Pass,Pass,Pass,Pass,Pass,Pass,Pass,Pass,Pass,Pass,Pass,Skip,Pass,
03-03-2017,17:26:12,39.7,5,155900135941,PASS,Pass,Pass,Pass,Pass,Pass,Pass,Pass,Pass,Skip,Pass,Pass,Pass,Pass,Pass,Pass,Pass,Pass,Pass,Pass,Pass,Pass,Pass,Pass,Pass,Pass,Pass,Pass,Pass,Pass,Pass,Pass,Pass,Pass,Pass,Pass,Pass,Pass,Pass,Pass,Skip,Pass,
03-03-2017,17:26:19,40.4,4,155900135942,PASS,Pass,Pass,Pass,Pass,Pass,Pass,Pass,Pass,Skip,Pass,Pass,Pass,Pass,Pass,Pass,Pass,Pass,Pass,Pass,Pass,Pass,Pass,Pass,Pass,Pass,Pass,Pass,Pass,Pass,Pass,Pass,Pass,Pass,Pass,Pass,Pass,Pass,Pass,Pass,Skip,Pass,
03-03-2017,17:26:33,13.4,3,155900135932,FAIL,Pass,Fail,,,,,,,,,,,,,,,,,,,,,,,,,,,,,,,,,,,,,,,,
03-03-2017,17:27:17,39.9,2,155900135946,PASS,Pass,Pass,Pass,Pass,Pass,Pass,Pass,Pass,Skip,Pass,Pass,Pass,Pass,Pass,Pass,Pass,Pass,Pass,Pass,Pass,Pass,Pass,Pass,Pass,Pass,Pass,Pass,Pass,Pass,Pass,Pass,Pass,Pass,Pass,Pass,Pass,Pass,Pass,Pass,Skip,Pass,
03-03-2017,17:27:40,87.3,6,155900135945,FAIL,Pass,Pass,Pass,Pass,Pass,Pass,Pass,Pass,Skip,Pass,Pass,Pass,Pass,Pass,Pass,Pass,Pass,Pass,Pass,Pass,Pass,Pass,Pass,Pass,Pass,Pass,Pass,Pass,Pass,Pass,Pass,Pass,Pass,Pass,Pass,Pass,Pass,Fail,,,,
03-03-2017,17:28:00,39.9,1,155900135961,PASS,Pass,Pass,Pass,Pass,Pass,Pass,Pass,Pass,Skip,Pass,Pass,Pass,Pass,Pass,Pass,Pass,Pass,Pass,Pass,Pass,Pass,Pass,Pass,Pass,Pass,Pass,Pass,Pass,Pass,Pass,Pass,Pass,Pass,Pass,Pass,Pass,Pass,Pass,Pass,Skip,Pass,
03-03-2017,17:28:39,39.3,2,155900135962,PASS,Pass,Pass,Pass,Pass,Pass,Pass,Pass,Pass,Skip,Pass,Pass,Pass,Pass,Pass,Pass,Pass,Pass,Pass,Pass,Pass,Pass,Pass,Pass,Pass,Pass,Pass,Pass,Pass,Pass,Pass,Pass,Pass,Pass,Pass,Pass,Pass,Pass,Pass,Pass,Skip,Pass,
03-03-2017,17:28:44,43.9,5,155900135963,PASS,Pass,Pass,Pass,Pass,Pass,Pass,Pass,Pass,Skip,Pass,Pass,Pass,Pass,Pass,Pass,Pass,Pass,Pass,Pass,Pass,Pass,Pass,Pass,Pass,Pass,Pass,Pass,Pass,Pass,Pass,Pass,Pass,Pass,Pass,Pass,Pass,Pass,Pass,Pass,Skip,Pass,
03-03-2017,17:28:57,13.3,6,155900135945,FAIL,Pass,Fail,,,,,,,,,,,,,,,,,,,,,,,,,,,,,,,,,,,,,,,,
03-03-2017,17:29:35,48.7,4,155900135965,PASS,Pass,Pass,Pass,Pass,Pass,Pass,Pass,Pass,Skip,Pass,Pass,Pass,Pass,Pass,Pass,Pass,Pass,Pass,Pass,Pass,Pass,Pass,Pass,Pass,Pass,Pass,Pass,Pass,Pass,Pass,Pass,Pass,Pass,Pass,Pass,Pass,Pass,Pass,Pass,Skip,Pass,
03-03-2017,17:29:59,39.8,1,155900135952,PASS,Pass,Pass,Pass,Pass,Pass,Pass,Pass,Pass,Skip,Pass,Pass,Pass,Pass,Pass,Pass,Pass,Pass,Pass,Pass,Pass,Pass,Pass,Pass,Pass,Pass,Pass,Pass,Pass,Pass,Pass,Pass,Pass,Pass,Pass,Pass,Pass,Pass,Pass,Pass,Skip,Pass,
03-03-2017,17:30:05,41.8,5,155900135966,PASS,Pass,Pass,Pass,Pass,Pass,Pass,Pass,Pass,Skip,Pass,Pass,Pass,Pass,Pass,Pass,Pass,Pass,Pass,Pass,Pass,Pass,Pass,Pass,Pass,Pass,Pass,Pass,Pass,Pass,Pass,Pass,Pass,Pass,Pass,Pass,Pass,Pass,Pass,Pass,Skip,Pass,
03-03-2017,17:30:35,40.6,4,155900135953,PASS,Pass,Pass,Pass,Pass,Pass,Pass,Pass,Pass,Skip,Pass,Pass,Pass,Pass,Pass,Pass,Pass,Pass,Pass,Pass,Pass,Pass,Pass,Pass,Pass,Pass,Pass,Pass,Pass,Pass,Pass,Pass,Pass,Pass,Pass,Pass,Pass,Pass,Pass,Pass,Skip,Pass,
03-03-2017,17:30:41,41.8,2,155900135951,PASS,Pass,Pass,Pass,Pass,Pass,Pass,Pass,Pass,Skip,Pass,Pass,Pass,Pass,Pass,Pass,Pass,Pass,Pass,Pass,Pass,Pass,Pass,Pass,Pass,Pass,Pass,Pass,Pass,Pass,Pass,Pass,Pass,Pass,Pass,Pass,Pass,Pass,Pass,Pass,Skip,Pass,
03-03-2017,17:31:22,41.4,1,155900135954,PASS,Pass,Pass,Pass,Pass,Pass,Pass,Pass,Pass,Skip,Pass,Pass,Pass,Pass,Pass,Pass,Pass,Pass,Pass,Pass,Pass,Pass,Pass,Pass,Pass,Pass,Pass,Pass,Pass,Pass,Pass,Pass,Pass,Pass,Pass,Pass,Pass,Pass,Pass,Pass,Skip,Pass,
03-03-2017,17:31:29,40.7,4,155900135955,PASS,Pass,Pass,Pass,Pass,Pass,Pass,Pass,Pass,Skip,Pass,Pass,Pass,Pass,Pass,Pass,Pass,Pass,Pass,Pass,Pass,Pass,Pass,Pass,Pass,Pass,Pass,Pass,Pass,Pass,Pass,Pass,Pass,Pass,Pass,Pass,Pass,Pass,Pass,Pass,Skip,Pass,
03-03-2017,17:31:54,40.6,5,155900135971,PASS,Pass,Pass,Pass,Pass,Pass,Pass,Pass,Pass,Skip,Pass,Pass,Pass,Pass,Pass,Pass,Pass,Pass,Pass,Pass,Pass,Pass,Pass,Pass,Pass,Pass,Pass,Pass,Pass,Pass,Pass,Pass,Pass,Pass,Pass,Pass,Pass,Pass,Pass,Pass,Skip,Pass,
03-03-2017,17:32:04,41.7,2,155900135956,PASS,Pass,Pass,Pass,Pass,Pass,Pass,Pass,Pass,Skip,Pass,Pass,Pass,Pass,Pass,Pass,Pass,Pass,Pass,Pass,Pass,Pass,Pass,Pass,Pass,Pass,Pass,Pass,Pass,Pass,Pass,Pass,Pass,Pass,Pass,Pass,Pass,Pass,Pass,Pass,Skip,Pass,
03-03-2017,17:32:31,40.8,4,155900135973,PASS,Pass,Pass,Pass,Pass,Pass,Pass,Pass,Pass,Skip,Pass,Pass,Pass,Pass,Pass,Pass,Pass,Pass,Pass,Pass,Pass,Pass,Pass,Pass,Pass,Pass,Pass,Pass,Pass,Pass,Pass,Pass,Pass,Pass,Pass,Pass,Pass,Pass,Pass,Pass,Skip,Pass,
03-03-2017,17:32:43,39.1,1,155900135972,PASS,Pass,Pass,Pass,Pass,Pass,Pass,Pass,Pass,Skip,Pass,Pass,Pass,Pass,Pass,Pass,Pass,Pass,Pass,Pass,Pass,Pass,Pass,Pass,Pass,Pass,Pass,Pass,Pass,Pass,Pass,Pass,Pass,Pass,Pass,Pass,Pass,Pass,Pass,Pass,Skip,Pass,
03-03-2017,17:32:46,39.3,5,155900135974,PASS,Pass,Pass,Pass,Pass,Pass,Pass,Pass,Pass,Skip,Pass,Pass,Pass,Pass,Pass,Pass,Pass,Pass,Pass,Pass,Pass,Pass,Pass,Pass,Pass,Pass,Pass,Pass,Pass,Pass,Pass,Pass,Pass,Pass,Pass,Pass,Pass,Pass,Pass,Pass,Skip,Pass,
03-03-2017,17:33:49,41.2,2,155900135975,PASS,Pass,Pass,Pass,Pass,Pass,Pass,Pass,Pass,Skip,Pass,Pass,Pass,Pass,Pass,Pass,Pass,Pass,Pass,Pass,Pass,Pass,Pass,Pass,Pass,Pass,Pass,Pass,Pass,Pass,Pass,Pass,Pass,Pass,Pass,Pass,Pass,Pass,Pass,Pass,Skip,Pass,
03-03-2017,17:34:01,41.1,4,155900135976,PASS,Pass,Pass,Pass,Pass,Pass,Pass,Pass,Pass,Skip,Pass,Pass,Pass,Pass,Pass,Pass,Pass,Pass,Pass,Pass,Pass,Pass,Pass,Pass,Pass,Pass,Pass,Pass,Pass,Pass,Pass,Pass,Pass,Pass,Pass,Pass,Pass,Pass,Pass,Pass,Skip,Pass,
03-03-2017,17:34:30,40.8,1,155900135981,PASS,Pass,Pass,Pass,Pass,Pass,Pass,Pass,Pass,Skip,Pass,Pass,Pass,Pass,Pass,Pass,Pass,Pass,Pass,Pass,Pass,Pass,Pass,Pass,Pass,Pass,Pass,Pass,Pass,Pass,Pass,Pass,Pass,Pass,Pass,Pass,Pass,Pass,Pass,Pass,Skip,Pass,
03-03-2017,17:34:56,41.2,5,155900135982,PASS,Pass,Pass,Pass,Pass,Pass,Pass,Pass,Pass,Skip,Pass,Pass,Pass,Pass,Pass,Pass,Pass,Pass,Pass,Pass,Pass,Pass,Pass,Pass,Pass,Pass,Pass,Pass,Pass,Pass,Pass,Pass,Pass,Pass,Pass,Pass,Pass,Pass,Pass,Pass,Skip,Pass,
03-03-2017,17:35:47,39.0,1,155900135983,PASS,Pass,Pass,Pass,Pass,Pass,Pass,Pass,Pass,Skip,Pass,Pass,Pass,Pass,Pass,Pass,Pass,Pass,Pass,Pass,Pass,Pass,Pass,Pass,Pass,Pass,Pass,Pass,Pass,Pass,Pass,Pass,Pass,Pass,Pass,Pass,Pass,Pass,Pass,Pass,Skip,Pass,
03-03-2017,17:36:27,39.9,2,155900135984,PASS,Pass,Pass,Pass,Pass,Pass,Pass,Pass,Pass,Skip,Pass,Pass,Pass,Pass,Pass,Pass,Pass,Pass,Pass,Pass,Pass,Pass,Pass,Pass,Pass,Pass,Pass,Pass,Pass,Pass,Pass,Pass,Pass,Pass,Pass,Pass,Pass,Pass,Pass,Pass,Skip,Pass,
03-03-2017,17:36:46,39.8,4,155900135985,PASS,Pass,Pass,Pass,Pass,Pass,Pass,Pass,Pass,Skip,Pass,Pass,Pass,Pass,Pass,Pass,Pass,Pass,Pass,Pass,Pass,Pass,Pass,Pass,Pass,Pass,Pass,Pass,Pass,Pass,Pass,Pass,Pass,Pass,Pass,Pass,Pass,Pass,Pass,Pass,Skip,Pass,
03-03-2017,17:36:58,40.9,5,155900135986,PASS,Pass,Pass,Pass,Pass,Pass,Pass,Pass,Pass,Skip,Pass,Pass,Pass,Pass,Pass,Pass,Pass,Pass,Pass,Pass,Pass,Pass,Pass,Pass,Pass,Pass,Pass,Pass,Pass,Pass,Pass,Pass,Pass,Pass,Pass,Pass,Pass,Pass,Pass,Pass,Skip,Pass,
03-03-2017,17:37:10,40.6,1,155900135991,PASS,Pass,Pass,Pass,Pass,Pass,Pass,Pass,Pass,Skip,Pass,Pass,Pass,Pass,Pass,Pass,Pass,Pass,Pass,Pass,Pass,Pass,Pass,Pass,Pass,Pass,Pass,Pass,Pass,Pass,Pass,Pass,Pass,Pass,Pass,Pass,Pass,Pass,Pass,Pass,Skip,Pass,
03-03-2017,17:37:50,39.9,2,155900135992,PASS,Pass,Pass,Pass,Pass,Pass,Pass,Pass,Pass,Skip,Pass,Pass,Pass,Pass,Pass,Pass,Pass,Pass,Pass,Pass,Pass,Pass,Pass,Pass,Pass,Pass,Pass,Pass,Pass,Pass,Pass,Pass,Pass,Pass,Pass,Pass,Pass,Pass,Pass,Pass,Skip,Pass,
03-03-2017,17:37:50,39.8,4,155900135993,PASS,Pass,Pass,Pass,Pass,Pass,Pass,Pass,Pass,Skip,Pass,Pass,Pass,Pass,Pass,Pass,Pass,Pass,Pass,Pass,Pass,Pass,Pass,Pass,Pass,Pass,Pass,Pass,Pass,Pass,Pass,Pass,Pass,Pass,Pass,Pass,Pass,Pass,Pass,Pass,Skip,Pass,
03-03-2017,17:38:02,40.0,5,155900135994,PASS,Pass,Pass,Pass,Pass,Pass,Pass,Pass,Pass,Skip,Pass,Pass,Pass,Pass,Pass,Pass,Pass,Pass,Pass,Pass,Pass,Pass,Pass,Pass,Pass,Pass,Pass,Pass,Pass,Pass,Pass,Pass,Pass,Pass,Pass,Pass,Pass,Pass,Pass,Pass,Skip,Pass,
03-03-2017,17:38:31,40.8,1,155900135995,PASS,Pass,Pass,Pass,Pass,Pass,Pass,Pass,Pass,Skip,Pass,Pass,Pass,Pass,Pass,Pass,Pass,Pass,Pass,Pass,Pass,Pass,Pass,Pass,Pass,Pass,Pass,Pass,Pass,Pass,Pass,Pass,Pass,Pass,Pass,Pass,Pass,Pass,Pass,Pass,Skip,Pass,
03-03-2017,17:42:11,47.3,5,155900136002,PASS,Pass,Pass,Pass,Pass,Pass,Pass,Pass,Pass,Skip,Pass,Pass,Pass,Pass,Pass,Pass,Pass,Pass,Pass,Pass,Pass,Pass,Pass,Pass,Pass,Pass,Pass,Pass,Pass,Pass,Pass,Pass,Pass,Pass,Pass,Pass,Pass,Pass,Pass,Pass,Skip,Pass,
03-03-2017,17:42:13,51.7,1,155900136001,PASS,Pass,Pass,Pass,Pass,Pass,Pass,Pass,Pass,Skip,Pass,Pass,Pass,Pass,Pass,Pass,Pass,Pass,Pass,Pass,Pass,Pass,Pass,Pass,Pass,Pass,Pass,Pass,Pass,Pass,Pass,Pass,Pass,Pass,Pass,Pass,Pass,Pass,Pass,Pass,Skip,Pass,
03-03-2017,17:42:13,51.0,3,155900135996,PASS,Pass,Pass,Pass,Pass,Pass,Pass,Pass,Pass,Skip,Pass,Pass,Pass,Pass,Pass,Pass,Pass,Pass,Pass,Pass,Pass,Pass,Pass,Pass,Pass,Pass,Pass,Pass,Pass,Pass,Pass,Pass,Pass,Pass,Pass,Pass,Pass,Pass,Pass,Pass,Skip,Pass,
03-03-2017,17:42:37,24.2,2,155900136003,FAIL,Pass,Pass,Pass,Pass,Pass,Pass,Pass,Fail,,,,,,,,,,,,,,,,,,,,,,,,,,,,,,,,,,
03-03-2017,17:43:00,49.2,6,155900136005,PASS,Pass,Pass,Pass,Pass,Pass,Pass,Pass,Pass,Skip,Pass,Pass,Pass,Pass,Pass,Pass,Pass,Pass,Pass,Pass,Pass,Pass,Pass,Pass,Pass,Pass,Pass,Pass,Pass,Pass,Pass,Pass,Pass,Pass,Pass,Pass,Pass,Pass,Pass,Pass,Skip,Pass,
03-03-2017,17:43:02,48.0,4,155900136004,PASS,Pass,Pass,Pass,Pass,Pass,Pass,Pass,Pass,Skip,Pass,Pass,Pass,Pass,Pass,Pass,Pass,Pass,Pass,Pass,Pass,Pass,Pass,Pass,Pass,Pass,Pass,Pass,Pass,Pass,Pass,Pass,Pass,Pass,Pass,Pass,Pass,Pass,Pass,Pass,Skip,Pass,
03-03-2017,17:43:27,49.6,1,155900136013,PASS,Pass,Pass,Pass,Pass,Pass,Pass,Pass,Pass,Skip,Pass,Pass,Pass,Pass,Pass,Pass,Pass,Pass,Pass,Pass,Pass,Pass,Pass,Pass,Pass,Pass,Pass,Pass,Pass,Pass,Pass,Pass,Pass,Pass,Pass,Pass,Pass,Pass,Pass,Pass,Skip,Pass,
03-03-2017,17:43:48,48.0,5,155900136011,PASS,Pass,Pass,Pass,Pass,Pass,Pass,Pass,Pass,Skip,Pass,Pass,Pass,Pass,Pass,Pass,Pass,Pass,Pass,Pass,Pass,Pass,Pass,Pass,Pass,Pass,Pass,Pass,Pass,Pass,Pass,Pass,Pass,Pass,Pass,Pass,Pass,Pass,Pass,Pass,Skip,Pass,
03-03-2017,17:43:52,50.4,3,155900136012,PASS,Pass,Pass,Pass,Pass,Pass,Pass,Pass,Pass,Skip,Pass,Pass,Pass,Pass,Pass,Pass,Pass,Pass,Pass,Pass,Pass,Pass,Pass,Pass,Pass,Pass,Pass,Pass,Pass,Pass,Pass,Pass,Pass,Pass,Pass,Pass,Pass,Pass,Pass,Pass,Skip,Pass,
03-03-2017,17:44:17,49.6,2,155900136006,PASS,Pass,Pass,Pass,Pass,Pass,Pass,Pass,Pass,Skip,Pass,Pass,Pass,Pass,Pass,Pass,Pass,Pass,Pass,Pass,Pass,Pass,Pass,Pass,Pass,Pass,Pass,Pass,Pass,Pass,Pass,Pass,Pass,Pass,Pass,Pass,Pass,Pass,Pass,Pass,Skip,Pass,
03-03-2017,17:44:39,51.1,6,155900136015,PASS,Pass,Pass,Pass,Pass,Pass,Pass,Pass,Pass,Skip,Pass,Pass,Pass,Pass,Pass,Pass,Pass,Pass,Pass,Pass,Pass,Pass,Pass,Pass,Pass,Pass,Pass,Pass,Pass,Pass,Pass,Pass,Pass,Pass,Pass,Pass,Pass,Pass,Pass,Pass,Skip,Pass,
03-03-2017,17:44:41,49.0,4,155900136014,PASS,Pass,Pass,Pass,Pass,Pass,Pass,Pass,Pass,Skip,Pass,Pass,Pass,Pass,Pass,Pass,Pass,Pass,Pass,Pass,Pass,Pass,Pass,Pass,Pass,Pass,Pass,Pass,Pass,Pass,Pass,Pass,Pass,Pass,Pass,Pass,Pass,Pass,Pass,Pass,Skip,Pass,
03-03-2017,17:45:06,48.7,1,155900136016,PASS,Pass,Pass,Pass,Pass,Pass,Pass,Pass,Pass,Skip,Pass,Pass,Pass,Pass,Pass,Pass,Pass,Pass,Pass,Pass,Pass,Pass,Pass,Pass,Pass,Pass,Pass,Pass,Pass,Pass,Pass,Pass,Pass,Pass,Pass,Pass,Pass,Pass,Pass,Pass,Skip,Pass,
03-03-2017,17:45:27,47.2,5,155900136022,PASS,Pass,Pass,Pass,Pass,Pass,Pass,Pass,Pass,Skip,Pass,Pass,Pass,Pass,Pass,Pass,Pass,Pass,Pass,Pass,Pass,Pass,Pass,Pass,Pass,Pass,Pass,Pass,Pass,Pass,Pass,Pass,Pass,Pass,Pass,Pass,Pass,Pass,Pass,Pass,Skip,Pass,
03-03-2017,17:45:30,48.5,3,155900136021,PASS,Pass,Pass,Pass,Pass,Pass,Pass,Pass,Pass,Skip,Pass,Pass,Pass,Pass,Pass,Pass,Pass,Pass,Pass,Pass,Pass,Pass,Pass,Pass,Pass,Pass,Pass,Pass,Pass,Pass,Pass,Pass,Pass,Pass,Pass,Pass,Pass,Pass,Pass,Pass,Skip,Pass,
03-03-2017,17:45:53,47.5,2,155900136023,PASS,Pass,Pass,Pass,Pass,Pass,Pass,Pass,Pass,Skip,Pass,Pass,Pass,Pass,Pass,Pass,Pass,Pass,Pass,Pass,Pass,Pass,Pass,Pass,Pass,Pass,Pass,Pass,Pass,Pass,Pass,Pass,Pass,Pass,Pass,Pass,Pass,Pass,Pass,Pass,Skip,Pass,
03-03-2017,17:46:14,47.1,6,155900136024,PASS,Pass,Pass,Pass,Pass,Pass,Pass,Pass,Pass,Skip,Pass,Pass,Pass,Pass,Pass,Pass,Pass,Pass,Pass,Pass,Pass,Pass,Pass,Pass,Pass,Pass,Pass,Pass,Pass,Pass,Pass,Pass,Pass,Pass,Pass,Pass,Pass,Pass,Pass,Pass,Skip,Pass,
03-03-2017,17:46:26,48.1,4,155900136025,PASS,Pass,Pass,Pass,Pass,Pass,Pass,Pass,Pass,Skip,Pass,Pass,Pass,Pass,Pass,Pass,Pass,Pass,Pass,Pass,Pass,Pass,Pass,Pass,Pass,Pass,Pass,Pass,Pass,Pass,Pass,Pass,Pass,Pass,Pass,Pass,Pass,Pass,Pass,Pass,Skip,Pass,
03-03-2017,17:46:53,48.6,1,155900136031,PASS,Pass,Pass,Pass,Pass,Pass,Pass,Pass,Pass,Skip,Pass,Pass,Pass,Pass,Pass,Pass,Pass,Pass,Pass,Pass,Pass,Pass,Pass,Pass,Pass,Pass,Pass,Pass,Pass,Pass,Pass,Pass,Pass,Pass,Pass,Pass,Pass,Pass,Pass,Pass,Skip,Pass,
03-03-2017,17:47:01,46.6,5,155900136026,PASS,Pass,Pass,Pass,Pass,Pass,Pass,Pass,Pass,Skip,Pass,Pass,Pass,Pass,Pass,Pass,Pass,Pass,Pass,Pass,Pass,Pass,Pass,Pass,Pass,Pass,Pass,Pass,Pass,Pass,Pass,Pass,Pass,Pass,Pass,Pass,Pass,Pass,Pass,Pass,Skip,Pass,
03-03-2017,17:47:14,47.9,3,155900136032,PASS,Pass,Pass,Pass,Pass,Pass,Pass,Pass,Pass,Skip,Pass,Pass,Pass,Pass,Pass,Pass,Pass,Pass,Pass,Pass,Pass,Pass,Pass,Pass,Pass,Pass,Pass,Pass,Pass,Pass,Pass,Pass,Pass,Pass,Pass,Pass,Pass,Pass,Pass,Pass,Skip,Pass,
03-03-2017,17:47:41,47.9,2,155900136033,PASS,Pass,Pass,Pass,Pass,Pass,Pass,Pass,Pass,Skip,Pass,Pass,Pass,Pass,Pass,Pass,Pass,Pass,Pass,Pass,Pass,Pass,Pass,Pass,Pass,Pass,Pass,Pass,Pass,Pass,Pass,Pass,Pass,Pass,Pass,Pass,Pass,Pass,Pass,Pass,Skip,Pass,
03-03-2017,17:48:02,48.3,4,155900136034,PASS,Pass,Pass,Pass,Pass,Pass,Pass,Pass,Pass,Skip,Pass,Pass,Pass,Pass,Pass,Pass,Pass,Pass,Pass,Pass,Pass,Pass,Pass,Pass,Pass,Pass,Pass,Pass,Pass,Pass,Pass,Pass,Pass,Pass,Pass,Pass,Pass,Pass,Pass,Pass,Skip,Pass,
03-03-2017,17:48:14,45.5,6,155900136035,PASS,Pass,Pass,Pass,Pass,Pass,Pass,Pass,Pass,Skip,Pass,Pass,Pass,Pass,Pass,Pass,Pass,Pass,Pass,Pass,Pass,Pass,Pass,Pass,Pass,Pass,Pass,Pass,Pass,Pass,Pass,Pass,Pass,Pass,Pass,Pass,Pass,Pass,Pass,Pass,Skip,Pass,
03-03-2017,17:48:31,47.5,1,155900136036,PASS,Pass,Pass,Pass,Pass,Pass,Pass,Pass,Pass,Skip,Pass,Pass,Pass,Pass,Pass,Pass,Pass,Pass,Pass,Pass,Pass,Pass,Pass,Pass,Pass,Pass,Pass,Pass,Pass,Pass,Pass,Pass,Pass,Pass,Pass,Pass,Pass,Pass,Pass,Pass,Skip,Pass,
03-03-2017,17:48:52,49.7,3,155900136051,PASS,Pass,Pass,Pass,Pass,Pass,Pass,Pass,Pass,Skip,Pass,Pass,Pass,Pass,Pass,Pass,Pass,Pass,Pass,Pass,Pass,Pass,Pass,Pass,Pass,Pass,Pass,Pass,Pass,Pass,Pass,Pass,Pass,Pass,Pass,Pass,Pass,Pass,Pass,Pass,Skip,Pass,
03-03-2017,17:49:01,47.0,5,155900136052,PASS,Pass,Pass,Pass,Pass,Pass,Pass,Pass,Pass,Skip,Pass,Pass,Pass,Pass,Pass,Pass,Pass,Pass,Pass,Pass,Pass,Pass,Pass,Pass,Pass,Pass,Pass,Pass,Pass,Pass,Pass,Pass,Pass,Pass,Pass,Pass,Pass,Pass,Pass,Pass,Skip,Pass,
03-03-2017,17:49:12,40.6,2,155900136053,PASS,Pass,Pass,Pass,Pass,Pass,Pass,Pass,Pass,Skip,Pass,Pass,Pass,Pass,Pass,Pass,Pass,Pass,Pass,Pass,Pass,Pass,Pass,Pass,Pass,Pass,Pass,Pass,Pass,Pass,Pass,Pass,Pass,Pass,Pass,Pass,Pass,Pass,Pass,Pass,Skip,Pass,
03-03-2017,17:49:36,43.9,4,155900136054,PASS,Pass,Pass,Pass,Pass,Pass,Pass,Pass,Pass,Skip,Pass,Pass,Pass,Pass,Pass,Pass,Pass,Pass,Pass,Pass,Pass,Pass,Pass,Pass,Pass,Pass,Pass,Pass,Pass,Pass,Pass,Pass,Pass,Pass,Pass,Pass,Pass,Pass,Pass,Pass,Skip,Pass,
03-03-2017,17:49:42,40.7,6,155900136055,PASS,Pass,Pass,Pass,Pass,Pass,Pass,Pass,Pass,Skip,Pass,Pass,Pass,Pass,Pass,Pass,Pass,Pass,Pass,Pass,Pass,Pass,Pass,Pass,Pass,Pass,Pass,Pass,Pass,Pass,Pass,Pass,Pass,Pass,Pass,Pass,Pass,Pass,Pass,Pass,Skip,Pass,
03-03-2017,17:50:00,41.5,1,155900136056,PASS,Pass,Pass,Pass,Pass,Pass,Pass,Pass,Pass,Skip,Pass,Pass,Pass,Pass,Pass,Pass,Pass,Pass,Pass,Pass,Pass,Pass,Pass,Pass,Pass,Pass,Pass,Pass,Pass,Pass,Pass,Pass,Pass,Pass,Pass,Pass,Pass,Pass,Pass,Pass,Skip,Pass,
03-03-2017,17:50:19,41.5,3,155900136041,PASS,Pass,Pass,Pass,Pass,Pass,Pass,Pass,Pass,Skip,Pass,Pass,Pass,Pass,Pass,Pass,Pass,Pass,Pass,Pass,Pass,Pass,Pass,Pass,Pass,Pass,Pass,Pass,Pass,Pass,Pass,Pass,Pass,Pass,Pass,Pass,Pass,Pass,Pass,Pass,Skip,Pass,
03-03-2017,17:50:28,41.4,5,155900136042,PASS,Pass,Pass,Pass,Pass,Pass,Pass,Pass,Pass,Skip,Pass,Pass,Pass,Pass,Pass,Pass,Pass,Pass,Pass,Pass,Pass,Pass,Pass,Pass,Pass,Pass,Pass,Pass,Pass,Pass,Pass,Pass,Pass,Pass,Pass,Pass,Pass,Pass,Pass,Pass,Skip,Pass,
03-03-2017,17:50:39,39.1,2,155900136043,PASS,Pass,Pass,Pass,Pass,Pass,Pass,Pass,Pass,Skip,Pass,Pass,Pass,Pass,Pass,Pass,Pass,Pass,Pass,Pass,Pass,Pass,Pass,Pass,Pass,Pass,Pass,Pass,Pass,Pass,Pass,Pass,Pass,Pass,Pass,Pass,Pass,Pass,Pass,Pass,Skip,Pass,
03-03-2017,17:51:07,39.4,6,155900136044,PASS,Pass,Pass,Pass,Pass,Pass,Pass,Pass,Pass,Skip,Pass,Pass,Pass,Pass,Pass,Pass,Pass,Pass,Pass,Pass,Pass,Pass,Pass,Pass,Pass,Pass,Pass,Pass,Pass,Pass,Pass,Pass,Pass,Pass,Pass,Pass,Pass,Pass,Pass,Pass,Skip,Pass,
03-03-2017,17:51:21,40.7,3,155900136045,PASS,Pass,Pass,Pass,Pass,Pass,Pass,Pass,Pass,Skip,Pass,Pass,Pass,Pass,Pass,Pass,Pass,Pass,Pass,Pass,Pass,Pass,Pass,Pass,Pass,Pass,Pass,Pass,Pass,Pass,Pass,Pass,Pass,Pass,Pass,Pass,Pass,Pass,Pass,Pass,Skip,Pass,
03-03-2017,17:51:31,41.2,1,155900136046,PASS,Pass,Pass,Pass,Pass,Pass,Pass,Pass,Pass,Skip,Pass,Pass,Pass,Pass,Pass,Pass,Pass,Pass,Pass,Pass,Pass,Pass,Pass,Pass,Pass,Pass,Pass,Pass,Pass,Pass,Pass,Pass,Pass,Pass,Pass,Pass,Pass,Pass,Pass,Pass,Skip,Pass,
03-03-2017,17:51:50,42.3,5,155900136061,PASS,Pass,Pass,Pass,Pass,Pass,Pass,Pass,Pass,Skip,Pass,Pass,Pass,Pass,Pass,Pass,Pass,Pass,Pass,Pass,Pass,Pass,Pass,Pass,Pass,Pass,Pass,Pass,Pass,Pass,Pass,Pass,Pass,Pass,Pass,Pass,Pass,Pass,Pass,Pass,Skip,Pass,
03-03-2017,17:52:12,40.8,2,155900136062,PASS,Pass,Pass,Pass,Pass,Pass,Pass,Pass,Pass,Skip,Pass,Pass,Pass,Pass,Pass,Pass,Pass,Pass,Pass,Pass,Pass,Pass,Pass,Pass,Pass,Pass,Pass,Pass,Pass,Pass,Pass,Pass,Pass,Pass,Pass,Pass,Pass,Pass,Pass,Pass,Skip,Pass,
03-03-2017,17:52:23,50.8,4,155900136063,FAIL,Pass,Pass,Pass,Pass,Pass,Pass,Pass,Pass,Skip,Pass,Pass,Pass,Pass,Pass,Pass,Pass,Pass,Pass,Pass,Pass,Fail,,,,,,,,,,,,,,,,,,,,,
03-03-2017,17:53:04,41.6,3,155900136064,PASS,Pass,Pass,Pass,Pass,Pass,Pass,Pass,Pass,Skip,Pass,Pass,Pass,Pass,Pass,Pass,Pass,Pass,Pass,Pass,Pass,Pass,Pass,Pass,Pass,Pass,Pass,Pass,Pass,Pass,Pass,Pass,Pass,Pass,Pass,Pass,Pass,Pass,Pass,Pass,Skip,Pass,
03-03-2017,17:53:06,39.9,5,155900136065,PASS,Pass,Pass,Pass,Pass,Pass,Pass,Pass,Pass,Skip,Pass,Pass,Pass,Pass,Pass,Pass,Pass,Pass,Pass,Pass,Pass,Pass,Pass,Pass,Pass,Pass,Pass,Pass,Pass,Pass,Pass,Pass,Pass,Pass,Pass,Pass,Pass,Pass,Pass,Pass,Skip,Pass,
03-03-2017,17:53:18,13.4,4,155900136063,FAIL,Pass,Fail,,,,,,,,,,,,,,,,,,,,,,,,,,,,,,,,,,,,,,,,
03-03-2017,17:54:31,39.3,1,155900136071,PASS,Pass,Pass,Pass,Pass,Pass,Pass,Pass,Pass,Skip,Pass,Pass,Pass,Pass,Pass,Pass,Pass,Pass,Pass,Pass,Pass,Pass,Pass,Pass,Pass,Pass,Pass,Pass,Pass,Pass,Pass,Pass,Pass,Pass,Pass,Pass,Pass,Pass,Pass,Pass,Skip,Pass,
03-03-2017,17:54:42,39.7,3,155900136072,PASS,Pass,Pass,Pass,Pass,Pass,Pass,Pass,Pass,Skip,Pass,Pass,Pass,Pass,Pass,Pass,Pass,Pass,Pass,Pass,Pass,Pass,Pass,Pass,Pass,Pass,Pass,Pass,Pass,Pass,Pass,Pass,Pass,Pass,Pass,Pass,Pass,Pass,Pass,Pass,Skip,Pass,
03-03-2017,17:55:22,45.7,5,155900136073,PASS,Pass,Pass,Pass,Pass,Pass,Pass,Pass,Pass,Skip,Pass,Pass,Pass,Pass,Pass,Pass,Pass,Pass,Pass,Pass,Pass,Pass,Pass,Pass,Pass,Pass,Pass,Pass,Pass,Pass,Pass,Pass,Pass,Pass,Pass,Pass,Pass,Pass,Pass,Pass,Skip,Pass,
03-03-2017,17:55:45,39.9,2,155900136074,PASS,Pass,Pass,Pass,Pass,Pass,Pass,Pass,Pass,Skip,Pass,Pass,Pass,Pass,Pass,Pass,Pass,Pass,Pass,Pass,Pass,Pass,Pass,Pass,Pass,Pass,Pass,Pass,Pass,Pass,Pass,Pass,Pass,Pass,Pass,Pass,Pass,Pass,Pass,Pass,Skip,Pass,
03-03-2017,17:56:04,41.5,6,155900136075,PASS,Pass,Pass,Pass,Pass,Pass,Pass,Pass,Pass,Skip,Pass,Pass,Pass,Pass,Pass,Pass,Pass,Pass,Pass,Pass,Pass,Pass,Pass,Pass,Pass,Pass,Pass,Pass,Pass,Pass,Pass,Pass,Pass,Pass,Pass,Pass,Pass,Pass,Pass,Pass,Skip,Pass,
03-03-2017,17:56:24,39.4,1,155900136076,PASS,Pass,Pass,Pass,Pass,Pass,Pass,Pass,Pass,Skip,Pass,Pass,Pass,Pass,Pass,Pass,Pass,Pass,Pass,Pass,Pass,Pass,Pass,Pass,Pass,Pass,Pass,Pass,Pass,Pass,Pass,Pass,Pass,Pass,Pass,Pass,Pass,Pass,Pass,Pass,Skip,Pass,
03-03-2017,17:56:44,39.9,5,155900137381,PASS,Pass,Pass,Pass,Pass,Pass,Pass,Pass,Pass,Skip,Pass,Pass,Pass,Pass,Pass,Pass,Pass,Pass,Pass,Pass,Pass,Pass,Pass,Pass,Pass,Pass,Pass,Pass,Pass,Pass,Pass,Pass,Pass,Pass,Pass,Pass,Pass,Pass,Pass,Pass,Skip,Pass,
03-03-2017,17:56:50,39.8,3,155900137382,PASS,Pass,Pass,Pass,Pass,Pass,Pass,Pass,Pass,Skip,Pass,Pass,Pass,Pass,Pass,Pass,Pass,Pass,Pass,Pass,Pass,Pass,Pass,Pass,Pass,Pass,Pass,Pass,Pass,Pass,Pass,Pass,Pass,Pass,Pass,Pass,Pass,Pass,Pass,Pass,Skip,Pass,
03-03-2017,17:57:14,40.6,2,155900137383,PASS,Pass,Pass,Pass,Pass,Pass,Pass,Pass,Pass,Skip,Pass,Pass,Pass,Pass,Pass,Pass,Pass,Pass,Pass,Pass,Pass,Pass,Pass,Pass,Pass,Pass,Pass,Pass,Pass,Pass,Pass,Pass,Pass,Pass,Pass,Pass,Pass,Pass,Pass,Pass,Skip,Pass,
03-03-2017,17:57:24,40.2,6,155900137384,PASS,Pass,Pass,Pass,Pass,Pass,Pass,Pass,Pass,Skip,Pass,Pass,Pass,Pass,Pass,Pass,Pass,Pass,Pass,Pass,Pass,Pass,Pass,Pass,Pass,Pass,Pass,Pass,Pass,Pass,Pass,Pass,Pass,Pass,Pass,Pass,Pass,Pass,Pass,Pass,Skip,Pass,
03-03-2017,17:57:59,39.8,1,155900137385,PASS,Pass,Pass,Pass,Pass,Pass,Pass,Pass,Pass,Skip,Pass,Pass,Pass,Pass,Pass,Pass,Pass,Pass,Pass,Pass,Pass,Pass,Pass,Pass,Pass,Pass,Pass,Pass,Pass,Pass,Pass,Pass,Pass,Pass,Pass,Pass,Pass,Pass,Pass,Pass,Skip,Pass,
03-03-2017,17:58:30,40.5,3,155900137386,PASS,Pass,Pass,Pass,Pass,Pass,Pass,Pass,Pass,Skip,Pass,Pass,Pass,Pass,Pass,Pass,Pass,Pass,Pass,Pass,Pass,Pass,Pass,Pass,Pass,Pass,Pass,Pass,Pass,Pass,Pass,Pass,Pass,Pass,Pass,Pass,Pass,Pass,Pass,Pass,Skip,Pass,
03-03-2017,17:58:43,41.2,5,155900137391,PASS,Pass,Pass,Pass,Pass,Pass,Pass,Pass,Pass,Skip,Pass,Pass,Pass,Pass,Pass,Pass,Pass,Pass,Pass,Pass,Pass,Pass,Pass,Pass,Pass,Pass,Pass,Pass,Pass,Pass,Pass,Pass,Pass,Pass,Pass,Pass,Pass,Pass,Pass,Pass,Skip,Pass,
03-03-2017,17:58:52,40.1,2,155900137392,PASS,Pass,Pass,Pass,Pass,Pass,Pass,Pass,Pass,Skip,Pass,Pass,Pass,Pass,Pass,Pass,Pass,Pass,Pass,Pass,Pass,Pass,Pass,Pass,Pass,Pass,Pass,Pass,Pass,Pass,Pass,Pass,Pass,Pass,Pass,Pass,Pass,Pass,Pass,Pass,Skip,Pass,
03-03-2017,17:59:32,39.8,1,155900137393,PASS,Pass,Pass,Pass,Pass,Pass,Pass,Pass,Pass,Skip,Pass,Pass,Pass,Pass,Pass,Pass,Pass,Pass,Pass,Pass,Pass,Pass,Pass,Pass,Pass,Pass,Pass,Pass,Pass,Pass,Pass,Pass,Pass,Pass,Pass,Pass,Pass,Pass,Pass,Pass,Skip,Pass,
03-03-2017,17:59:33,39.7,3,155900137394,PASS,Pass,Pass,Pass,Pass,Pass,Pass,Pass,Pass,Skip,Pass,Pass,Pass,Pass,Pass,Pass,Pass,Pass,Pass,Pass,Pass,Pass,Pass,Pass,Pass,Pass,Pass,Pass,Pass,Pass,Pass,Pass,Pass,Pass,Pass,Pass,Pass,Pass,Pass,Pass,Skip,Pass,
03-03-2017,18:00:13,31.2,5,155900137395,FAIL,Pass,Pass,Pass,Pass,Pass,Pass,Pass,Pass,Skip,Pass,Pass,Pass,Pass,Pass,Pass,Pass,Pass,Pass,Pass,Pass,Pass,Pass,Pass,Pass,Pass,Pass,Pass,Pass,Pass,Fail,,,,,,,,,,,,
03-03-2017,18:00:34,39.9,1,155900137396,PASS,Pass,Pass,Pass,Pass,Pass,Pass,Pass,Pass,Skip,Pass,Pass,Pass,Pass,Pass,Pass,Pass,Pass,Pass,Pass,Pass,Pass,Pass,Pass,Pass,Pass,Pass,Pass,Pass,Pass,Pass,Pass,Pass,Pass,Pass,Pass,Pass,Pass,Pass,Pass,Skip,Pass,
03-03-2017,18:00:54,40.9,6,155900137401,PASS,Pass,Pass,Pass,Pass,Pass,Pass,Pass,Pass,Skip,Pass,Pass,Pass,Pass,Pass,Pass,Pass,Pass,Pass,Pass,Pass,Pass,Pass,Pass,Pass,Pass,Pass,Pass,Pass,Pass,Pass,Pass,Pass,Pass,Pass,Pass,Pass,Pass,Pass,Pass,Skip,Pass,
03-03-2017,18:01:14,39.8,2,155900137402,PASS,Pass,Pass,Pass,Pass,Pass,Pass,Pass,Pass,Skip,Pass,Pass,Pass,Pass,Pass,Pass,Pass,Pass,Pass,Pass,Pass,Pass,Pass,Pass,Pass,Pass,Pass,Pass,Pass,Pass,Pass,Pass,Pass,Pass,Pass,Pass,Pass,Pass,Pass,Pass,Skip,Pass,
03-03-2017,18:01:38,40.5,3,155900137404,PASS,Pass,Pass,Pass,Pass,Pass,Pass,Pass,Pass,Skip,Pass,Pass,Pass,Pass,Pass,Pass,Pass,Pass,Pass,Pass,Pass,Pass,Pass,Pass,Pass,Pass,Pass,Pass,Pass,Pass,Pass,Pass,Pass,Pass,Pass,Pass,Pass,Pass,Pass,Pass,Skip,Pass,
03-03-2017,18:01:44,50.6,5,155900137403,FAIL,Pass,Pass,Pass,Pass,Pass,Pass,Pass,Pass,Skip,Pass,Pass,Pass,Pass,Pass,Pass,Pass,Pass,Pass,Pass,Pass,Pass,Pass,Pass,Pass,Fail,,,,,,,,,,,,,,,,,
03-03-2017,18:01:54,39.8,1,155900137405,PASS,Pass,Pass,Pass,Pass,Pass,Pass,Pass,Pass,Skip,Pass,Pass,Pass,Pass,Pass,Pass,Pass,Pass,Pass,Pass,Pass,Pass,Pass,Pass,Pass,Pass,Pass,Pass,Pass,Pass,Pass,Pass,Pass,Pass,Pass,Pass,Pass,Pass,Pass,Pass,Skip,Pass,
03-03-2017,18:02:24,39.9,6,155900137406,PASS,Pass,Pass,Pass,Pass,Pass,Pass,Pass,Pass,Skip,Pass,Pass,Pass,Pass,Pass,Pass,Pass,Pass,Pass,Pass,Pass,Pass,Pass,Pass,Pass,Pass,Pass,Pass,Pass,Pass,Pass,Pass,Pass,Pass,Pass,Pass,Pass,Pass,Pass,Pass,Skip,Pass,
03-03-2017,18:02:36,42.0,2,155900137411,PASS,Pass,Pass,Pass,Pass,Pass,Pass,Pass,Pass,Skip,Pass,Pass,Pass,Pass,Pass,Pass,Pass,Pass,Pass,Pass,Pass,Pass,Pass,Pass,Pass,Pass,Pass,Pass,Pass,Pass,Pass,Pass,Pass,Pass,Pass,Pass,Pass,Pass,Pass,Pass,Skip,Pass,
03-03-2017,18:02:47,41.9,3,155900137412,PASS,Pass,Pass,Pass,Pass,Pass,Pass,Pass,Pass,Skip,Pass,Pass,Pass,Pass,Pass,Pass,Pass,Pass,Pass,Pass,Pass,Pass,Pass,Pass,Pass,Pass,Pass,Pass,Pass,Pass,Pass,Pass,Pass,Pass,Pass,Pass,Pass,Pass,Pass,Pass,Skip,Pass,
03-03-2017,18:03:17,50.7,5,155900137413,FAIL,Pass,Pass,Pass,Pass,Pass,Pass,Pass,Pass,Skip,Pass,Pass,Pass,Pass,Pass,Pass,Pass,Pass,Pass,Pass,Pass,Pass,Pass,Pass,Pass,Fail,,,,,,,,,,,,,,,,,
03-03-2017,18:03:42,40.8,1,155900137414,PASS,Pass,Pass,Pass,Pass,Pass,Pass,Pass,Pass,Skip,Pass,Pass,Pass,Pass,Pass,Pass,Pass,Pass,Pass,Pass,Pass,Pass,Pass,Pass,Pass,Pass,Pass,Pass,Pass,Pass,Pass,Pass,Pass,Pass,Pass,Pass,Pass,Pass,Pass,Pass,Skip,Pass,
03-03-2017,18:04:54,40.6,1,155900137415,PASS,Pass,Pass,Pass,Pass,Pass,Pass,Pass,Pass,Skip,Pass,Pass,Pass,Pass,Pass,Pass,Pass,Pass,Pass,Pass,Pass,Pass,Pass,Pass,Pass,Pass,Pass,Pass,Pass,Pass,Pass,Pass,Pass,Pass,Pass,Pass,Pass,Pass,Pass,Pass,Skip,Pass,
03-03-2017,18:06:29,40.0,1,155900137416,PASS,Pass,Pass,Pass,Pass,Pass,Pass,Pass,Pass,Skip,Pass,Pass,Pass,Pass,Pass,Pass,Pass,Pass,Pass,Pass,Pass,Pass,Pass,Pass,Pass,Pass,Pass,Pass,Pass,Pass,Pass,Pass,Pass,Pass,Pass,Pass,Pass,Pass,Pass,Pass,Skip,Pass,
03-03-2017,18:07:35,41.9,3,155900137431,PASS,Pass,Pass,Pass,Pass,Pass,Pass,Pass,Pass,Skip,Pass,Pass,Pass,Pass,Pass,Pass,Pass,Pass,Pass,Pass,Pass,Pass,Pass,Pass,Pass,Pass,Pass,Pass,Pass,Pass,Pass,Pass,Pass,Pass,Pass,Pass,Pass,Pass,Pass,Pass,Skip,Pass,
03-03-2017,18:07:51,39.3,2,155900137432,PASS,Pass,Pass,Pass,Pass,Pass,Pass,Pass,Pass,Skip,Pass,Pass,Pass,Pass,Pass,Pass,Pass,Pass,Pass,Pass,Pass,Pass,Pass,Pass,Pass,Pass,Pass,Pass,Pass,Pass,Pass,Pass,Pass,Pass,Pass,Pass,Pass,Pass,Pass,Pass,Skip,Pass,
03-03-2017,18:08:09,40.1,6,155900137433,PASS,Pass,Pass,Pass,Pass,Pass,Pass,Pass,Pass,Skip,Pass,Pass,Pass,Pass,Pass,Pass,Pass,Pass,Pass,Pass,Pass,Pass,Pass,Pass,Pass,Pass,Pass,Pass,Pass,Pass,Pass,Pass,Pass,Pass,Pass,Pass,Pass,Pass,Pass,Pass,Skip,Pass,
03-03-2017,18:08:32,40.6,1,155900137434,PASS,Pass,Pass,Pass,Pass,Pass,Pass,Pass,Pass,Skip,Pass,Pass,Pass,Pass,Pass,Pass,Pass,Pass,Pass,Pass,Pass,Pass,Pass,Pass,Pass,Pass,Pass,Pass,Pass,Pass,Pass,Pass,Pass,Pass,Pass,Pass,Pass,Pass,Pass,Pass,Skip,Pass,
03-03-2017,18:08:50,40.0,3,155900137436,PASS,Pass,Pass,Pass,Pass,Pass,Pass,Pass,Pass,Skip,Pass,Pass,Pass,Pass,Pass,Pass,Pass,Pass,Pass,Pass,Pass,Pass,Pass,Pass,Pass,Pass,Pass,Pass,Pass,Pass,Pass,Pass,Pass,Pass,Pass,Pass,Pass,Pass,Pass,Pass,Skip,Pass,
03-03-2017,18:09:00,50.6,5,155900137435,FAIL,Pass,Pass,Pass,Pass,Pass,Pass,Pass,Pass,Skip,Pass,Pass,Pass,Pass,Pass,Pass,Pass,Pass,Pass,Pass,Pass,Pass,Pass,Pass,Pass,Fail,,,,,,,,,,,,,,,,,
03-03-2017,18:09:12,39.9,2,155900137451,PASS,Pass,Pass,Pass,Pass,Pass,Pass,Pass,Pass,Skip,Pass,Pass,Pass,Pass,Pass,Pass,Pass,Pass,Pass,Pass,Pass,Pass,Pass,Pass,Pass,Pass,Pass,Pass,Pass,Pass,Pass,Pass,Pass,Pass,Pass,Pass,Pass,Pass,Pass,Pass,Skip,Pass,
03-03-2017,18:09:44,44.1,6,155900137452,PASS,Pass,Pass,Pass,Pass,Pass,Pass,Pass,Pass,Skip,Pass,Pass,Pass,Pass,Pass,Pass,Pass,Pass,Pass,Pass,Pass,Pass,Pass,Pass,Pass,Pass,Pass,Pass,Pass,Pass,Pass,Pass,Pass,Pass,Pass,Pass,Pass,Pass,Pass,Pass,Skip,Pass,
03-03-2017,18:09:54,40.5,1,155900137453,PASS,Pass,Pass,Pass,Pass,Pass,Pass,Pass,Pass,Skip,Pass,Pass,Pass,Pass,Pass,Pass,Pass,Pass,Pass,Pass,Pass,Pass,Pass,Pass,Pass,Pass,Pass,Pass,Pass,Pass,Pass,Pass,Pass,Pass,Pass,Pass,Pass,Pass,Pass,Pass,Skip,Pass,
03-03-2017,18:14:38,47.8,5,155900136063,PASS,Pass,Pass,Pass,Pass,Pass,Pass,Pass,Pass,Skip,Pass,Pass,Pass,Pass,Pass,Pass,Pass,Pass,Pass,Pass,Pass,Pass,Pass,Pass,Pass,Pass,Pass,Pass,Pass,Pass,Pass,Pass,Pass,Pass,Pass,Pass,Pass,Pass,Pass,Pass,Skip,Pass,
03-03-2017,18:14:43,54.7,3,155900135945,PASS,Pass,Pass,Pass,Pass,Pass,Pass,Pass,Pass,Skip,Pass,Pass,Pass,Pass,Pass,Pass,Pass,Pass,Pass,Pass,Pass,Pass,Pass,Pass,Pass,Pass,Pass,Pass,Pass,Pass,Pass,Pass,Pass,Pass,Pass,Pass,Pass,Pass,Pass,Pass,Skip,Pass,
03-03-2017,18:14:44,57.2,1,155900135944,PASS,Pass,Pass,Pass,Pass,Pass,Pass,Pass,Pass,Skip,Pass,Pass,Pass,Pass,Pass,Pass,Pass,Pass,Pass,Pass,Pass,Pass,Pass,Pass,Pass,Pass,Pass,Pass,Pass,Pass,Pass,Pass,Pass,Pass,Pass,Pass,Pass,Pass,Pass,Pass,Skip,Pass,
03-03-2017,18:15:26,47.2,6,155900137395,PASS,Pass,Pass,Pass,Pass,Pass,Pass,Pass,Pass,Skip,Pass,Pass,Pass,Pass,Pass,Pass,Pass,Pass,Pass,Pass,Pass,Pass,Pass,Pass,Pass,Pass,Pass,Pass,Pass,Pass,Pass,Pass,Pass,Pass,Pass,Pass,Pass,Pass,Pass,Pass,Skip,Pass,
03-03-2017,18:15:34,50.5,2,155900137403,PASS,Pass,Pass,Pass,Pass,Pass,Pass,Pass,Pass,Skip,Pass,Pass,Pass,Pass,Pass,Pass,Pass,Pass,Pass,Pass,Pass,Pass,Pass,Pass,Pass,Pass,Pass,Pass,Pass,Pass,Pass,Pass,Pass,Pass,Pass,Pass,Pass,Pass,Pass,Pass,Skip,Pass,
03-03-2017,18:15:35,51.8,4,155900136066,PASS,Pass,Pass,Pass,Pass,Pass,Pass,Pass,Pass,Skip,Pass,Pass,Pass,Pass,Pass,Pass,Pass,Pass,Pass,Pass,Pass,Pass,Pass,Pass,Pass,Pass,Pass,Pass,Pass,Pass,Pass,Pass,Pass,Pass,Pass,Pass,Pass,Pass,Pass,Pass,Skip,Pass,
03-03-2017,18:16:42,48.6,5,155900135964,PASS,Pass,Pass,Pass,Pass,Pass,Pass,Pass,Pass,Skip,Pass,Pass,Pass,Pass,Pass,Pass,Pass,Pass,Pass,Pass,Pass,Pass,Pass,Pass,Pass,Pass,Pass,Pass,Pass,Pass,Pass,Pass,Pass,Pass,Pass,Pass,Pass,Pass,Pass,Pass,Skip,Pass,
03-03-2017,18:16:43,49.7,1,155900137413,PASS,Pass,Pass,Pass,Pass,Pass,Pass,Pass,Pass,Skip,Pass,Pass,Pass,Pass,Pass,Pass,Pass,Pass,Pass,Pass,Pass,Pass,Pass,Pass,Pass,Pass,Pass,Pass,Pass,Pass,Pass,Pass,Pass,Pass,Pass,Pass,Pass,Pass,Pass,Pass,Skip,Pass,
03-03-2017,18:16:43,50.4,3,155900136003,PASS,Pass,Pass,Pass,Pass,Pass,Pass,Pass,Pass,Skip,Pass,Pass,Pass,Pass,Pass,Pass,Pass,Pass,Pass,Pass,Pass,Pass,Pass,Pass,Pass,Pass,Pass,Pass,Pass,Pass,Pass,Pass,Pass,Pass,Pass,Pass,Pass,Pass,Pass,Pass,Skip,Pass,
03-03-2017,18:17:32,49.5,2,155900135932,PASS,Pass,Pass,Pass,Pass,Pass,Pass,Pass,Pass,Skip,Pass,Pass,Pass,Pass,Pass,Pass,Pass,Pass,Pass,Pass,Pass,Pass,Pass,Pass,Pass,Pass,Pass,Pass,Pass,Pass,Pass,Pass,Pass,Pass,Pass,Pass,Pass,Pass,Pass,Pass,Skip,Pass,
03-03-2017,18:19:20,47.2,1,155900137454,PASS,Pass,Pass,Pass,Pass,Pass,Pass,Pass,Pass,Skip,Pass,Pass,Pass,Pass,Pass,Pass,Pass,Pass,Pass,Pass,Pass,Pass,Pass,Pass,Pass,Pass,Pass,Pass,Pass,Pass,Pass,Pass,Pass,Pass,Pass,Pass,Pass,Pass,Pass,Pass,Skip,Pass,
03-03-2017,18:19:24,49.6,3,155900137455,PASS,Pass,Pass,Pass,Pass,Pass,Pass,Pass,Pass,Skip,Pass,Pass,Pass,Pass,Pass,Pass,Pass,Pass,Pass,Pass,Pass,Pass,Pass,Pass,Pass,Pass,Pass,Pass,Pass,Pass,Pass,Pass,Pass,Pass,Pass,Pass,Pass,Pass,Pass,Pass,Skip,Pass,
03-03-2017,18:19:25,47.7,5,155900137456,PASS,Pass,Pass,Pass,Pass,Pass,Pass,Pass,Pass,Skip,Pass,Pass,Pass,Pass,Pass,Pass,Pass,Pass,Pass,Pass,Pass,Pass,Pass,Pass,Pass,Pass,Pass,Pass,Pass,Pass,Pass,Pass,Pass,Pass,Pass,Pass,Pass,Pass,Pass,Pass,Skip,Pass,
03-03-2017,18:20:07,47.2,2,155900137464,PASS,Pass,Pass,Pass,Pass,Pass,Pass,Pass,Pass,Skip,Pass,Pass,Pass,Pass,Pass,Pass,Pass,Pass,Pass,Pass,Pass,Pass,Pass,Pass,Pass,Pass,Pass,Pass,Pass,Pass,Pass,Pass,Pass,Pass,Pass,Pass,Pass,Pass,Pass,Pass,Skip,Pass,
03-03-2017,18:20:13,48.1,6,155900137462,PASS,Pass,Pass,Pass,Pass,Pass,Pass,Pass,Pass,Skip,Pass,Pass,Pass,Pass,Pass,Pass,Pass,Pass,Pass,Pass,Pass,Pass,Pass,Pass,Pass,Pass,Pass,Pass,Pass,Pass,Pass,Pass,Pass,Pass,Pass,Pass,Pass,Pass,Pass,Pass,Skip,Pass,
03-03-2017,18:20:15,50.8,4,155900137463,PASS,Pass,Pass,Pass,Pass,Pass,Pass,Pass,Pass,Skip,Pass,Pass,Pass,Pass,Pass,Pass,Pass,Pass,Pass,Pass,Pass,Pass,Pass,Pass,Pass,Pass,Pass,Pass,Pass,Pass,Pass,Pass,Pass,Pass,Pass,Pass,Pass,Pass,Pass,Pass,Skip,Pass,
03-03-2017,18:23:39,49.9,2,155900137461,PASS,Pass,Pass,Pass,Pass,Pass,Pass,Pass,Pass,Skip,Pass,Pass,Pass,Pass,Pass,Pass,Pass,Pass,Pass,Pass,Pass,Pass,Pass,Pass,Pass,Pass,Pass,Pass,Pass,Pass,Pass,Pass,Pass,Pass,Pass,Pass,Pass,Pass,Pass,Pass,Skip,Pass,
03-03-2017,18:23:45,48.3,4,155900137465,PASS,Pass,Pass,Pass,Pass,Pass,Pass,Pass,Pass,Skip,Pass,Pass,Pass,Pass,Pass,Pass,Pass,Pass,Pass,Pass,Pass,Pass,Pass,Pass,Pass,Pass,Pass,Pass,Pass,Pass,Pass,Pass,Pass,Pass,Pass,Pass,Pass,Pass,Pass,Pass,Skip,Pass,
03-03-2017,18:23:57,47.8,6,155900137466,PASS,Pass,Pass,Pass,Pass,Pass,Pass,Pass,Pass,Skip,Pass,Pass,Pass,Pass,Pass,Pass,Pass,Pass,Pass,Pass,Pass,Pass,Pass,Pass,Pass,Pass,Pass,Pass,Pass,Pass,Pass,Pass,Pass,Pass,Pass,Pass,Pass,Pass,Pass,Pass,Skip,Pass,
03-03-2017,18:24:27,47.9,1,155900137471,PASS,Pass,Pass,Pass,Pass,Pass,Pass,Pass,Pass,Skip,Pass,Pass,Pass,Pass,Pass,Pass,Pass,Pass,Pass,Pass,Pass,Pass,Pass,Pass,Pass,Pass,Pass,Pass,Pass,Pass,Pass,Pass,Pass,Pass,Pass,Pass,Pass,Pass,Pass,Pass,Skip,Pass,
03-03-2017,18:24:47,47.6,3,155900137472,PASS,Pass,Pass,Pass,Pass,Pass,Pass,Pass,Pass,Skip,Pass,Pass,Pass,Pass,Pass,Pass,Pass,Pass,Pass,Pass,Pass,Pass,Pass,Pass,Pass,Pass,Pass,Pass,Pass,Pass,Pass,Pass,Pass,Pass,Pass,Pass,Pass,Pass,Pass,Pass,Skip,Pass,
03-03-2017,18:25:17,50.0,2,155900137473,PASS,Pass,Pass,Pass,Pass,Pass,Pass,Pass,Pass,Skip,Pass,Pass,Pass,Pass,Pass,Pass,Pass,Pass,Pass,Pass,Pass,Pass,Pass,Pass,Pass,Pass,Pass,Pass,Pass,Pass,Pass,Pass,Pass,Pass,Pass,Pass,Pass,Pass,Pass,Pass,Skip,Pass,
03-03-2017,18:25:35,48.2,4,155900137474,PASS,Pass,Pass,Pass,Pass,Pass,Pass,Pass,Pass,Skip,Pass,Pass,Pass,Pass,Pass,Pass,Pass,Pass,Pass,Pass,Pass,Pass,Pass,Pass,Pass,Pass,Pass,Pass,Pass,Pass,Pass,Pass,Pass,Pass,Pass,Pass,Pass,Pass,Pass,Pass,Skip,Pass,
03-03-2017,18:25:38,48.5,6,155900137435,PASS,Pass,Pass,Pass,Pass,Pass,Pass,Pass,Pass,Skip,Pass,Pass,Pass,Pass,Pass,Pass,Pass,Pass,Pass,Pass,Pass,Pass,Pass,Pass,Pass,Pass,Pass,Pass,Pass,Pass,Pass,Pass,Pass,Pass,Pass,Pass,Pass,Pass,Pass,Pass,Skip,Pass,
03-03-2017,18:26:23,47.2,3,155900137475,PASS,Pass,Pass,Pass,Pass,Pass,Pass,Pass,Pass,Skip,Pass,Pass,Pass,Pass,Pass,Pass,Pass,Pass,Pass,Pass,Pass,Pass,Pass,Pass,Pass,Pass,Pass,Pass,Pass,Pass,Pass,Pass,Pass,Pass,Pass,Pass,Pass,Pass,Pass,Pass,Skip,Pass,
03-03-2017,18:26:24,46.0,5,155900137476,PASS,Pass,Pass,Pass,Pass,Pass,Pass,Pass,Pass,Skip,Pass,Pass,Pass,Pass,Pass,Pass,Pass,Pass,Pass,Pass,Pass,Pass,Pass,Pass,Pass,Pass,Pass,Pass,Pass,Pass,Pass,Pass,Pass,Pass,Pass,Pass,Pass,Pass,Pass,Pass,Skip,Pass,
03-03-2017,18:26:42,43.5,2,155900137481,PASS,Pass,Pass,Pass,Pass,Pass,Pass,Pass,Pass,Skip,Pass,Pass,Pass,Pass,Pass,Pass,Pass,Pass,Pass,Pass,Pass,Pass,Pass,Pass,Pass,Pass,Pass,Pass,Pass,Pass,Pass,Pass,Pass,Pass,Pass,Pass,Pass,Pass,Pass,Pass,Skip,Pass,
03-03-2017,18:27:06,41.4,6,155900137483,PASS,Pass,Pass,Pass,Pass,Pass,Pass,Pass,Pass,Skip,Pass,Pass,Pass,Pass,Pass,Pass,Pass,Pass,Pass,Pass,Pass,Pass,Pass,Pass,Pass,Pass,Pass,Pass,Pass,Pass,Pass,Pass,Pass,Pass,Pass,Pass,Pass,Pass,Pass,Pass,Skip,Pass,
03-03-2017,18:27:07,44.0,4,155900137482,PASS,Pass,Pass,Pass,Pass,Pass,Pass,Pass,Pass,Skip,Pass,Pass,Pass,Pass,Pass,Pass,Pass,Pass,Pass,Pass,Pass,Pass,Pass,Pass,Pass,Pass,Pass,Pass,Pass,Pass,Pass,Pass,Pass,Pass,Pass,Pass,Pass,Pass,Pass,Pass,Skip,Pass,
03-03-2017,18:27:22,39.9,1,155900137484,PASS,Pass,Pass,Pass,Pass,Pass,Pass,Pass,Pass,Skip,Pass,Pass,Pass,Pass,Pass,Pass,Pass,Pass,Pass,Pass,Pass,Pass,Pass,Pass,Pass,Pass,Pass,Pass,Pass,Pass,Pass,Pass,Pass,Pass,Pass,Pass,Pass,Pass,Pass,Pass,Skip,Pass,
03-03-2017,18:28:42,41.1,1,155900137485,PASS,Pass,Pass,Pass,Pass,Pass,Pass,Pass,Pass,Skip,Pass,Pass,Pass,Pass,Pass,Pass,Pass,Pass,Pass,Pass,Pass,Pass,Pass,Pass,Pass,Pass,Pass,Pass,Pass,Pass,Pass,Pass,Pass,Pass,Pass,Pass,Pass,Pass,Pass,Pass,Skip,Pass,
03-03-2017,18:28:42,39.2,3,155900137493,PASS,Pass,Pass,Pass,Pass,Pass,Pass,Pass,Pass,Skip,Pass,Pass,Pass,Pass,Pass,Pass,Pass,Pass,Pass,Pass,Pass,Pass,Pass,Pass,Pass,Pass,Pass,Pass,Pass,Pass,Pass,Pass,Pass,Pass,Pass,Pass,Pass,Pass,Pass,Pass,Skip,Pass,
03-03-2017,18:28:46,40.1,5,155900137492,PASS,Pass,Pass,Pass,Pass,Pass,Pass,Pass,Pass,Skip,Pass,Pass,Pass,Pass,Pass,Pass,Pass,Pass,Pass,Pass,Pass,Pass,Pass,Pass,Pass,Pass,Pass,Pass,Pass,Pass,Pass,Pass,Pass,Pass,Pass,Pass,Pass,Pass,Pass,Pass,Skip,Pass,
03-03-2017,18:30:06,39.8,1,155900137501,PASS,Pass,Pass,Pass,Pass,Pass,Pass,Pass,Pass,Skip,Pass,Pass,Pass,Pass,Pass,Pass,Pass,Pass,Pass,Pass,Pass,Pass,Pass,Pass,Pass,Pass,Pass,Pass,Pass,Pass,Pass,Pass,Pass,Pass,Pass,Pass,Pass,Pass,Pass,Pass,Skip,Pass,
03-03-2017,18:30:09,40.5,3,155900137496,PASS,Pass,Pass,Pass,Pass,Pass,Pass,Pass,Pass,Skip,Pass,Pass,Pass,Pass,Pass,Pass,Pass,Pass,Pass,Pass,Pass,Pass,Pass,Pass,Pass,Pass,Pass,Pass,Pass,Pass,Pass,Pass,Pass,Pass,Pass,Pass,Pass,Pass,Pass,Pass,Skip,Pass,
03-03-2017,18:30:11,40.5,5,155900137495,PASS,Pass,Pass,Pass,Pass,Pass,Pass,Pass,Pass,Skip,Pass,Pass,Pass,Pass,Pass,Pass,Pass,Pass,Pass,Pass,Pass,Pass,Pass,Pass,Pass,Pass,Pass,Pass,Pass,Pass,Pass,Pass,Pass,Pass,Pass,Pass,Pass,Pass,Pass,Pass,Skip,Pass,
03-03-2017,18:30:51,40.8,2,155900137494,PASS,Pass,Pass,Pass,Pass,Pass,Pass,Pass,Pass,Skip,Pass,Pass,Pass,Pass,Pass,Pass,Pass,Pass,Pass,Pass,Pass,Pass,Pass,Pass,Pass,Pass,Pass,Pass,Pass,Pass,Pass,Pass,Pass,Pass,Pass,Pass,Pass,Pass,Pass,Pass,Skip,Pass,
03-03-2017,18:30:51,39.2,4,155900137491,PASS,Pass,Pass,Pass,Pass,Pass,Pass,Pass,Pass,Skip,Pass,Pass,Pass,Pass,Pass,Pass,Pass,Pass,Pass,Pass,Pass,Pass,Pass,Pass,Pass,Pass,Pass,Pass,Pass,Pass,Pass,Pass,Pass,Pass,Pass,Pass,Pass,Pass,Pass,Pass,Skip,Pass,
03-03-2017,18:30:57,43.5,6,155900137486,PASS,Pass,Pass,Pass,Pass,Pass,Pass,Pass,Pass,Skip,Pass,Pass,Pass,Pass,Pass,Pass,Pass,Pass,Pass,Pass,Pass,Pass,Pass,Pass,Pass,Pass,Pass,Pass,Pass,Pass,Pass,Pass,Pass,Pass,Pass,Pass,Pass,Pass,Pass,Pass,Skip,Pass,
03-03-2017,18:31:52,27.0,1,155900137502,FAIL,Pass,Pass,Pass,Pass,Pass,Pass,Pass,Pass,Skip,Pass,Pass,Pass,Pass,Pass,Pass,Pass,Pass,Pass,Pass,Pass,Pass,Pass,Pass,Pass,Pass,Pass,Pass,Fail,,,,,,,,,,,,,,
03-03-2017,18:32:09,40.7,3,155900137503,PASS,Pass,Pass,Pass,Pass,Pass,Pass,Pass,Pass,Skip,Pass,Pass,Pass,Pass,Pass,Pass,Pass,Pass,Pass,Pass,Pass,Pass,Pass,Pass,Pass,Pass,Pass,Pass,Pass,Pass,Pass,Pass,Pass,Pass,Pass,Pass,Pass,Pass,Pass,Pass,Skip,Pass,
03-03-2017,18:32:15,43.3,5,155900137504,PASS,Pass,Pass,Pass,Pass,Pass,Pass,Pass,Pass,Skip,Pass,Pass,Pass,Pass,Pass,Pass,Pass,Pass,Pass,Pass,Pass,Pass,Pass,Pass,Pass,Pass,Pass,Pass,Pass,Pass,Pass,Pass,Pass,Pass,Pass,Pass,Pass,Pass,Pass,Pass,Skip,Pass,
03-03-2017,18:32:48,40.0,2,155900137505,PASS,Pass,Pass,Pass,Pass,Pass,Pass,Pass,Pass,Skip,Pass,Pass,Pass,Pass,Pass,Pass,Pass,Pass,Pass,Pass,Pass,Pass,Pass,Pass,Pass,Pass,Pass,Pass,Pass,Pass,Pass,Pass,Pass,Pass,Pass,Pass,Pass,Pass,Pass,Pass,Skip,Pass,
03-03-2017,18:32:51,39.7,4,155900137506,PASS,Pass,Pass,Pass,Pass,Pass,Pass,Pass,Pass,Skip,Pass,Pass,Pass,Pass,Pass,Pass,Pass,Pass,Pass,Pass,Pass,Pass,Pass,Pass,Pass,Pass,Pass,Pass,Pass,Pass,Pass,Pass,Pass,Pass,Pass,Pass,Pass,Pass,Pass,Pass,Skip,Pass,
03-03-2017,18:32:56,40.7,6,155900137511,PASS,Pass,Pass,Pass,Pass,Pass,Pass,Pass,Pass,Skip,Pass,Pass,Pass,Pass,Pass,Pass,Pass,Pass,Pass,Pass,Pass,Pass,Pass,Pass,Pass,Pass,Pass,Pass,Pass,Pass,Pass,Pass,Pass,Pass,Pass,Pass,Pass,Pass,Pass,Pass,Skip,Pass,
03-03-2017,18:33:31,40.6,3,155900137513,PASS,Pass,Pass,Pass,Pass,Pass,Pass,Pass,Pass,Skip,Pass,Pass,Pass,Pass,Pass,Pass,Pass,Pass,Pass,Pass,Pass,Pass,Pass,Pass,Pass,Pass,Pass,Pass,Pass,Pass,Pass,Pass,Pass,Pass,Pass,Pass,Pass,Pass,Pass,Pass,Skip,Pass,
03-03-2017,18:33:36,40.7,5,155900137514,PASS,Pass,Pass,Pass,Pass,Pass,Pass,Pass,Pass,Skip,Pass,Pass,Pass,Pass,Pass,Pass,Pass,Pass,Pass,Pass,Pass,Pass,Pass,Pass,Pass,Pass,Pass,Pass,Pass,Pass,Pass,Pass,Pass,Pass,Pass,Pass,Pass,Pass,Pass,Pass,Skip,Pass,
03-03-2017,18:33:37,49.3,1,155900137512,FAIL,Pass,Pass,Pass,Pass,Pass,Pass,Pass,Pass,Skip,Pass,Pass,Pass,Pass,Pass,Pass,Pass,Pass,Pass,Pass,Pass,Pass,Pass,Pass,Pass,Fail,,,,,,,,,,,,,,,,,
03-03-2017,18:35:09,35.0,2,155900137515,FAIL,Pass,Pass,Pass,Pass,Pass,Pass,Pass,Pass,Skip,Pass,Pass,Pass,Pass,Pass,Pass,Pass,Pass,Pass,Pass,Pass,Pass,Pass,Pass,Pass,Pass,Pass,Pass,Pass,Pass,Pass,Pass,Pass,Pass,Fail,,,,,,,,
03-03-2017,18:35:16,39.5,4,155900137516,PASS,Pass,Pass,Pass,Pass,Pass,Pass,Pass,Pass,Skip,Pass,Pass,Pass,Pass,Pass,Pass,Pass,Pass,Pass,Pass,Pass,Pass,Pass,Pass,Pass,Pass,Pass,Pass,Pass,Pass,Pass,Pass,Pass,Pass,Pass,Pass,Pass,Pass,Pass,Pass,Skip,Pass,
03-03-2017,18:35:19,40.0,6,155900137441,PASS,Pass,Pass,Pass,Pass,Pass,Pass,Pass,Pass,Skip,Pass,Pass,Pass,Pass,Pass,Pass,Pass,Pass,Pass,Pass,Pass,Pass,Pass,Pass,Pass,Pass,Pass,Pass,Pass,Pass,Pass,Pass,Pass,Pass,Pass,Pass,Pass,Pass,Pass,Pass,Skip,Pass,
03-03-2017,18:36:04,40.7,3,155900137444,PASS,Pass,Pass,Pass,Pass,Pass,Pass,Pass,Pass,Skip,Pass,Pass,Pass,Pass,Pass,Pass,Pass,Pass,Pass,Pass,Pass,Pass,Pass,Pass,Pass,Pass,Pass,Pass,Pass,Pass,Pass,Pass,Pass,Pass,Pass,Pass,Pass,Pass,Pass,Pass,Skip,Pass,
03-03-2017,18:36:06,39.8,5,155900137443,PASS,Pass,Pass,Pass,Pass,Pass,Pass,Pass,Pass,Skip,Pass,Pass,Pass,Pass,Pass,Pass,Pass,Pass,Pass,Pass,Pass,Pass,Pass,Pass,Pass,Pass,Pass,Pass,Pass,Pass,Pass,Pass,Pass,Pass,Pass,Pass,Pass,Pass,Pass,Pass,Skip,Pass,
03-03-2017,18:37:06,40.2,4,155900137445,PASS,Pass,Pass,Pass,Pass,Pass,Pass,Pass,Pass,Skip,Pass,Pass,Pass,Pass,Pass,Pass,Pass,Pass,Pass,Pass,Pass,Pass,Pass,Pass,Pass,Pass,Pass,Pass,Pass,Pass,Pass,Pass,Pass,Pass,Pass,Pass,Pass,Pass,Pass,Pass,Skip,Pass,
03-03-2017,18:37:07,50.9,1,155900137446,FAIL,Pass,Pass,Pass,Pass,Pass,Pass,Pass,Pass,Skip,Pass,Pass,Pass,Pass,Pass,Pass,Pass,Pass,Pass,Pass,Pass,Pass,Pass,Pass,Pass,Fail,,,,,,,,,,,,,,,,,
03-03-2017,18:37:26,40.8,6,155900137541,PASS,Pass,Pass,Pass,Pass,Pass,Pass,Pass,Pass,Skip,Pass,Pass,Pass,Pass,Pass,Pass,Pass,Pass,Pass,Pass,Pass,Pass,Pass,Pass,Pass,Pass,Pass,Pass,Pass,Pass,Pass,Pass,Pass,Pass,Pass,Pass,Pass,Pass,Pass,Pass,Skip,Pass,
03-03-2017,18:37:46,40.0,3,155900137542,PASS,Pass,Pass,Pass,Pass,Pass,Pass,Pass,Pass,Skip,Pass,Pass,Pass,Pass,Pass,Pass,Pass,Pass,Pass,Pass,Pass,Pass,Pass,Pass,Pass,Pass,Pass,Pass,Pass,Pass,Pass,Pass,Pass,Pass,Pass,Pass,Pass,Pass,Pass,Pass,Skip,Pass,
03-03-2017,18:37:58,50.8,2,155900137442,FAIL,Pass,Pass,Pass,Pass,Pass,Pass,Pass,Pass,Skip,Pass,Pass,Pass,Pass,Pass,Pass,Pass,Pass,Pass,Pass,Pass,Pass,Pass,Pass,Pass,Fail,,,,,,,,,,,,,,,,,
03-03-2017,18:38:07,40.7,5,155900137543,PASS,Pass,Pass,Pass,Pass,Pass,Pass,Pass,Pass,Skip,Pass,Pass,Pass,Pass,Pass,Pass,Pass,Pass,Pass,Pass,Pass,Pass,Pass,Pass,Pass,Pass,Pass,Pass,Pass,Pass,Pass,Pass,Pass,Pass,Pass,Pass,Pass,Pass,Pass,Pass,Skip,Pass,
03-03-2017,18:39:27,39.2,3,155900137544,PASS,Pass,Pass,Pass,Pass,Pass,Pass,Pass,Pass,Skip,Pass,Pass,Pass,Pass,Pass,Pass,Pass,Pass,Pass,Pass,Pass,Pass,Pass,Pass,Pass,Pass,Pass,Pass,Pass,Pass,Pass,Pass,Pass,Pass,Pass,Pass,Pass,Pass,Pass,Pass,Skip,Pass,
03-03-2017,18:39:42,41.3,5,155900137545,PASS,Pass,Pass,Pass,Pass,Pass,Pass,Pass,Pass,Skip,Pass,Pass,Pass,Pass,Pass,Pass,Pass,Pass,Pass,Pass,Pass,Pass,Pass,Pass,Pass,Pass,Pass,Pass,Pass,Pass,Pass,Pass,Pass,Pass,Pass,Pass,Pass,Pass,Pass,Pass,Skip,Pass,
03-03-2017,18:40:06,39.2,4,155900137546,PASS,Pass,Pass,Pass,Pass,Pass,Pass,Pass,Pass,Skip,Pass,Pass,Pass,Pass,Pass,Pass,Pass,Pass,Pass,Pass,Pass,Pass,Pass,Pass,Pass,Pass,Pass,Pass,Pass,Pass,Pass,Pass,Pass,Pass,Pass,Pass,Pass,Pass,Pass,Pass,Skip,Pass,
03-03-2017,18:40:22,39.9,6,155900137521,PASS,Pass,Pass,Pass,Pass,Pass,Pass,Pass,Pass,Skip,Pass,Pass,Pass,Pass,Pass,Pass,Pass,Pass,Pass,Pass,Pass,Pass,Pass,Pass,Pass,Pass,Pass,Pass,Pass,Pass,Pass,Pass,Pass,Pass,Pass,Pass,Pass,Pass,Pass,Pass,Skip,Pass,
03-03-2017,18:40:47,40.6,3,155900137522,PASS,Pass,Pass,Pass,Pass,Pass,Pass,Pass,Pass,Skip,Pass,Pass,Pass,Pass,Pass,Pass,Pass,Pass,Pass,Pass,Pass,Pass,Pass,Pass,Pass,Pass,Pass,Pass,Pass,Pass,Pass,Pass,Pass,Pass,Pass,Pass,Pass,Pass,Pass,Pass,Skip,Pass,
03-03-2017,18:41:01,39.1,5,155900137523,PASS,Pass,Pass,Pass,Pass,Pass,Pass,Pass,Pass,Skip,Pass,Pass,Pass,Pass,Pass,Pass,Pass,Pass,Pass,Pass,Pass,Pass,Pass,Pass,Pass,Pass,Pass,Pass,Pass,Pass,Pass,Pass,Pass,Pass,Pass,Pass,Pass,Pass,Pass,Pass,Skip,Pass,
03-03-2017,18:41:28,41.3,4,155900137524,PASS,Pass,Pass,Pass,Pass,Pass,Pass,Pass,Pass,Skip,Pass,Pass,Pass,Pass,Pass,Pass,Pass,Pass,Pass,Pass,Pass,Pass,Pass,Pass,Pass,Pass,Pass,Pass,Pass,Pass,Pass,Pass,Pass,Pass,Pass,Pass,Pass,Pass,Pass,Pass,Skip,Pass,
03-03-2017,18:41:42,40.8,6,155900137525,PASS,Pass,Pass,Pass,Pass,Pass,Pass,Pass,Pass,Skip,Pass,Pass,Pass,Pass,Pass,Pass,Pass,Pass,Pass,Pass,Pass,Pass,Pass,Pass,Pass,Pass,Pass,Pass,Pass,Pass,Pass,Pass,Pass,Pass,Pass,Pass,Pass,Pass,Pass,Pass,Skip,Pass,
03-03-2017,18:42:10,41.6,3,155900137526,PASS,Pass,Pass,Pass,Pass,Pass,Pass,Pass,Pass,Skip,Pass,Pass,Pass,Pass,Pass,Pass,Pass,Pass,Pass,Pass,Pass,Pass,Pass,Pass,Pass,Pass,Pass,Pass,Pass,Pass,Pass,Pass,Pass,Pass,Pass,Pass,Pass,Pass,Pass,Pass,Skip,Pass,
03-03-2017,18:42:24,41.6,5,155900137421,PASS,Pass,Pass,Pass,Pass,Pass,Pass,Pass,Pass,Skip,Pass,Pass,Pass,Pass,Pass,Pass,Pass,Pass,Pass,Pass,Pass,Pass,Pass,Pass,Pass,Pass,Pass,Pass,Pass,Pass,Pass,Pass,Pass,Pass,Pass,Pass,Pass,Pass,Pass,Pass,Skip,Pass,
03-03-2017,18:43:04,40.4,6,155900137423,PASS,Pass,Pass,Pass,Pass,Pass,Pass,Pass,Pass,Skip,Pass,Pass,Pass,Pass,Pass,Pass,Pass,Pass,Pass,Pass,Pass,Pass,Pass,Pass,Pass,Pass,Pass,Pass,Pass,Pass,Pass,Pass,Pass,Pass,Pass,Pass,Pass,Pass,Pass,Pass,Skip,Pass,
03-03-2017,18:43:05,55.1,4,155900137422,FAIL,Pass,Pass,Pass,Pass,Pass,Pass,Pass,Pass,Skip,Pass,Pass,Pass,Pass,Pass,Pass,Pass,Pass,Pass,Pass,Pass,Pass,Pass,Pass,Pass,Fail,,,,,,,,,,,,,,,,,
03-03-2017,18:43:44,39.5,5,155900137426,PASS,Pass,Pass,Pass,Pass,Pass,Pass,Pass,Pass,Skip,Pass,Pass,Pass,Pass,Pass,Pass,Pass,Pass,Pass,Pass,Pass,Pass,Pass,Pass,Pass,Pass,Pass,Pass,Pass,Pass,Pass,Pass,Pass,Pass,Pass,Pass,Pass,Pass,Pass,Pass,Skip,Pass,
03-03-2017,18:43:44,39.0,3,155900137425,PASS,Pass,Pass,Pass,Pass,Pass,Pass,Pass,Pass,Skip,Pass,Pass,Pass,Pass,Pass,Pass,Pass,Pass,Pass,Pass,Pass,Pass,Pass,Pass,Pass,Pass,Pass,Pass,Pass,Pass,Pass,Pass,Pass,Pass,Pass,Pass,Pass,Pass,Pass,Pass,Skip,Pass,
03-03-2017,18:44:24,40.0,6,155900137424,PASS,Pass,Pass,Pass,Pass,Pass,Pass,Pass,Pass,Skip,Pass,Pass,Pass,Pass,Pass,Pass,Pass,Pass,Pass,Pass,Pass,Pass,Pass,Pass,Pass,Pass,Pass,Pass,Pass,Pass,Pass,Pass,Pass,Pass,Pass,Pass,Pass,Pass,Pass,Pass,Skip,Pass,
03-03-2017,18:44:38,40.3,3,155900137561,PASS,Pass,Pass,Pass,Pass,Pass,Pass,Pass,Pass,Skip,Pass,Pass,Pass,Pass,Pass,Pass,Pass,Pass,Pass,Pass,Pass,Pass,Pass,Pass,Pass,Pass,Pass,Pass,Pass,Pass,Pass,Pass,Pass,Pass,Pass,Pass,Pass,Pass,Pass,Pass,Skip,Pass,
03-03-2017,18:45:03,39.2,5,155900137562,PASS,Pass,Pass,Pass,Pass,Pass,Pass,Pass,Pass,Skip,Pass,Pass,Pass,Pass,Pass,Pass,Pass,Pass,Pass,Pass,Pass,Pass,Pass,Pass,Pass,Pass,Pass,Pass,Pass,Pass,Pass,Pass,Pass,Pass,Pass,Pass,Pass,Pass,Pass,Pass,Skip,Pass,
03-03-2017,18:45:28,49.6,4,155900137563,FAIL,Pass,Pass,Pass,Pass,Pass,Pass,Pass,Pass,Skip,Pass,Pass,Pass,Pass,Pass,Pass,Pass,Pass,Pass,Pass,Pass,Pass,Pass,Pass,Pass,Fail,,,,,,,,,,,,,,,,,
03-03-2017,18:45:44,40.8,6,155900137564,PASS,Pass,Pass,Pass,Pass,Pass,Pass,Pass,Pass,Skip,Pass,Pass,Pass,Pass,Pass,Pass,Pass,Pass,Pass,Pass,Pass,Pass,Pass,Pass,Pass,Pass,Pass,Pass,Pass,Pass,Pass,Pass,Pass,Pass,Pass,Pass,Pass,Pass,Pass,Pass,Skip,Pass,
03-03-2017,18:46:10,41.9,3,155900137565,PASS,Pass,Pass,Pass,Pass,Pass,Pass,Pass,Pass,Skip,Pass,Pass,Pass,Pass,Pass,Pass,Pass,Pass,Pass,Pass,Pass,Pass,Pass,Pass,Pass,Pass,Pass,Pass,Pass,Pass,Pass,Pass,Pass,Pass,Pass,Pass,Pass,Pass,Pass,Pass,Skip,Pass,
03-03-2017,18:46:23,39.2,5,155900137566,PASS,Pass,Pass,Pass,Pass,Pass,Pass,Pass,Pass,Skip,Pass,Pass,Pass,Pass,Pass,Pass,Pass,Pass,Pass,Pass,Pass,Pass,Pass,Pass,Pass,Pass,Pass,Pass,Pass,Pass,Pass,Pass,Pass,Pass,Pass,Pass,Pass,Pass,Pass,Pass,Skip,Pass,
03-03-2017,18:50:28,49.9,3,155900137534,PASS,Pass,Pass,Pass,Pass,Pass,Pass,Pass,Pass,Skip,Pass,Pass,Pass,Pass,Pass,Pass,Pass,Pass,Pass,Pass,Pass,Pass,Pass,Pass,Pass,Pass,Pass,Pass,Pass,Pass,Pass,Pass,Pass,Pass,Pass,Pass,Pass,Pass,Pass,Pass,Skip,Pass,
03-03-2017,18:50:28,47.5,5,155900137533,PASS,Pass,Pass,Pass,Pass,Pass,Pass,Pass,Pass,Skip,Pass,Pass,Pass,Pass,Pass,Pass,Pass,Pass,Pass,Pass,Pass,Pass,Pass,Pass,Pass,Pass,Pass,Pass,Pass,Pass,Pass,Pass,Pass,Pass,Pass,Pass,Pass,Pass,Pass,Pass,Skip,Pass,
03-03-2017,18:50:28,52.4,1,155900137535,PASS,Pass,Pass,Pass,Pass,Pass,Pass,Pass,Pass,Skip,Pass,Pass,Pass,Pass,Pass,Pass,Pass,Pass,Pass,Pass,Pass,Pass,Pass,Pass,Pass,Pass,Pass,Pass,Pass,Pass,Pass,Pass,Pass,Pass,Pass,Pass,Pass,Pass,Pass,Pass,Skip,Pass,
03-03-2017,18:51:17,49.6,6,155900137556,PASS,Pass,Pass,Pass,Pass,Pass,Pass,Pass,Pass,Skip,Pass,Pass,Pass,Pass,Pass,Pass,Pass,Pass,Pass,Pass,Pass,Pass,Pass,Pass,Pass,Pass,Pass,Pass,Pass,Pass,Pass,Pass,Pass,Pass,Pass,Pass,Pass,Pass,Pass,Pass,Skip,Pass,
03-03-2017,18:51:18,50.9,4,155900137531,PASS,Pass,Pass,Pass,Pass,Pass,Pass,Pass,Pass,Skip,Pass,Pass,Pass,Pass,Pass,Pass,Pass,Pass,Pass,Pass,Pass,Pass,Pass,Pass,Pass,Pass,Pass,Pass,Pass,Pass,Pass,Pass,Pass,Pass,Pass,Pass,Pass,Pass,Pass,Pass,Skip,Pass,
03-03-2017,18:51:19,50.4,2,155900137532,PASS,Pass,Pass,Pass,Pass,Pass,Pass,Pass,Pass,Skip,Pass,Pass,Pass,Pass,Pass,Pass,Pass,Pass,Pass,Pass,Pass,Pass,Pass,Pass,Pass,Pass,Pass,Pass,Pass,Pass,Pass,Pass,Pass,Pass,Pass,Pass,Pass,Pass,Pass,Pass,Skip,Pass,
03-03-2017,18:54:33,48.5,1,155900137553,PASS,Pass,Pass,Pass,Pass,Pass,Pass,Pass,Pass,Skip,Pass,Pass,Pass,Pass,Pass,Pass,Pass,Pass,Pass,Pass,Pass,Pass,Pass,Pass,Pass,Pass,Pass,Pass,Pass,Pass,Pass,Pass,Pass,Pass,Pass,Pass,Pass,Pass,Pass,Pass,Skip,Pass,
03-03-2017,18:54:36,48.1,5,155900137552,PASS,Pass,Pass,Pass,Pass,Pass,Pass,Pass,Pass,Skip,Pass,Pass,Pass,Pass,Pass,Pass,Pass,Pass,Pass,Pass,Pass,Pass,Pass,Pass,Pass,Pass,Pass,Pass,Pass,Pass,Pass,Pass,Pass,Pass,Pass,Pass,Pass,Pass,Pass,Pass,Skip,Pass,
03-03-2017,18:54:38,51.0,3,155900137555,PASS,Pass,Pass,Pass,Pass,Pass,Pass,Pass,Pass,Skip,Pass,Pass,Pass,Pass,Pass,Pass,Pass,Pass,Pass,Pass,Pass,Pass,Pass,Pass,Pass,Pass,Pass,Pass,Pass,Pass,Pass,Pass,Pass,Pass,Pass,Pass,Pass,Pass,Pass,Pass,Skip,Pass,
03-03-2017,18:55:21,48.7,2,155900137554,PASS,Pass,Pass,Pass,Pass,Pass,Pass,Pass,Pass,Skip,Pass,Pass,Pass,Pass,Pass,Pass,Pass,Pass,Pass,Pass,Pass,Pass,Pass,Pass,Pass,Pass,Pass,Pass,Pass,Pass,Pass,Pass,Pass,Pass,Pass,Pass,Pass,Pass,Pass,Pass,Skip,Pass,
03-03-2017,18:55:23,47.3,6,155900137536,PASS,Pass,Pass,Pass,Pass,Pass,Pass,Pass,Pass,Skip,Pass,Pass,Pass,Pass,Pass,Pass,Pass,Pass,Pass,Pass,Pass,Pass,Pass,Pass,Pass,Pass,Pass,Pass,Pass,Pass,Pass,Pass,Pass,Pass,Pass,Pass,Pass,Pass,Pass,Pass,Skip,Pass,
03-03-2017,18:55:28,50.0,4,155900137551,PASS,Pass,Pass,Pass,Pass,Pass,Pass,Pass,Pass,Skip,Pass,Pass,Pass,Pass,Pass,Pass,Pass,Pass,Pass,Pass,Pass,Pass,Pass,Pass,Pass,Pass,Pass,Pass,Pass,Pass,Pass,Pass,Pass,Pass,Pass,Pass,Pass,Pass,Pass,Pass,Skip,Pass,
03-03-2017,18:56:36,49.8,1,155900137573,PASS,Pass,Pass,Pass,Pass,Pass,Pass,Pass,Pass,Skip,Pass,Pass,Pass,Pass,Pass,Pass,Pass,Pass,Pass,Pass,Pass,Pass,Pass,Pass,Pass,Pass,Pass,Pass,Pass,Pass,Pass,Pass,Pass,Pass,Pass,Pass,Pass,Pass,Pass,Pass,Skip,Pass,
03-03-2017,18:56:36,47.9,3,155900137572,PASS,Pass,Pass,Pass,Pass,Pass,Pass,Pass,Pass,Skip,Pass,Pass,Pass,Pass,Pass,Pass,Pass,Pass,Pass,Pass,Pass,Pass,Pass,Pass,Pass,Pass,Pass,Pass,Pass,Pass,Pass,Pass,Pass,Pass,Pass,Pass,Pass,Pass,Pass,Pass,Skip,Pass,
03-03-2017,18:56:38,46.7,5,155900137571,PASS,Pass,Pass,Pass,Pass,Pass,Pass,Pass,Pass,Skip,Pass,Pass,Pass,Pass,Pass,Pass,Pass,Pass,Pass,Pass,Pass,Pass,Pass,Pass,Pass,Pass,Pass,Pass,Pass,Pass,Pass,Pass,Pass,Pass,Pass,Pass,Pass,Pass,Pass,Pass,Skip,Pass,
03-03-2017,18:58:07,47.1,4,155900137575,PASS,Pass,Pass,Pass,Pass,Pass,Pass,Pass,Pass,Skip,Pass,Pass,Pass,Pass,Pass,Pass,Pass,Pass,Pass,Pass,Pass,Pass,Pass,Pass,Pass,Pass,Pass,Pass,Pass,Pass,Pass,Pass,Pass,Pass,Pass,Pass,Pass,Pass,Pass,Pass,Skip,Pass,
03-03-2017,18:58:07,49.9,2,155900137576,PASS,Pass,Pass,Pass,Pass,Pass,Pass,Pass,Pass,Skip,Pass,Pass,Pass,Pass,Pass,Pass,Pass,Pass,Pass,Pass,Pass,Pass,Pass,Pass,Pass,Pass,Pass,Pass,Pass,Pass,Pass,Pass,Pass,Pass,Pass,Pass,Pass,Pass,Pass,Pass,Skip,Pass,
03-03-2017,18:58:08,47.1,6,155900137574,PASS,Pass,Pass,Pass,Pass,Pass,Pass,Pass,Pass,Skip,Pass,Pass,Pass,Pass,Pass,Pass,Pass,Pass,Pass,Pass,Pass,Pass,Pass,Pass,Pass,Pass,Pass,Pass,Pass,Pass,Pass,Pass,Pass,Pass,Pass,Pass,Pass,Pass,Pass,Pass,Skip,Pass,
03-03-2017,19:30:44,50.5,1,155900137581,PASS,Pass,Pass,Pass,Pass,Pass,Pass,Pass,Pass,Skip,Pass,Pass,Pass,Pass,Pass,Pass,Pass,Pass,Pass,Pass,Pass,Pass,Pass,Pass,Pass,Pass,Pass,Pass,Pass,Pass,Pass,Pass,Pass,Pass,Pass,Pass,Pass,Pass,Pass,Pass,Skip,Pass,
03-03-2017,19:31:28,50.4,3,155900137582,PASS,Pass,Pass,Pass,Pass,Pass,Pass,Pass,Pass,Skip,Pass,Pass,Pass,Pass,Pass,Pass,Pass,Pass,Pass,Pass,Pass,Pass,Pass,Pass,Pass,Pass,Pass,Pass,Pass,Pass,Pass,Pass,Pass,Pass,Pass,Pass,Pass,Pass,Pass,Pass,Skip,Pass,
03-03-2017,19:31:43,50.7,5,155900137583,PASS,Pass,Pass,Pass,Pass,Pass,Pass,Pass,Pass,Skip,Pass,Pass,Pass,Pass,Pass,Pass,Pass,Pass,Pass,Pass,Pass,Pass,Pass,Pass,Pass,Pass,Pass,Pass,Pass,Pass,Pass,Pass,Pass,Pass,Pass,Pass,Pass,Pass,Pass,Pass,Skip,Pass,
03-03-2017,19:32:40,49.2,1,155900137585,PASS,Pass,Pass,Pass,Pass,Pass,Pass,Pass,Pass,Skip,Pass,Pass,Pass,Pass,Pass,Pass,Pass,Pass,Pass,Pass,Pass,Pass,Pass,Pass,Pass,Pass,Pass,Pass,Pass,Pass,Pass,Pass,Pass,Pass,Pass,Pass,Pass,Pass,Pass,Pass,Skip,Pass,
03-03-2017,19:32:49,49.8,3,155900137586,PASS,Pass,Pass,Pass,Pass,Pass,Pass,Pass,Pass,Skip,Pass,Pass,Pass,Pass,Pass,Pass,Pass,Pass,Pass,Pass,Pass,Pass,Pass,Pass,Pass,Pass,Pass,Pass,Pass,Pass,Pass,Pass,Pass,Pass,Pass,Pass,Pass,Pass,Pass,Pass,Skip,Pass,
03-03-2017,19:32:50,47.6,5,155900137584,PASS,Pass,Pass,Pass,Pass,Pass,Pass,Pass,Pass,Skip,Pass,Pass,Pass,Pass,Pass,Pass,Pass,Pass,Pass,Pass,Pass,Pass,Pass,Pass,Pass,Pass,Pass,Pass,Pass,Pass,Pass,Pass,Pass,Pass,Pass,Pass,Pass,Pass,Pass,Pass,Skip,Pass,
03-03-2017,19:33:30,49.9,2,155900137591,PASS,Pass,Pass,Pass,Pass,Pass,Pass,Pass,Pass,Skip,Pass,Pass,Pass,Pass,Pass,Pass,Pass,Pass,Pass,Pass,Pass,Pass,Pass,Pass,Pass,Pass,Pass,Pass,Pass,Pass,Pass,Pass,Pass,Pass,Pass,Pass,Pass,Pass,Pass,Pass,Skip,Pass,
03-03-2017,19:33:39,50.1,4,155900137592,PASS,Pass,Pass,Pass,Pass,Pass,Pass,Pass,Pass,Skip,Pass,Pass,Pass,Pass,Pass,Pass,Pass,Pass,Pass,Pass,Pass,Pass,Pass,Pass,Pass,Pass,Pass,Pass,Pass,Pass,Pass,Pass,Pass,Pass,Pass,Pass,Pass,Pass,Pass,Pass,Skip,Pass,
03-03-2017,19:33:40,49.9,6,155900137593,PASS,Pass,Pass,Pass,Pass,Pass,Pass,Pass,Pass,Skip,Pass,Pass,Pass,Pass,Pass,Pass,Pass,Pass,Pass,Pass,Pass,Pass,Pass,Pass,Pass,Pass,Pass,Pass,Pass,Pass,Pass,Pass,Pass,Pass,Pass,Pass,Pass,Pass,Pass,Pass,Skip,Pass,
03-03-2017,19:34:13,42.8,1,155900137594,PASS,Pass,Pass,Pass,Pass,Pass,Pass,Pass,Pass,Skip,Pass,Pass,Pass,Pass,Pass,Pass,Pass,Pass,Pass,Pass,Pass,Pass,Pass,Pass,Pass,Pass,Pass,Pass,Pass,Pass,Pass,Pass,Pass,Pass,Pass,Pass,Pass,Pass,Pass,Pass,Skip,Pass,
03-03-2017,19:34:19,40.5,3,155900137595,PASS,Pass,Pass,Pass,Pass,Pass,Pass,Pass,Pass,Skip,Pass,Pass,Pass,Pass,Pass,Pass,Pass,Pass,Pass,Pass,Pass,Pass,Pass,Pass,Pass,Pass,Pass,Pass,Pass,Pass,Pass,Pass,Pass,Pass,Pass,Pass,Pass,Pass,Pass,Pass,Skip,Pass,
03-03-2017,19:34:22,42.0,5,155900137596,PASS,Pass,Pass,Pass,Pass,Pass,Pass,Pass,Pass,Skip,Pass,Pass,Pass,Pass,Pass,Pass,Pass,Pass,Pass,Pass,Pass,Pass,Pass,Pass,Pass,Pass,Pass,Pass,Pass,Pass,Pass,Pass,Pass,Pass,Pass,Pass,Pass,Pass,Pass,Pass,Skip,Pass,
03-03-2017,19:34:55,41.9,2,155900137601,PASS,Pass,Pass,Pass,Pass,Pass,Pass,Pass,Pass,Skip,Pass,Pass,Pass,Pass,Pass,Pass,Pass,Pass,Pass,Pass,Pass,Pass,Pass,Pass,Pass,Pass,Pass,Pass,Pass,Pass,Pass,Pass,Pass,Pass,Pass,Pass,Pass,Pass,Pass,Pass,Skip,Pass,
03-03-2017,19:35:01,41.2,4,155900137602,PASS,Pass,Pass,Pass,Pass,Pass,Pass,Pass,Pass,Skip,Pass,Pass,Pass,Pass,Pass,Pass,Pass,Pass,Pass,Pass,Pass,Pass,Pass,Pass,Pass,Pass,Pass,Pass,Pass,Pass,Pass,Pass,Pass,Pass,Pass,Pass,Pass,Pass,Pass,Pass,Skip,Pass,
03-03-2017,19:35:06,42.2,6,155900137603,PASS,Pass,Pass,Pass,Pass,Pass,Pass,Pass,Pass,Skip,Pass,Pass,Pass,Pass,Pass,Pass,Pass,Pass,Pass,Pass,Pass,Pass,Pass,Pass,Pass,Pass,Pass,Pass,Pass,Pass,Pass,Pass,Pass,Pass,Pass,Pass,Pass,Pass,Pass,Pass,Skip,Pass,
03-03-2017,19:36:27,39.8,5,155900137612,PASS,Pass,Pass,Pass,Pass,Pass,Pass,Pass,Pass,Skip,Pass,Pass,Pass,Pass,Pass,Pass,Pass,Pass,Pass,Pass,Pass,Pass,Pass,Pass,Pass,Pass,Pass,Pass,Pass,Pass,Pass,Pass,Pass,Pass,Pass,Pass,Pass,Pass,Pass,Pass,Skip,Pass,
03-03-2017,19:36:35,41.5,1,155900137606,PASS,Pass,Pass,Pass,Pass,Pass,Pass,Pass,Pass,Skip,Pass,Pass,Pass,Pass,Pass,Pass,Pass,Pass,Pass,Pass,Pass,Pass,Pass,Pass,Pass,Pass,Pass,Pass,Pass,Pass,Pass,Pass,Pass,Pass,Pass,Pass,Pass,Pass,Pass,Pass,Skip,Pass,
03-03-2017,19:36:35,39.5,3,155900137611,PASS,Pass,Pass,Pass,Pass,Pass,Pass,Pass,Pass,Skip,Pass,Pass,Pass,Pass,Pass,Pass,Pass,Pass,Pass,Pass,Pass,Pass,Pass,Pass,Pass,Pass,Pass,Pass,Pass,Pass,Pass,Pass,Pass,Pass,Pass,Pass,Pass,Pass,Pass,Pass,Skip,Pass,
03-03-2017,19:37:06,39.3,6,155900137613,PASS,Pass,Pass,Pass,Pass,Pass,Pass,Pass,Pass,Skip,Pass,Pass,Pass,Pass,Pass,Pass,Pass,Pass,Pass,Pass,Pass,Pass,Pass,Pass,Pass,Pass,Pass,Pass,Pass,Pass,Pass,Pass,Pass,Pass,Pass,Pass,Pass,Pass,Pass,Pass,Skip,Pass,
03-03-2017,19:37:15,40.3,2,155900137605,PASS,Pass,Pass,Pass,Pass,Pass,Pass,Pass,Pass,Skip,Pass,Pass,Pass,Pass,Pass,Pass,Pass,Pass,Pass,Pass,Pass,Pass,Pass,Pass,Pass,Pass,Pass,Pass,Pass,Pass,Pass,Pass,Pass,Pass,Pass,Pass,Pass,Pass,Pass,Pass,Skip,Pass,
03-03-2017,19:37:17,42.2,4,155900137604,PASS,Pass,Pass,Pass,Pass,Pass,Pass,Pass,Pass,Skip,Pass,Pass,Pass,Pass,Pass,Pass,Pass,Pass,Pass,Pass,Pass,Pass,Pass,Pass,Pass,Pass,Pass,Pass,Pass,Pass,Pass,Pass,Pass,Pass,Pass,Pass,Pass,Pass,Pass,Pass,Skip,Pass,
03-03-2017,19:37:48,42.0,5,155900137614,PASS,Pass,Pass,Pass,Pass,Pass,Pass,Pass,Pass,Skip,Pass,Pass,Pass,Pass,Pass,Pass,Pass,Pass,Pass,Pass,Pass,Pass,Pass,Pass,Pass,Pass,Pass,Pass,Pass,Pass,Pass,Pass,Pass,Pass,Pass,Pass,Pass,Pass,Pass,Pass,Skip,Pass,
03-03-2017,19:37:56,40.9,1,155900137616,PASS,Pass,Pass,Pass,Pass,Pass,Pass,Pass,Pass,Skip,Pass,Pass,Pass,Pass,Pass,Pass,Pass,Pass,Pass,Pass,Pass,Pass,Pass,Pass,Pass,Pass,Pass,Pass,Pass,Pass,Pass,Pass,Pass,Pass,Pass,Pass,Pass,Pass,Pass,Pass,Skip,Pass,
03-03-2017,19:37:56,39.1,3,155900137615,PASS,Pass,Pass,Pass,Pass,Pass,Pass,Pass,Pass,Skip,Pass,Pass,Pass,Pass,Pass,Pass,Pass,Pass,Pass,Pass,Pass,Pass,Pass,Pass,Pass,Pass,Pass,Pass,Pass,Pass,Pass,Pass,Pass,Pass,Pass,Pass,Pass,Pass,Pass,Pass,Skip,Pass,
03-03-2017,19:38:48,40.7,2,155900137634,PASS,Pass,Pass,Pass,Pass,Pass,Pass,Pass,Pass,Skip,Pass,Pass,Pass,Pass,Pass,Pass,Pass,Pass,Pass,Pass,Pass,Pass,Pass,Pass,Pass,Pass,Pass,Pass,Pass,Pass,Pass,Pass,Pass,Pass,Pass,Pass,Pass,Pass,Pass,Pass,Skip,Pass,
03-03-2017,19:38:50,40.0,4,155900137633,PASS,Pass,Pass,Pass,Pass,Pass,Pass,Pass,Pass,Skip,Pass,Pass,Pass,Pass,Pass,Pass,Pass,Pass,Pass,Pass,Pass,Pass,Pass,Pass,Pass,Pass,Pass,Pass,Pass,Pass,Pass,Pass,Pass,Pass,Pass,Pass,Pass,Pass,Pass,Pass,Skip,Pass,
03-03-2017,19:38:52,40.0,6,155900137632,PASS,Pass,Pass,Pass,Pass,Pass,Pass,Pass,Pass,Skip,Pass,Pass,Pass,Pass,Pass,Pass,Pass,Pass,Pass,Pass,Pass,Pass,Pass,Pass,Pass,Pass,Pass,Pass,Pass,Pass,Pass,Pass,Pass,Pass,Pass,Pass,Pass,Pass,Pass,Pass,Skip,Pass,
03-03-2017,19:39:27,39.0,1,155900137636,PASS,Pass,Pass,Pass,Pass,Pass,Pass,Pass,Pass,Skip,Pass,Pass,Pass,Pass,Pass,Pass,Pass,Pass,Pass,Pass,Pass,Pass,Pass,Pass,Pass,Pass,Pass,Pass,Pass,Pass,Pass,Pass,Pass,Pass,Pass,Pass,Pass,Pass,Pass,Pass,Skip,Pass,
03-03-2017,19:39:29,39.2,3,155900137635,PASS,Pass,Pass,Pass,Pass,Pass,Pass,Pass,Pass,Skip,Pass,Pass,Pass,Pass,Pass,Pass,Pass,Pass,Pass,Pass,Pass,Pass,Pass,Pass,Pass,Pass,Pass,Pass,Pass,Pass,Pass,Pass,Pass,Pass,Pass,Pass,Pass,Pass,Pass,Pass,Skip,Pass,
03-03-2017,19:39:35,42.4,5,155900137631,PASS,Pass,Pass,Pass,Pass,Pass,Pass,Pass,Pass,Skip,Pass,Pass,Pass,Pass,Pass,Pass,Pass,Pass,Pass,Pass,Pass,Pass,Pass,Pass,Pass,Pass,Pass,Pass,Pass,Pass,Pass,Pass,Pass,Pass,Pass,Pass,Pass,Pass,Pass,Pass,Skip,Pass,
03-03-2017,19:40:29,39.9,1,155900136885,PASS,Pass,Pass,Pass,Pass,Pass,Pass,Pass,Pass,Skip,Pass,Pass,Pass,Pass,Pass,Pass,Pass,Pass,Pass,Pass,Pass,Pass,Pass,Pass,Pass,Pass,Pass,Pass,Pass,Pass,Pass,Pass,Pass,Pass,Pass,Pass,Pass,Pass,Pass,Pass,Skip,Pass,
03-03-2017,19:40:34,41.2,3,155900136884,PASS,Pass,Pass,Pass,Pass,Pass,Pass,Pass,Pass,Skip,Pass,Pass,Pass,Pass,Pass,Pass,Pass,Pass,Pass,Pass,Pass,Pass,Pass,Pass,Pass,Pass,Pass,Pass,Pass,Pass,Pass,Pass,Pass,Pass,Pass,Pass,Pass,Pass,Pass,Pass,Skip,Pass,
03-03-2017,19:40:34,40.6,5,155900136883,PASS,Pass,Pass,Pass,Pass,Pass,Pass,Pass,Pass,Skip,Pass,Pass,Pass,Pass,Pass,Pass,Pass,Pass,Pass,Pass,Pass,Pass,Pass,Pass,Pass,Pass,Pass,Pass,Pass,Pass,Pass,Pass,Pass,Pass,Pass,Pass,Pass,Pass,Pass,Pass,Skip,Pass,
03-03-2017,19:41:08,38.8,2,155900136871,PASS,Pass,Pass,Pass,Pass,Pass,Pass,Pass,Pass,Skip,Pass,Pass,Pass,Pass,Pass,Pass,Pass,Pass,Pass,Pass,Pass,Pass,Pass,Pass,Pass,Pass,Pass,Pass,Pass,Pass,Pass,Pass,Pass,Pass,Pass,Pass,Pass,Pass,Pass,Pass,Skip,Pass,
03-03-2017,19:41:13,39.1,6,155900136882,PASS,Pass,Pass,Pass,Pass,Pass,Pass,Pass,Pass,Skip,Pass,Pass,Pass,Pass,Pass,Pass,Pass,Pass,Pass,Pass,Pass,Pass,Pass,Pass,Pass,Pass,Pass,Pass,Pass,Pass,Pass,Pass,Pass,Pass,Pass,Pass,Pass,Pass,Pass,Pass,Skip,Pass,
03-03-2017,19:41:14,39.6,4,155900136886,PASS,Pass,Pass,Pass,Pass,Pass,Pass,Pass,Pass,Skip,Pass,Pass,Pass,Pass,Pass,Pass,Pass,Pass,Pass,Pass,Pass,Pass,Pass,Pass,Pass,Pass,Pass,Pass,Pass,Pass,Pass,Pass,Pass,Pass,Pass,Pass,Pass,Pass,Pass,Pass,Skip,Pass,
03-03-2017,19:41:48,39.2,1,155900136873,PASS,Pass,Pass,Pass,Pass,Pass,Pass,Pass,Pass,Skip,Pass,Pass,Pass,Pass,Pass,Pass,Pass,Pass,Pass,Pass,Pass,Pass,Pass,Pass,Pass,Pass,Pass,Pass,Pass,Pass,Pass,Pass,Pass,Pass,Pass,Pass,Pass,Pass,Pass,Pass,Skip,Pass,
03-03-2017,19:41:54,40.0,5,155900136881,PASS,Pass,Pass,Pass,Pass,Pass,Pass,Pass,Pass,Skip,Pass,Pass,Pass,Pass,Pass,Pass,Pass,Pass,Pass,Pass,Pass,Pass,Pass,Pass,Pass,Pass,Pass,Pass,Pass,Pass,Pass,Pass,Pass,Pass,Pass,Pass,Pass,Pass,Pass,Pass,Skip,Pass,
03-03-2017,19:41:57,43.0,3,155900136872,PASS,Pass,Pass,Pass,Pass,Pass,Pass,Pass,Pass,Skip,Pass,Pass,Pass,Pass,Pass,Pass,Pass,Pass,Pass,Pass,Pass,Pass,Pass,Pass,Pass,Pass,Pass,Pass,Pass,Pass,Pass,Pass,Pass,Pass,Pass,Pass,Pass,Pass,Pass,Pass,Skip,Pass,
03-03-2017,19:42:28,39.9,2,155900136876,PASS,Pass,Pass,Pass,Pass,Pass,Pass,Pass,Pass,Skip,Pass,Pass,Pass,Pass,Pass,Pass,Pass,Pass,Pass,Pass,Pass,Pass,Pass,Pass,Pass,Pass,Pass,Pass,Pass,Pass,Pass,Pass,Pass,Pass,Pass,Pass,Pass,Pass,Pass,Pass,Skip,Pass,
03-03-2017,19:42:34,40.1,6,155900136874,PASS,Pass,Pass,Pass,Pass,Pass,Pass,Pass,Pass,Skip,Pass,Pass,Pass,Pass,Pass,Pass,Pass,Pass,Pass,Pass,Pass,Pass,Pass,Pass,Pass,Pass,Pass,Pass,Pass,Pass,Pass,Pass,Pass,Pass,Pass,Pass,Pass,Pass,Pass,Pass,Skip,Pass,
03-03-2017,19:42:37,39.8,4,155900136875,PASS,Pass,Pass,Pass,Pass,Pass,Pass,Pass,Pass,Skip,Pass,Pass,Pass,Pass,Pass,Pass,Pass,Pass,Pass,Pass,Pass,Pass,Pass,Pass,Pass,Pass,Pass,Pass,Pass,Pass,Pass,Pass,Pass,Pass,Pass,Pass,Pass,Pass,Pass,Pass,Skip,Pass,
03-03-2017,19:43:08,40.2,1,155900136913,PASS,Pass,Pass,Pass,Pass,Pass,Pass,Pass,Pass,Skip,Pass,Pass,Pass,Pass,Pass,Pass,Pass,Pass,Pass,Pass,Pass,Pass,Pass,Pass,Pass,Pass,Pass,Pass,Pass,Pass,Pass,Pass,Pass,Pass,Pass,Pass,Pass,Pass,Pass,Pass,Skip,Pass,
03-03-2017,19:43:13,39.3,5,155900136912,PASS,Pass,Pass,Pass,Pass,Pass,Pass,Pass,Pass,Skip,Pass,Pass,Pass,Pass,Pass,Pass,Pass,Pass,Pass,Pass,Pass,Pass,Pass,Pass,Pass,Pass,Pass,Pass,Pass,Pass,Pass,Pass,Pass,Pass,Pass,Pass,Pass,Pass,Pass,Pass,Skip,Pass,
03-03-2017,19:43:17,40.1,3,155900136911,PASS,Pass,Pass,Pass,Pass,Pass,Pass,Pass,Pass,Skip,Pass,Pass,Pass,Pass,Pass,Pass,Pass,Pass,Pass,Pass,Pass,Pass,Pass,Pass,Pass,Pass,Pass,Pass,Pass,Pass,Pass,Pass,Pass,Pass,Pass,Pass,Pass,Pass,Pass,Pass,Skip,Pass,
03-03-2017,19:43:48,39.8,2,155900136916,PASS,Pass,Pass,Pass,Pass,Pass,Pass,Pass,Pass,Skip,Pass,Pass,Pass,Pass,Pass,Pass,Pass,Pass,Pass,Pass,Pass,Pass,Pass,Pass,Pass,Pass,Pass,Pass,Pass,Pass,Pass,Pass,Pass,Pass,Pass,Pass,Pass,Pass,Pass,Pass,Skip,Pass,
03-03-2017,19:43:53,40.0,6,155900136915,PASS,Pass,Pass,Pass,Pass,Pass,Pass,Pass,Pass,Skip,Pass,Pass,Pass,Pass,Pass,Pass,Pass,Pass,Pass,Pass,Pass,Pass,Pass,Pass,Pass,Pass,Pass,Pass,Pass,Pass,Pass,Pass,Pass,Pass,Pass,Pass,Pass,Pass,Pass,Pass,Skip,Pass,
03-03-2017,19:43:56,39.4,4,155900136914,PASS,Pass,Pass,Pass,Pass,Pass,Pass,Pass,Pass,Skip,Pass,Pass,Pass,Pass,Pass,Pass,Pass,Pass,Pass,Pass,Pass,Pass,Pass,Pass,Pass,Pass,Pass,Pass,Pass,Pass,Pass,Pass,Pass,Pass,Pass,Pass,Pass,Pass,Pass,Pass,Skip,Pass,
03-03-2017,19:44:45,40.1,1,155900136944,PASS,Pass,Pass,Pass,Pass,Pass,Pass,Pass,Pass,Skip,Pass,Pass,Pass,Pass,Pass,Pass,Pass,Pass,Pass,Pass,Pass,Pass,Pass,Pass,Pass,Pass,Pass,Pass,Pass,Pass,Pass,Pass,Pass,Pass,Pass,Pass,Pass,Pass,Pass,Pass,Skip,Pass,
03-03-2017,19:44:46,39.7,3,155900136943,PASS,Pass,Pass,Pass,Pass,Pass,Pass,Pass,Pass,Skip,Pass,Pass,Pass,Pass,Pass,Pass,Pass,Pass,Pass,Pass,Pass,Pass,Pass,Pass,Pass,Pass,Pass,Pass,Pass,Pass,Pass,Pass,Pass,Pass,Pass,Pass,Pass,Pass,Pass,Pass,Skip,Pass,
03-03-2017,19:44:47,39.7,5,155900136942,PASS,Pass,Pass,Pass,Pass,Pass,Pass,Pass,Pass,Skip,Pass,Pass,Pass,Pass,Pass,Pass,Pass,Pass,Pass,Pass,Pass,Pass,Pass,Pass,Pass,Pass,Pass,Pass,Pass,Pass,Pass,Pass,Pass,Pass,Pass,Pass,Pass,Pass,Pass,Pass,Skip,Pass,
03-03-2017,19:45:30,40.1,2,155900136921,PASS,Pass,Pass,Pass,Pass,Pass,Pass,Pass,Pass,Skip,Pass,Pass,Pass,Pass,Pass,Pass,Pass,Pass,Pass,Pass,Pass,Pass,Pass,Pass,Pass,Pass,Pass,Pass,Pass,Pass,Pass,Pass,Pass,Pass,Pass,Pass,Pass,Pass,Pass,Pass,Skip,Pass,
03-03-2017,19:45:31,39.9,4,155900136946,PASS,Pass,Pass,Pass,Pass,Pass,Pass,Pass,Pass,Skip,Pass,Pass,Pass,Pass,Pass,Pass,Pass,Pass,Pass,Pass,Pass,Pass,Pass,Pass,Pass,Pass,Pass,Pass,Pass,Pass,Pass,Pass,Pass,Pass,Pass,Pass,Pass,Pass,Pass,Pass,Skip,Pass,
03-03-2017,19:45:34,40.2,6,155900136945,PASS,Pass,Pass,Pass,Pass,Pass,Pass,Pass,Pass,Skip,Pass,Pass,Pass,Pass,Pass,Pass,Pass,Pass,Pass,Pass,Pass,Pass,Pass,Pass,Pass,Pass,Pass,Pass,Pass,Pass,Pass,Pass,Pass,Pass,Pass,Pass,Pass,Pass,Pass,Pass,Skip,Pass,
03-03-2017,19:46:11,40.8,1,155900136923,PASS,Pass,Pass,Pass,Pass,Pass,Pass,Pass,Pass,Skip,Pass,Pass,Pass,Pass,Pass,Pass,Pass,Pass,Pass,Pass,Pass,Pass,Pass,Pass,Pass,Pass,Pass,Pass,Pass,Pass,Pass,Pass,Pass,Pass,Pass,Pass,Pass,Pass,Pass,Pass,Skip,Pass,
03-03-2017,19:46:11,39.8,3,155900136922,PASS,Pass,Pass,Pass,Pass,Pass,Pass,Pass,Pass,Skip,Pass,Pass,Pass,Pass,Pass,Pass,Pass,Pass,Pass,Pass,Pass,Pass,Pass,Pass,Pass,Pass,Pass,Pass,Pass,Pass,Pass,Pass,Pass,Pass,Pass,Pass,Pass,Pass,Pass,Pass,Skip,Pass,
03-03-2017,19:46:15,40.8,5,155900136941,PASS,Pass,Pass,Pass,Pass,Pass,Pass,Pass,Pass,Skip,Pass,Pass,Pass,Pass,Pass,Pass,Pass,Pass,Pass,Pass,Pass,Pass,Pass,Pass,Pass,Pass,Pass,Pass,Pass,Pass,Pass,Pass,Pass,Pass,Pass,Pass,Pass,Pass,Pass,Pass,Skip,Pass,
03-03-2017,19:46:51,40.1,2,155900136926,PASS,Pass,Pass,Pass,Pass,Pass,Pass,Pass,Pass,Skip,Pass,Pass,Pass,Pass,Pass,Pass,Pass,Pass,Pass,Pass,Pass,Pass,Pass,Pass,Pass,Pass,Pass,Pass,Pass,Pass,Pass,Pass,Pass,Pass,Pass,Pass,Pass,Pass,Pass,Pass,Skip,Pass,
03-03-2017,19:46:51,39.9,4,155900136925,PASS,Pass,Pass,Pass,Pass,Pass,Pass,Pass,Pass,Skip,Pass,Pass,Pass,Pass,Pass,Pass,Pass,Pass,Pass,Pass,Pass,Pass,Pass,Pass,Pass,Pass,Pass,Pass,Pass,Pass,Pass,Pass,Pass,Pass,Pass,Pass,Pass,Pass,Pass,Pass,Skip,Pass,
03-03-2017,19:46:55,39.9,6,155900136924,PASS,Pass,Pass,Pass,Pass,Pass,Pass,Pass,Pass,Skip,Pass,Pass,Pass,Pass,Pass,Pass,Pass,Pass,Pass,Pass,Pass,Pass,Pass,Pass,Pass,Pass,Pass,Pass,Pass,Pass,Pass,Pass,Pass,Pass,Pass,Pass,Pass,Pass,Pass,Pass,Skip,Pass,
03-03-2017,19:47:34,39.2,1,155900136953,PASS,Pass,Pass,Pass,Pass,Pass,Pass,Pass,Pass,Skip,Pass,Pass,Pass,Pass,Pass,Pass,Pass,Pass,Pass,Pass,Pass,Pass,Pass,Pass,Pass,Pass,Pass,Pass,Pass,Pass,Pass,Pass,Pass,Pass,Pass,Pass,Pass,Pass,Pass,Pass,Skip,Pass,
03-03-2017,19:47:36,39.3,3,155900136951,PASS,Pass,Pass,Pass,Pass,Pass,Pass,Pass,Pass,Skip,Pass,Pass,Pass,Pass,Pass,Pass,Pass,Pass,Pass,Pass,Pass,Pass,Pass,Pass,Pass,Pass,Pass,Pass,Pass,Pass,Pass,Pass,Pass,Pass,Pass,Pass,Pass,Pass,Pass,Pass,Skip,Pass,
03-03-2017,19:47:38,39.1,5,155900136952,PASS,Pass,Pass,Pass,Pass,Pass,Pass,Pass,Pass,Skip,Pass,Pass,Pass,Pass,Pass,Pass,Pass,Pass,Pass,Pass,Pass,Pass,Pass,Pass,Pass,Pass,Pass,Pass,Pass,Pass,Pass,Pass,Pass,Pass,Pass,Pass,Pass,Pass,Pass,Pass,Skip,Pass,
03-03-2017,19:48:47,39.7,3,155900136954,PASS,Pass,Pass,Pass,Pass,Pass,Pass,Pass,Pass,Skip,Pass,Pass,Pass,Pass,Pass,Pass,Pass,Pass,Pass,Pass,Pass,Pass,Pass,Pass,Pass,Pass,Pass,Pass,Pass,Pass,Pass,Pass,Pass,Pass,Pass,Pass,Pass,Pass,Pass,Pass,Skip,Pass,
03-03-2017,19:48:47,40.8,1,155900136955,PASS,Pass,Pass,Pass,Pass,Pass,Pass,Pass,Pass,Skip,Pass,Pass,Pass,Pass,Pass,Pass,Pass,Pass,Pass,Pass,Pass,Pass,Pass,Pass,Pass,Pass,Pass,Pass,Pass,Pass,Pass,Pass,Pass,Pass,Pass,Pass,Pass,Pass,Pass,Pass,Skip,Pass,
03-03-2017,19:48:55,39.9,5,155900136956,PASS,Pass,Pass,Pass,Pass,Pass,Pass,Pass,Pass,Skip,Pass,Pass,Pass,Pass,Pass,Pass,Pass,Pass,Pass,Pass,Pass,Pass,Pass,Pass,Pass,Pass,Pass,Pass,Pass,Pass,Pass,Pass,Pass,Pass,Pass,Pass,Pass,Pass,Pass,Pass,Skip,Pass,
03-03-2017,19:49:28,41.1,2,155900136732,PASS,Pass,Pass,Pass,Pass,Pass,Pass,Pass,Pass,Skip,Pass,Pass,Pass,Pass,Pass,Pass,Pass,Pass,Pass,Pass,Pass,Pass,Pass,Pass,Pass,Pass,Pass,Pass,Pass,Pass,Pass,Pass,Pass,Pass,Pass,Pass,Pass,Pass,Pass,Pass,Skip,Pass,
03-03-2017,19:49:29,39.9,4,155900136731,PASS,Pass,Pass,Pass,Pass,Pass,Pass,Pass,Pass,Skip,Pass,Pass,Pass,Pass,Pass,Pass,Pass,Pass,Pass,Pass,Pass,Pass,Pass,Pass,Pass,Pass,Pass,Pass,Pass,Pass,Pass,Pass,Pass,Pass,Pass,Pass,Pass,Pass,Pass,Pass,Skip,Pass,
03-03-2017,19:49:39,40.1,6,155900136734,PASS,Pass,Pass,Pass,Pass,Pass,Pass,Pass,Pass,Skip,Pass,Pass,Pass,Pass,Pass,Pass,Pass,Pass,Pass,Pass,Pass,Pass,Pass,Pass,Pass,Pass,Pass,Pass,Pass,Pass,Pass,Pass,Pass,Pass,Pass,Pass,Pass,Pass,Pass,Pass,Skip,Pass,
03-03-2017,19:50:44,39.8,1,155900136971,PASS,Pass,Pass,Pass,Pass,Pass,Pass,Pass,Pass,Skip,Pass,Pass,Pass,Pass,Pass,Pass,Pass,Pass,Pass,Pass,Pass,Pass,Pass,Pass,Pass,Pass,Pass,Pass,Pass,Pass,Pass,Pass,Pass,Pass,Pass,Pass,Pass,Pass,Pass,Pass,Skip,Pass,
03-03-2017,19:50:47,40.0,3,155900136735,PASS,Pass,Pass,Pass,Pass,Pass,Pass,Pass,Pass,Skip,Pass,Pass,Pass,Pass,Pass,Pass,Pass,Pass,Pass,Pass,Pass,Pass,Pass,Pass,Pass,Pass,Pass,Pass,Pass,Pass,Pass,Pass,Pass,Pass,Pass,Pass,Pass,Pass,Pass,Pass,Skip,Pass,
03-03-2017,19:50:47,39.0,5,155900136736,PASS,Pass,Pass,Pass,Pass,Pass,Pass,Pass,Pass,Skip,Pass,Pass,Pass,Pass,Pass,Pass,Pass,Pass,Pass,Pass,Pass,Pass,Pass,Pass,Pass,Pass,Pass,Pass,Pass,Pass,Pass,Pass,Pass,Pass,Pass,Pass,Pass,Pass,Pass,Pass,Skip,Pass,
03-03-2017,19:51:25,40.1,2,155900136973,PASS,Pass,Pass,Pass,Pass,Pass,Pass,Pass,Pass,Skip,Pass,Pass,Pass,Pass,Pass,Pass,Pass,Pass,Pass,Pass,Pass,Pass,Pass,Pass,Pass,Pass,Pass,Pass,Pass,Pass,Pass,Pass,Pass,Pass,Pass,Pass,Pass,Pass,Pass,Pass,Skip,Pass,
03-03-2017,19:51:27,39.8,4,155900136972,PASS,Pass,Pass,Pass,Pass,Pass,Pass,Pass,Pass,Skip,Pass,Pass,Pass,Pass,Pass,Pass,Pass,Pass,Pass,Pass,Pass,Pass,Pass,Pass,Pass,Pass,Pass,Pass,Pass,Pass,Pass,Pass,Pass,Pass,Pass,Pass,Pass,Pass,Pass,Pass,Skip,Pass,
03-03-2017,19:51:32,41.0,6,155900136974,PASS,Pass,Pass,Pass,Pass,Pass,Pass,Pass,Pass,Skip,Pass,Pass,Pass,Pass,Pass,Pass,Pass,Pass,Pass,Pass,Pass,Pass,Pass,Pass,Pass,Pass,Pass,Pass,Pass,Pass,Pass,Pass,Pass,Pass,Pass,Pass,Pass,Pass,Pass,Pass,Skip,Pass,
03-03-2017,19:52:18,39.7,1,155900136981,PASS,Pass,Pass,Pass,Pass,Pass,Pass,Pass,Pass,Skip,Pass,Pass,Pass,Pass,Pass,Pass,Pass,Pass,Pass,Pass,Pass,Pass,Pass,Pass,Pass,Pass,Pass,Pass,Pass,Pass,Pass,Pass,Pass,Pass,Pass,Pass,Pass,Pass,Pass,Pass,Skip,Pass,
03-03-2017,19:52:20,41.3,3,155900136976,PASS,Pass,Pass,Pass,Pass,Pass,Pass,Pass,Pass,Skip,Pass,Pass,Pass,Pass,Pass,Pass,Pass,Pass,Pass,Pass,Pass,Pass,Pass,Pass,Pass,Pass,Pass,Pass,Pass,Pass,Pass,Pass,Pass,Pass,Pass,Pass,Pass,Pass,Pass,Pass,Skip,Pass,
03-03-2017,19:52:25,43.0,5,155900136975,PASS,Pass,Pass,Pass,Pass,Pass,Pass,Pass,Pass,Skip,Pass,Pass,Pass,Pass,Pass,Pass,Pass,Pass,Pass,Pass,Pass,Pass,Pass,Pass,Pass,Pass,Pass,Pass,Pass,Pass,Pass,Pass,Pass,Pass,Pass,Pass,Pass,Pass,Pass,Pass,Skip,Pass,
03-03-2017,19:53:16,39.7,1,155900136985,PASS,Pass,Pass,Pass,Pass,Pass,Pass,Pass,Pass,Skip,Pass,Pass,Pass,Pass,Pass,Pass,Pass,Pass,Pass,Pass,Pass,Pass,Pass,Pass,Pass,Pass,Pass,Pass,Pass,Pass,Pass,Pass,Pass,Pass,Pass,Pass,Pass,Pass,Pass,Pass,Skip,Pass,
03-03-2017,19:53:18,39.7,3,155900136983,PASS,Pass,Pass,Pass,Pass,Pass,Pass,Pass,Pass,Skip,Pass,Pass,Pass,Pass,Pass,Pass,Pass,Pass,Pass,Pass,Pass,Pass,Pass,Pass,Pass,Pass,Pass,Pass,Pass,Pass,Pass,Pass,Pass,Pass,Pass,Pass,Pass,Pass,Pass,Pass,Skip,Pass,
03-03-2017,19:53:20,40.4,5,155900136982,PASS,Pass,Pass,Pass,Pass,Pass,Pass,Pass,Pass,Skip,Pass,Pass,Pass,Pass,Pass,Pass,Pass,Pass,Pass,Pass,Pass,Pass,Pass,Pass,Pass,Pass,Pass,Pass,Pass,Pass,Pass,Pass,Pass,Pass,Pass,Pass,Pass,Pass,Pass,Pass,Skip,Pass,
03-03-2017,19:53:56,39.9,2,155900136341,PASS,Pass,Pass,Pass,Pass,Pass,Pass,Pass,Pass,Skip,Pass,Pass,Pass,Pass,Pass,Pass,Pass,Pass,Pass,Pass,Pass,Pass,Pass,Pass,Pass,Pass,Pass,Pass,Pass,Pass,Pass,Pass,Pass,Pass,Pass,Pass,Pass,Pass,Pass,Pass,Skip,Pass,
03-03-2017,19:53:57,39.0,4,155900136984,PASS,Pass,Pass,Pass,Pass,Pass,Pass,Pass,Pass,Skip,Pass,Pass,Pass,Pass,Pass,Pass,Pass,Pass,Pass,Pass,Pass,Pass,Pass,Pass,Pass,Pass,Pass,Pass,Pass,Pass,Pass,Pass,Pass,Pass,Pass,Pass,Pass,Pass,Pass,Pass,Skip,Pass,
03-03-2017,19:54:02,41.7,6,155900136986,PASS,Pass,Pass,Pass,Pass,Pass,Pass,Pass,Pass,Skip,Pass,Pass,Pass,Pass,Pass,Pass,Pass,Pass,Pass,Pass,Pass,Pass,Pass,Pass,Pass,Pass,Pass,Pass,Pass,Pass,Pass,Pass,Pass,Pass,Pass,Pass,Pass,Pass,Pass,Pass,Skip,Pass,
03-03-2017,19:54:36,39.9,1,155900136344,PASS,Pass,Pass,Pass,Pass,Pass,Pass,Pass,Pass,Skip,Pass,Pass,Pass,Pass,Pass,Pass,Pass,Pass,Pass,Pass,Pass,Pass,Pass,Pass,Pass,Pass,Pass,Pass,Pass,Pass,Pass,Pass,Pass,Pass,Pass,Pass,Pass,Pass,Pass,Pass,Skip,Pass,
03-03-2017,19:54:38,40.5,3,155900136343,PASS,Pass,Pass,Pass,Pass,Pass,Pass,Pass,Pass,Skip,Pass,Pass,Pass,Pass,Pass,Pass,Pass,Pass,Pass,Pass,Pass,Pass,Pass,Pass,Pass,Pass,Pass,Pass,Pass,Pass,Pass,Pass,Pass,Pass,Pass,Pass,Pass,Pass,Pass,Pass,Skip,Pass,
03-03-2017,19:54:42,39.1,5,155900136342,PASS,Pass,Pass,Pass,Pass,Pass,Pass,Pass,Pass,Skip,Pass,Pass,Pass,Pass,Pass,Pass,Pass,Pass,Pass,Pass,Pass,Pass,Pass,Pass,Pass,Pass,Pass,Pass,Pass,Pass,Pass,Pass,Pass,Pass,Pass,Pass,Pass,Pass,Pass,Pass,Skip,Pass,
03-03-2017,19:55:23,40.2,2,155900136961,PASS,Pass,Pass,Pass,Pass,Pass,Pass,Pass,Pass,Skip,Pass,Pass,Pass,Pass,Pass,Pass,Pass,Pass,Pass,Pass,Pass,Pass,Pass,Pass,Pass,Pass,Pass,Pass,Pass,Pass,Pass,Pass,Pass,Pass,Pass,Pass,Pass,Pass,Pass,Pass,Skip,Pass,
03-03-2017,19:55:25,39.6,4,155900136346,PASS,Pass,Pass,Pass,Pass,Pass,Pass,Pass,Pass,Skip,Pass,Pass,Pass,Pass,Pass,Pass,Pass,Pass,Pass,Pass,Pass,Pass,Pass,Pass,Pass,Pass,Pass,Pass,Pass,Pass,Pass,Pass,Pass,Pass,Pass,Pass,Pass,Pass,Pass,Pass,Skip,Pass,
03-03-2017,19:55:27,40.9,6,155900136345,PASS,Pass,Pass,Pass,Pass,Pass,Pass,Pass,Pass,Skip,Pass,Pass,Pass,Pass,Pass,Pass,Pass,Pass,Pass,Pass,Pass,Pass,Pass,Pass,Pass,Pass,Pass,Pass,Pass,Pass,Pass,Pass,Pass,Pass,Pass,Pass,Pass,Pass,Pass,Pass,Skip,Pass,
03-03-2017,19:56:22,40.7,1,155900136965,PASS,Pass,Pass,Pass,Pass,Pass,Pass,Pass,Pass,Skip,Pass,Pass,Pass,Pass,Pass,Pass,Pass,Pass,Pass,Pass,Pass,Pass,Pass,Pass,Pass,Pass,Pass,Pass,Pass,Pass,Pass,Pass,Pass,Pass,Pass,Pass,Pass,Pass,Pass,Pass,Skip,Pass,
03-03-2017,19:56:23,39.5,3,155900136964,PASS,Pass,Pass,Pass,Pass,Pass,Pass,Pass,Pass,Skip,Pass,Pass,Pass,Pass,Pass,Pass,Pass,Pass,Pass,Pass,Pass,Pass,Pass,Pass,Pass,Pass,Pass,Pass,Pass,Pass,Pass,Pass,Pass,Pass,Pass,Pass,Pass,Pass,Pass,Pass,Skip,Pass,
03-03-2017,19:56:32,46.5,5,155900136963,PASS,Pass,Pass,Pass,Pass,Pass,Pass,Pass,Pass,Skip,Pass,Pass,Pass,Pass,Pass,Pass,Pass,Pass,Pass,Pass,Pass,Pass,Pass,Pass,Pass,Pass,Pass,Pass,Pass,Pass,Pass,Pass,Pass,Pass,Pass,Pass,Pass,Pass,Pass,Pass,Skip,Pass,
03-03-2017,19:57:02,39.0,4,155900136962,PASS,Pass,Pass,Pass,Pass,Pass,Pass,Pass,Pass,Skip,Pass,Pass,Pass,Pass,Pass,Pass,Pass,Pass,Pass,Pass,Pass,Pass,Pass,Pass,Pass,Pass,Pass,Pass,Pass,Pass,Pass,Pass,Pass,Pass,Pass,Pass,Pass,Pass,Pass,Pass,Skip,Pass,
03-03-2017,19:57:03,40.6,2,155900136991,PASS,Pass,Pass,Pass,Pass,Pass,Pass,Pass,Pass,Skip,Pass,Pass,Pass,Pass,Pass,Pass,Pass,Pass,Pass,Pass,Pass,Pass,Pass,Pass,Pass,Pass,Pass,Pass,Pass,Pass,Pass,Pass,Pass,Pass,Pass,Pass,Pass,Pass,Pass,Pass,Skip,Pass,
03-03-2017,19:57:12,40.0,6,155900136966,PASS,Pass,Pass,Pass,Pass,Pass,Pass,Pass,Pass,Skip,Pass,Pass,Pass,Pass,Pass,Pass,Pass,Pass,Pass,Pass,Pass,Pass,Pass,Pass,Pass,Pass,Pass,Pass,Pass,Pass,Pass,Pass,Pass,Pass,Pass,Pass,Pass,Pass,Pass,Pass,Skip,Pass,
03-03-2017,19:57:42,39.3,1,155900136994,PASS,Pass,Pass,Pass,Pass,Pass,Pass,Pass,Pass,Skip,Pass,Pass,Pass,Pass,Pass,Pass,Pass,Pass,Pass,Pass,Pass,Pass,Pass,Pass,Pass,Pass,Pass,Pass,Pass,Pass,Pass,Pass,Pass,Pass,Pass,Pass,Pass,Pass,Pass,Pass,Skip,Pass,
03-03-2017,19:57:44,40.1,3,155900136992,PASS,Pass,Pass,Pass,Pass,Pass,Pass,Pass,Pass,Skip,Pass,Pass,Pass,Pass,Pass,Pass,Pass,Pass,Pass,Pass,Pass,Pass,Pass,Pass,Pass,Pass,Pass,Pass,Pass,Pass,Pass,Pass,Pass,Pass,Pass,Pass,Pass,Pass,Pass,Pass,Skip,Pass,
03-03-2017,19:57:54,41.4,5,155900136993,PASS,Pass,Pass,Pass,Pass,Pass,Pass,Pass,Pass,Skip,Pass,Pass,Pass,Pass,Pass,Pass,Pass,Pass,Pass,Pass,Pass,Pass,Pass,Pass,Pass,Pass,Pass,Pass,Pass,Pass,Pass,Pass,Pass,Pass,Pass,Pass,Pass,Pass,Pass,Pass,Skip,Pass,
03-03-2017,19:58:28,38.9,2,155900136996,PASS,Pass,Pass,Pass,Pass,Pass,Pass,Pass,Pass,Skip,Pass,Pass,Pass,Pass,Pass,Pass,Pass,Pass,Pass,Pass,Pass,Pass,Pass,Pass,Pass,Pass,Pass,Pass,Pass,Pass,Pass,Pass,Pass,Pass,Pass,Pass,Pass,Pass,Pass,Pass,Skip,Pass,
03-03-2017,19:58:32,41.2,4,155900136995,PASS,Pass,Pass,Pass,Pass,Pass,Pass,Pass,Pass,Skip,Pass,Pass,Pass,Pass,Pass,Pass,Pass,Pass,Pass,Pass,Pass,Pass,Pass,Pass,Pass,Pass,Pass,Pass,Pass,Pass,Pass,Pass,Pass,Pass,Pass,Pass,Pass,Pass,Pass,Pass,Skip,Pass,
03-03-2017,19:58:47,40.0,6,155900137001,PASS,Pass,Pass,Pass,Pass,Pass,Pass,Pass,Pass,Skip,Pass,Pass,Pass,Pass,Pass,Pass,Pass,Pass,Pass,Pass,Pass,Pass,Pass,Pass,Pass,Pass,Pass,Pass,Pass,Pass,Pass,Pass,Pass,Pass,Pass,Pass,Pass,Pass,Pass,Pass,Skip,Pass,
03-03-2017,19:59:28,39.2,1,155900137004,PASS,Pass,Pass,Pass,Pass,Pass,Pass,Pass,Pass,Skip,Pass,Pass,Pass,Pass,Pass,Pass,Pass,Pass,Pass,Pass,Pass,Pass,Pass,Pass,Pass,Pass,Pass,Pass,Pass,Pass,Pass,Pass,Pass,Pass,Pass,Pass,Pass,Pass,Pass,Pass,Skip,Pass,
03-03-2017,19:59:31,39.1,3,155900137003,PASS,Pass,Pass,Pass,Pass,Pass,Pass,Pass,Pass,Skip,Pass,Pass,Pass,Pass,Pass,Pass,Pass,Pass,Pass,Pass,Pass,Pass,Pass,Pass,Pass,Pass,Pass,Pass,Pass,Pass,Pass,Pass,Pass,Pass,Pass,Pass,Pass,Pass,Pass,Pass,Skip,Pass,
03-03-2017,19:59:36,42.2,5,155900137002,PASS,Pass,Pass,Pass,Pass,Pass,Pass,Pass,Pass,Skip,Pass,Pass,Pass,Pass,Pass,Pass,Pass,Pass,Pass,Pass,Pass,Pass,Pass,Pass,Pass,Pass,Pass,Pass,Pass,Pass,Pass,Pass,Pass,Pass,Pass,Pass,Pass,Pass,Pass,Pass,Skip,Pass,
03-03-2017,20:00:07,39.0,2,155900137005,PASS,Pass,Pass,Pass,Pass,Pass,Pass,Pass,Pass,Skip,Pass,Pass,Pass,Pass,Pass,Pass,Pass,Pass,Pass,Pass,Pass,Pass,Pass,Pass,Pass,Pass,Pass,Pass,Pass,Pass,Pass,Pass,Pass,Pass,Pass,Pass,Pass,Pass,Pass,Pass,Skip,Pass,
03-03-2017,20:00:14,39.8,4,155900137006,PASS,Pass,Pass,Pass,Pass,Pass,Pass,Pass,Pass,Skip,Pass,Pass,Pass,Pass,Pass,Pass,Pass,Pass,Pass,Pass,Pass,Pass,Pass,Pass,Pass,Pass,Pass,Pass,Pass,Pass,Pass,Pass,Pass,Pass,Pass,Pass,Pass,Pass,Pass,Pass,Skip,Pass,
03-03-2017,20:00:27,41.7,6,155900137011,PASS,Pass,Pass,Pass,Pass,Pass,Pass,Pass,Pass,Skip,Pass,Pass,Pass,Pass,Pass,Pass,Pass,Pass,Pass,Pass,Pass,Pass,Pass,Pass,Pass,Pass,Pass,Pass,Pass,Pass,Pass,Pass,Pass,Pass,Pass,Pass,Pass,Pass,Pass,Pass,Skip,Pass,
03-03-2017,20:01:15,39.9,1,155900137014,PASS,Pass,Pass,Pass,Pass,Pass,Pass,Pass,Pass,Skip,Pass,Pass,Pass,Pass,Pass,Pass,Pass,Pass,Pass,Pass,Pass,Pass,Pass,Pass,Pass,Pass,Pass,Pass,Pass,Pass,Pass,Pass,Pass,Pass,Pass,Pass,Pass,Pass,Pass,Pass,Skip,Pass,
03-03-2017,20:01:18,40.7,3,155900137013,PASS,Pass,Pass,Pass,Pass,Pass,Pass,Pass,Pass,Skip,Pass,Pass,Pass,Pass,Pass,Pass,Pass,Pass,Pass,Pass,Pass,Pass,Pass,Pass,Pass,Pass,Pass,Pass,Pass,Pass,Pass,Pass,Pass,Pass,Pass,Pass,Pass,Pass,Pass,Pass,Skip,Pass,
03-03-2017,20:01:18,39.1,5,155900137012,PASS,Pass,Pass,Pass,Pass,Pass,Pass,Pass,Pass,Skip,Pass,Pass,Pass,Pass,Pass,Pass,Pass,Pass,Pass,Pass,Pass,Pass,Pass,Pass,Pass,Pass,Pass,Pass,Pass,Pass,Pass,Pass,Pass,Pass,Pass,Pass,Pass,Pass,Pass,Pass,Skip,Pass,
03-03-2017,20:02:03,40.3,2,155900136081,PASS,Pass,Pass,Pass,Pass,Pass,Pass,Pass,Pass,Skip,Pass,Pass,Pass,Pass,Pass,Pass,Pass,Pass,Pass,Pass,Pass,Pass,Pass,Pass,Pass,Pass,Pass,Pass,Pass,Pass,Pass,Pass,Pass,Pass,Pass,Pass,Pass,Pass,Pass,Pass,Skip,Pass,
03-03-2017,20:02:06,40.7,4,155900137016,PASS,Pass,Pass,Pass,Pass,Pass,Pass,Pass,Pass,Skip,Pass,Pass,Pass,Pass,Pass,Pass,Pass,Pass,Pass,Pass,Pass,Pass,Pass,Pass,Pass,Pass,Pass,Pass,Pass,Pass,Pass,Pass,Pass,Pass,Pass,Pass,Pass,Pass,Pass,Pass,Skip,Pass,
03-03-2017,20:02:07,40.5,6,155900137015,PASS,Pass,Pass,Pass,Pass,Pass,Pass,Pass,Pass,Skip,Pass,Pass,Pass,Pass,Pass,Pass,Pass,Pass,Pass,Pass,Pass,Pass,Pass,Pass,Pass,Pass,Pass,Pass,Pass,Pass,Pass,Pass,Pass,Pass,Pass,Pass,Pass,Pass,Pass,Pass,Skip,Pass,
03-03-2017,20:03:06,39.9,1,155900136085,PASS,Pass,Pass,Pass,Pass,Pass,Pass,Pass,Pass,Skip,Pass,Pass,Pass,Pass,Pass,Pass,Pass,Pass,Pass,Pass,Pass,Pass,Pass,Pass,Pass,Pass,Pass,Pass,Pass,Pass,Pass,Pass,Pass,Pass,Pass,Pass,Pass,Pass,Pass,Pass,Skip,Pass,
03-03-2017,20:03:07,39.4,3,155900136084,PASS,Pass,Pass,Pass,Pass,Pass,Pass,Pass,Pass,Skip,Pass,Pass,Pass,Pass,Pass,Pass,Pass,Pass,Pass,Pass,Pass,Pass,Pass,Pass,Pass,Pass,Pass,Pass,Pass,Pass,Pass,Pass,Pass,Pass,Pass,Pass,Pass,Pass,Pass,Pass,Skip,Pass,
03-03-2017,20:03:12,42.7,5,155900136082,PASS,Pass,Pass,Pass,Pass,Pass,Pass,Pass,Pass,Skip,Pass,Pass,Pass,Pass,Pass,Pass,Pass,Pass,Pass,Pass,Pass,Pass,Pass,Pass,Pass,Pass,Pass,Pass,Pass,Pass,Pass,Pass,Pass,Pass,Pass,Pass,Pass,Pass,Pass,Pass,Skip,Pass,
03-03-2017,20:04:03,40.2,1,155900137022,PASS,Pass,Pass,Pass,Pass,Pass,Pass,Pass,Pass,Skip,Pass,Pass,Pass,Pass,Pass,Pass,Pass,Pass,Pass,Pass,Pass,Pass,Pass,Pass,Pass,Pass,Pass,Pass,Pass,Pass,Pass,Pass,Pass,Pass,Pass,Pass,Pass,Pass,Pass,Pass,Skip,Pass,
03-03-2017,20:04:07,41.5,3,155900136086,PASS,Pass,Pass,Pass,Pass,Pass,Pass,Pass,Pass,Skip,Pass,Pass,Pass,Pass,Pass,Pass,Pass,Pass,Pass,Pass,Pass,Pass,Pass,Pass,Pass,Pass,Pass,Pass,Pass,Pass,Pass,Pass,Pass,Pass,Pass,Pass,Pass,Pass,Pass,Pass,Skip,Pass,
03-03-2017,20:04:07,40.4,5,155900136083,PASS,Pass,Pass,Pass,Pass,Pass,Pass,Pass,Pass,Skip,Pass,Pass,Pass,Pass,Pass,Pass,Pass,Pass,Pass,Pass,Pass,Pass,Pass,Pass,Pass,Pass,Pass,Pass,Pass,Pass,Pass,Pass,Pass,Pass,Pass,Pass,Pass,Pass,Pass,Pass,Skip,Pass,
03-03-2017,20:04:51,41.0,2,155900137025,PASS,Pass,Pass,Pass,Pass,Pass,Pass,Pass,Pass,Skip,Pass,Pass,Pass,Pass,Pass,Pass,Pass,Pass,Pass,Pass,Pass,Pass,Pass,Pass,Pass,Pass,Pass,Pass,Pass,Pass,Pass,Pass,Pass,Pass,Pass,Pass,Pass,Pass,Pass,Pass,Skip,Pass,
03-03-2017,20:04:51,39.2,4,155900137024,PASS,Pass,Pass,Pass,Pass,Pass,Pass,Pass,Pass,Skip,Pass,Pass,Pass,Pass,Pass,Pass,Pass,Pass,Pass,Pass,Pass,Pass,Pass,Pass,Pass,Pass,Pass,Pass,Pass,Pass,Pass,Pass,Pass,Pass,Pass,Pass,Pass,Pass,Pass,Pass,Skip,Pass,
03-03-2017,20:04:54,40.5,6,155900137021,PASS,Pass,Pass,Pass,Pass,Pass,Pass,Pass,Pass,Skip,Pass,Pass,Pass,Pass,Pass,Pass,Pass,Pass,Pass,Pass,Pass,Pass,Pass,Pass,Pass,Pass,Pass,Pass,Pass,Pass,Pass,Pass,Pass,Pass,Pass,Pass,Pass,Pass,Pass,Pass,Skip,Pass,
03-03-2017,20:05:31,40.0,1,155900137031,PASS,Pass,Pass,Pass,Pass,Pass,Pass,Pass,Pass,Skip,Pass,Pass,Pass,Pass,Pass,Pass,Pass,Pass,Pass,Pass,Pass,Pass,Pass,Pass,Pass,Pass,Pass,Pass,Pass,Pass,Pass,Pass,Pass,Pass,Pass,Pass,Pass,Pass,Pass,Pass,Skip,Pass,
03-03-2017,20:05:32,39.9,3,155900137026,PASS,Pass,Pass,Pass,Pass,Pass,Pass,Pass,Pass,Skip,Pass,Pass,Pass,Pass,Pass,Pass,Pass,Pass,Pass,Pass,Pass,Pass,Pass,Pass,Pass,Pass,Pass,Pass,Pass,Pass,Pass,Pass,Pass,Pass,Pass,Pass,Pass,Pass,Pass,Pass,Skip,Pass,
03-03-2017,20:05:35,40.9,5,155900137023,PASS,Pass,Pass,Pass,Pass,Pass,Pass,Pass,Pass,Skip,Pass,Pass,Pass,Pass,Pass,Pass,Pass,Pass,Pass,Pass,Pass,Pass,Pass,Pass,Pass,Pass,Pass,Pass,Pass,Pass,Pass,Pass,Pass,Pass,Pass,Pass,Pass,Pass,Pass,Pass,Skip,Pass,
03-03-2017,20:06:35,40.0,1,155900137035,PASS,Pass,Pass,Pass,Pass,Pass,Pass,Pass,Pass,Skip,Pass,Pass,Pass,Pass,Pass,Pass,Pass,Pass,Pass,Pass,Pass,Pass,Pass,Pass,Pass,Pass,Pass,Pass,Pass,Pass,Pass,Pass,Pass,Pass,Pass,Pass,Pass,Pass,Pass,Pass,Skip,Pass,
03-03-2017,20:06:37,40.3,3,155900137034,PASS,Pass,Pass,Pass,Pass,Pass,Pass,Pass,Pass,Skip,Pass,Pass,Pass,Pass,Pass,Pass,Pass,Pass,Pass,Pass,Pass,Pass,Pass,Pass,Pass,Pass,Pass,Pass,Pass,Pass,Pass,Pass,Pass,Pass,Pass,Pass,Pass,Pass,Pass,Pass,Skip,Pass,
03-03-2017,20:06:43,44.5,5,155900137033,PASS,Pass,Pass,Pass,Pass,Pass,Pass,Pass,Pass,Skip,Pass,Pass,Pass,Pass,Pass,Pass,Pass,Pass,Pass,Pass,Pass,Pass,Pass,Pass,Pass,Pass,Pass,Pass,Pass,Pass,Pass,Pass,Pass,Pass,Pass,Pass,Pass,Pass,Pass,Pass,Skip,Pass,
03-03-2017,20:07:35,41.3,1,155900137043,PASS,Pass,Pass,Pass,Pass,Pass,Pass,Pass,Pass,Skip,Pass,Pass,Pass,Pass,Pass,Pass,Pass,Pass,Pass,Pass,Pass,Pass,Pass,Pass,Pass,Pass,Pass,Pass,Pass,Pass,Pass,Pass,Pass,Pass,Pass,Pass,Pass,Pass,Pass,Pass,Skip,Pass,
03-03-2017,20:07:37,40.6,3,155900137042,PASS,Pass,Pass,Pass,Pass,Pass,Pass,Pass,Pass,Skip,Pass,Pass,Pass,Pass,Pass,Pass,Pass,Pass,Pass,Pass,Pass,Pass,Pass,Pass,Pass,Pass,Pass,Pass,Pass,Pass,Pass,Pass,Pass,Pass,Pass,Pass,Pass,Pass,Pass,Pass,Skip,Pass,
03-03-2017,20:07:39,39.9,5,155900137041,PASS,Pass,Pass,Pass,Pass,Pass,Pass,Pass,Pass,Skip,Pass,Pass,Pass,Pass,Pass,Pass,Pass,Pass,Pass,Pass,Pass,Pass,Pass,Pass,Pass,Pass,Pass,Pass,Pass,Pass,Pass,Pass,Pass,Pass,Pass,Pass,Pass,Pass,Pass,Pass,Skip,Pass,
03-03-2017,20:08:19,39.3,4,155900137044,PASS,Pass,Pass,Pass,Pass,Pass,Pass,Pass,Pass,Skip,Pass,Pass,Pass,Pass,Pass,Pass,Pass,Pass,Pass,Pass,Pass,Pass,Pass,Pass,Pass,Pass,Pass,Pass,Pass,Pass,Pass,Pass,Pass,Pass,Pass,Pass,Pass,Pass,Pass,Pass,Skip,Pass,
03-03-2017,20:08:19,42.2,2,155900137045,PASS,Pass,Pass,Pass,Pass,Pass,Pass,Pass,Pass,Skip,Pass,Pass,Pass,Pass,Pass,Pass,Pass,Pass,Pass,Pass,Pass,Pass,Pass,Pass,Pass,Pass,Pass,Pass,Pass,Pass,Pass,Pass,Pass,Pass,Pass,Pass,Pass,Pass,Pass,Pass,Skip,Pass,
03-03-2017,20:08:24,41.7,6,155900137036,PASS,Pass,Pass,Pass,Pass,Pass,Pass,Pass,Pass,Skip,Pass,Pass,Pass,Pass,Pass,Pass,Pass,Pass,Pass,Pass,Pass,Pass,Pass,Pass,Pass,Pass,Pass,Pass,Pass,Pass,Pass,Pass,Pass,Pass,Pass,Pass,Pass,Pass,Pass,Pass,Skip,Pass,
03-03-2017,20:09:54,40.5,1,155900137051,PASS,Pass,Pass,Pass,Pass,Pass,Pass,Pass,Pass,Skip,Pass,Pass,Pass,Pass,Pass,Pass,Pass,Pass,Pass,Pass,Pass,Pass,Pass,Pass,Pass,Pass,Pass,Pass,Pass,Pass,Pass,Pass,Pass,Pass,Pass,Pass,Pass,Pass,Pass,Pass,Skip,Pass,
03-03-2017,20:09:55,39.3,3,155900137046,PASS,Pass,Pass,Pass,Pass,Pass,Pass,Pass,Pass,Skip,Pass,Pass,Pass,Pass,Pass,Pass,Pass,Pass,Pass,Pass,Pass,Pass,Pass,Pass,Pass,Pass,Pass,Pass,Pass,Pass,Pass,Pass,Pass,Pass,Pass,Pass,Pass,Pass,Pass,Pass,Skip,Pass,
03-03-2017,20:10:03,45.1,5,155900137032,PASS,Pass,Pass,Pass,Pass,Pass,Pass,Pass,Pass,Skip,Pass,Pass,Pass,Pass,Pass,Pass,Pass,Pass,Pass,Pass,Pass,Pass,Pass,Pass,Pass,Pass,Pass,Pass,Pass,Pass,Pass,Pass,Pass,Pass,Pass,Pass,Pass,Pass,Pass,Pass,Skip,Pass,
03-03-2017,20:10:43,41.4,2,155900137054,PASS,Pass,Pass,Pass,Pass,Pass,Pass,Pass,Pass,Skip,Pass,Pass,Pass,Pass,Pass,Pass,Pass,Pass,Pass,Pass,Pass,Pass,Pass,Pass,Pass,Pass,Pass,Pass,Pass,Pass,Pass,Pass,Pass,Pass,Pass,Pass,Pass,Pass,Pass,Pass,Skip,Pass,
03-03-2017,20:10:44,40.5,4,155900137053,PASS,Pass,Pass,Pass,Pass,Pass,Pass,Pass,Pass,Skip,Pass,Pass,Pass,Pass,Pass,Pass,Pass,Pass,Pass,Pass,Pass,Pass,Pass,Pass,Pass,Pass,Pass,Pass,Pass,Pass,Pass,Pass,Pass,Pass,Pass,Pass,Pass,Pass,Pass,Pass,Skip,Pass,
03-03-2017,20:10:45,39.6,6,155900137052,PASS,Pass,Pass,Pass,Pass,Pass,Pass,Pass,Pass,Skip,Pass,Pass,Pass,Pass,Pass,Pass,Pass,Pass,Pass,Pass,Pass,Pass,Pass,Pass,Pass,Pass,Pass,Pass,Pass,Pass,Pass,Pass,Pass,Pass,Pass,Pass,Pass,Pass,Pass,Pass,Skip,Pass,
03-03-2017,20:11:54,39.9,1,155900137056,PASS,Pass,Pass,Pass,Pass,Pass,Pass,Pass,Pass,Skip,Pass,Pass,Pass,Pass,Pass,Pass,Pass,Pass,Pass,Pass,Pass,Pass,Pass,Pass,Pass,Pass,Pass,Pass,Pass,Pass,Pass,Pass,Pass,Pass,Pass,Pass,Pass,Pass,Pass,Pass,Skip,Pass,
03-03-2017,20:11:57,41.4,3,155900137055,PASS,Pass,Pass,Pass,Pass,Pass,Pass,Pass,Pass,Skip,Pass,Pass,Pass,Pass,Pass,Pass,Pass,Pass,Pass,Pass,Pass,Pass,Pass,Pass,Pass,Pass,Pass,Pass,Pass,Pass,Pass,Pass,Pass,Pass,Pass,Pass,Pass,Pass,Pass,Pass,Skip,Pass,
03-03-2017,20:11:58,39.8,5,155900137061,PASS,Pass,Pass,Pass,Pass,Pass,Pass,Pass,Pass,Skip,Pass,Pass,Pass,Pass,Pass,Pass,Pass,Pass,Pass,Pass,Pass,Pass,Pass,Pass,Pass,Pass,Pass,Pass,Pass,Pass,Pass,Pass,Pass,Pass,Pass,Pass,Pass,Pass,Pass,Pass,Skip,Pass,
03-03-2017,20:13:59,39.9,3,155900137446,PASS,Pass,Pass,Pass,Pass,Pass,Pass,Pass,Pass,Skip,Pass,Pass,Pass,Pass,Pass,Pass,Pass,Pass,Pass,Pass,Pass,Pass,Pass,Pass,Pass,Pass,Pass,Pass,Pass,Pass,Pass,Pass,Pass,Pass,Pass,Pass,Pass,Pass,Pass,Pass,Skip,Pass,
03-03-2017,20:13:59,42.0,1,155900137422,PASS,Pass,Pass,Pass,Pass,Pass,Pass,Pass,Pass,Skip,Pass,Pass,Pass,Pass,Pass,Pass,Pass,Pass,Pass,Pass,Pass,Pass,Pass,Pass,Pass,Pass,Pass,Pass,Pass,Pass,Pass,Pass,Pass,Pass,Pass,Pass,Pass,Pass,Pass,Pass,Skip,Pass,
03-03-2017,20:14:02,41.6,5,155900137502,PASS,Pass,Pass,Pass,Pass,Pass,Pass,Pass,Pass,Skip,Pass,Pass,Pass,Pass,Pass,Pass,Pass,Pass,Pass,Pass,Pass,Pass,Pass,Pass,Pass,Pass,Pass,Pass,Pass,Pass,Pass,Pass,Pass,Pass,Pass,Pass,Pass,Pass,Pass,Pass,Skip,Pass,
03-03-2017,20:14:39,40.2,4,155900137442,PASS,Pass,Pass,Pass,Pass,Pass,Pass,Pass,Pass,Skip,Pass,Pass,Pass,Pass,Pass,Pass,Pass,Pass,Pass,Pass,Pass,Pass,Pass,Pass,Pass,Pass,Pass,Pass,Pass,Pass,Pass,Pass,Pass,Pass,Pass,Pass,Pass,Pass,Pass,Pass,Skip,Pass,
03-03-2017,20:14:40,41.2,2,155900137512,PASS,Pass,Pass,Pass,Pass,Pass,Pass,Pass,Pass,Skip,Pass,Pass,Pass,Pass,Pass,Pass,Pass,Pass,Pass,Pass,Pass,Pass,Pass,Pass,Pass,Pass,Pass,Pass,Pass,Pass,Pass,Pass,Pass,Pass,Pass,Pass,Pass,Pass,Pass,Pass,Skip,Pass,
03-03-2017,20:14:42,39.3,6,155900137515,PASS,Pass,Pass,Pass,Pass,Pass,Pass,Pass,Pass,Skip,Pass,Pass,Pass,Pass,Pass,Pass,Pass,Pass,Pass,Pass,Pass,Pass,Pass,Pass,Pass,Pass,Pass,Pass,Pass,Pass,Pass,Pass,Pass,Pass,Pass,Pass,Pass,Pass,Pass,Pass,Skip,Pass,
03-03-2017,20:15:52,40.8,1,155900137075,PASS,Pass,Pass,Pass,Pass,Pass,Pass,Pass,Pass,Skip,Pass,Pass,Pass,Pass,Pass,Pass,Pass,Pass,Pass,Pass,Pass,Pass,Pass,Pass,Pass,Pass,Pass,Pass,Pass,Pass,Pass,Pass,Pass,Pass,Pass,Pass,Pass,Pass,Pass,Pass,Skip,Pass,
03-03-2017,20:15:55,40.3,3,155900137072,PASS,Pass,Pass,Pass,Pass,Pass,Pass,Pass,Pass,Skip,Pass,Pass,Pass,Pass,Pass,Pass,Pass,Pass,Pass,Pass,Pass,Pass,Pass,Pass,Pass,Pass,Pass,Pass,Pass,Pass,Pass,Pass,Pass,Pass,Pass,Pass,Pass,Pass,Pass,Pass,Skip,Pass,
03-03-2017,20:15:57,40.7,5,155900137074,PASS,Pass,Pass,Pass,Pass,Pass,Pass,Pass,Pass,Skip,Pass,Pass,Pass,Pass,Pass,Pass,Pass,Pass,Pass,Pass,Pass,Pass,Pass,Pass,Pass,Pass,Pass,Pass,Pass,Pass,Pass,Pass,Pass,Pass,Pass,Pass,Pass,Pass,Pass,Pass,Skip,Pass,
03-03-2017,20:16:32,40.2,2,155900137076,PASS,Pass,Pass,Pass,Pass,Pass,Pass,Pass,Pass,Skip,Pass,Pass,Pass,Pass,Pass,Pass,Pass,Pass,Pass,Pass,Pass,Pass,Pass,Pass,Pass,Pass,Pass,Pass,Pass,Pass,Pass,Pass,Pass,Pass,Pass,Pass,Pass,Pass,Pass,Pass,Skip,Pass,
03-03-2017,20:16:34,39.2,4,155900137066,PASS,Pass,Pass,Pass,Pass,Pass,Pass,Pass,Pass,Skip,Pass,Pass,Pass,Pass,Pass,Pass,Pass,Pass,Pass,Pass,Pass,Pass,Pass,Pass,Pass,Pass,Pass,Pass,Pass,Pass,Pass,Pass,Pass,Pass,Pass,Pass,Pass,Pass,Pass,Pass,Skip,Pass,
03-03-2017,20:16:37,39.4,6,155900137091,PASS,Pass,Pass,Pass,Pass,Pass,Pass,Pass,Pass,Skip,Pass,Pass,Pass,Pass,Pass,Pass,Pass,Pass,Pass,Pass,Pass,Pass,Pass,Pass,Pass,Pass,Pass,Pass,Pass,Pass,Pass,Pass,Pass,Pass,Pass,Pass,Pass,Pass,Pass,Pass,Skip,Pass,
03-03-2017,20:17:36,40.8,1,155900137071,PASS,Pass,Pass,Pass,Pass,Pass,Pass,Pass,Pass,Skip,Pass,Pass,Pass,Pass,Pass,Pass,Pass,Pass,Pass,Pass,Pass,Pass,Pass,Pass,Pass,Pass,Pass,Pass,Pass,Pass,Pass,Pass,Pass,Pass,Pass,Pass,Pass,Pass,Pass,Pass,Skip,Pass,
03-03-2017,20:17:40,41.7,3,155900137095,PASS,Pass,Pass,Pass,Pass,Pass,Pass,Pass,Pass,Skip,Pass,Pass,Pass,Pass,Pass,Pass,Pass,Pass,Pass,Pass,Pass,Pass,Pass,Pass,Pass,Pass,Pass,Pass,Pass,Pass,Pass,Pass,Pass,Pass,Pass,Pass,Pass,Pass,Pass,Pass,Skip,Pass,
03-03-2017,20:17:40,39.2,5,155900137073,PASS,Pass,Pass,Pass,Pass,Pass,Pass,Pass,Pass,Skip,Pass,Pass,Pass,Pass,Pass,Pass,Pass,Pass,Pass,Pass,Pass,Pass,Pass,Pass,Pass,Pass,Pass,Pass,Pass,Pass,Pass,Pass,Pass,Pass,Pass,Pass,Pass,Pass,Pass,Pass,Skip,Pass,
03-03-2017,20:18:26,40.5,2,155900137093,PASS,Pass,Pass,Pass,Pass,Pass,Pass,Pass,Pass,Skip,Pass,Pass,Pass,Pass,Pass,Pass,Pass,Pass,Pass,Pass,Pass,Pass,Pass,Pass,Pass,Pass,Pass,Pass,Pass,Pass,Pass,Pass,Pass,Pass,Pass,Pass,Pass,Pass,Pass,Pass,Skip,Pass,
03-03-2017,20:18:27,39.8,4,155900137092,PASS,Pass,Pass,Pass,Pass,Pass,Pass,Pass,Pass,Skip,Pass,Pass,Pass,Pass,Pass,Pass,Pass,Pass,Pass,Pass,Pass,Pass,Pass,Pass,Pass,Pass,Pass,Pass,Pass,Pass,Pass,Pass,Pass,Pass,Pass,Pass,Pass,Pass,Pass,Pass,Skip,Pass,
03-03-2017,20:18:30,40.1,6,155900137094,PASS,Pass,Pass,Pass,Pass,Pass,Pass,Pass,Pass,Skip,Pass,Pass,Pass,Pass,Pass,Pass,Pass,Pass,Pass,Pass,Pass,Pass,Pass,Pass,Pass,Pass,Pass,Pass,Pass,Pass,Pass,Pass,Pass,Pass,Pass,Pass,Pass,Pass,Pass,Pass,Skip,Pass,
03-03-2017,20:25:04,50.4,1,155900137106,PASS,Pass,Pass,Pass,Pass,Pass,Pass,Pass,Pass,Skip,Pass,Pass,Pass,Pass,Pass,Pass,Pass,Pass,Pass,Pass,Pass,Pass,Pass,Pass,Pass,Pass,Pass,Pass,Pass,Pass,Pass,Pass,Pass,Pass,Pass,Pass,Pass,Pass,Pass,Pass,Skip,Pass,
03-03-2017,20:25:05,49.4,3,155900137105,PASS,Pass,Pass,Pass,Pass,Pass,Pass,Pass,Pass,Skip,Pass,Pass,Pass,Pass,Pass,Pass,Pass,Pass,Pass,Pass,Pass,Pass,Pass,Pass,Pass,Pass,Pass,Pass,Pass,Pass,Pass,Pass,Pass,Pass,Pass,Pass,Pass,Pass,Pass,Pass,Skip,Pass,
03-03-2017,20:25:06,48.6,5,155900137103,PASS,Pass,Pass,Pass,Pass,Pass,Pass,Pass,Pass,Skip,Pass,Pass,Pass,Pass,Pass,Pass,Pass,Pass,Pass,Pass,Pass,Pass,Pass,Pass,Pass,Pass,Pass,Pass,Pass,Pass,Pass,Pass,Pass,Pass,Pass,Pass,Pass,Pass,Pass,Pass,Skip,Pass,
03-03-2017,20:25:53,48.1,4,155900137101,PASS,Pass,Pass,Pass,Pass,Pass,Pass,Pass,Pass,Skip,Pass,Pass,Pass,Pass,Pass,Pass,Pass,Pass,Pass,Pass,Pass,Pass,Pass,Pass,Pass,Pass,Pass,Pass,Pass,Pass,Pass,Pass,Pass,Pass,Pass,Pass,Pass,Pass,Pass,Pass,Skip,Pass,
03-03-2017,20:25:55,50.2,2,155900137102,PASS,Pass,Pass,Pass,Pass,Pass,Pass,Pass,Pass,Skip,Pass,Pass,Pass,Pass,Pass,Pass,Pass,Pass,Pass,Pass,Pass,Pass,Pass,Pass,Pass,Pass,Pass,Pass,Pass,Pass,Pass,Pass,Pass,Pass,Pass,Pass,Pass,Pass,Pass,Pass,Skip,Pass,
03-03-2017,20:25:56,50.0,6,155900137096,PASS,Pass,Pass,Pass,Pass,Pass,Pass,Pass,Pass,Skip,Pass,Pass,Pass,Pass,Pass,Pass,Pass,Pass,Pass,Pass,Pass,Pass,Pass,Pass,Pass,Pass,Pass,Pass,Pass,Pass,Pass,Pass,Pass,Pass,Pass,Pass,Pass,Pass,Pass,Pass,Skip,Pass,
03-03-2017,20:26:43,50.1,3,155900137065,PASS,Pass,Pass,Pass,Pass,Pass,Pass,Pass,Pass,Skip,Pass,Pass,Pass,Pass,Pass,Pass,Pass,Pass,Pass,Pass,Pass,Pass,Pass,Pass,Pass,Pass,Pass,Pass,Pass,Pass,Pass,Pass,Pass,Pass,Pass,Pass,Pass,Pass,Pass,Pass,Skip,Pass,
03-03-2017,20:26:44,49.1,1,155900137104,PASS,Pass,Pass,Pass,Pass,Pass,Pass,Pass,Pass,Skip,Pass,Pass,Pass,Pass,Pass,Pass,Pass,Pass,Pass,Pass,Pass,Pass,Pass,Pass,Pass,Pass,Pass,Pass,Pass,Pass,Pass,Pass,Pass,Pass,Pass,Pass,Pass,Pass,Pass,Pass,Skip,Pass,
03-03-2017,20:26:44,48.5,5,155900137064,PASS,Pass,Pass,Pass,Pass,Pass,Pass,Pass,Pass,Skip,Pass,Pass,Pass,Pass,Pass,Pass,Pass,Pass,Pass,Pass,Pass,Pass,Pass,Pass,Pass,Pass,Pass,Pass,Pass,Pass,Pass,Pass,Pass,Pass,Pass,Pass,Pass,Pass,Pass,Pass,Skip,Pass,
03-03-2017,20:27:51,48.8,2,155900137112,PASS,Pass,Pass,Pass,Pass,Pass,Pass,Pass,Pass,Skip,Pass,Pass,Pass,Pass,Pass,Pass,Pass,Pass,Pass,Pass,Pass,Pass,Pass,Pass,Pass,Pass,Pass,Pass,Pass,Pass,Pass,Pass,Pass,Pass,Pass,Pass,Pass,Pass,Pass,Pass,Skip,Pass,
03-03-2017,20:27:53,49.3,4,155900137111,PASS,Pass,Pass,Pass,Pass,Pass,Pass,Pass,Pass,Skip,Pass,Pass,Pass,Pass,Pass,Pass,Pass,Pass,Pass,Pass,Pass,Pass,Pass,Pass,Pass,Pass,Pass,Pass,Pass,Pass,Pass,Pass,Pass,Pass,Pass,Pass,Pass,Pass,Pass,Pass,Skip,Pass,
03-03-2017,20:27:56,50.0,6,155900137063,PASS,Pass,Pass,Pass,Pass,Pass,Pass,Pass,Pass,Skip,Pass,Pass,Pass,Pass,Pass,Pass,Pass,Pass,Pass,Pass,Pass,Pass,Pass,Pass,Pass,Pass,Pass,Pass,Pass,Pass,Pass,Pass,Pass,Pass,Pass,Pass,Pass,Pass,Pass,Pass,Skip,Pass,
03-03-2017,20:29:59,47.1,3,155900137113,PASS,Pass,Pass,Pass,Pass,Pass,Pass,Pass,Pass,Skip,Pass,Pass,Pass,Pass,Pass,Pass,Pass,Pass,Pass,Pass,Pass,Pass,Pass,Pass,Pass,Pass,Pass,Pass,Pass,Pass,Pass,Pass,Pass,Pass,Pass,Pass,Pass,Pass,Pass,Pass,Skip,Pass,
03-03-2017,20:29:59,48.7,1,155900137114,PASS,Pass,Pass,Pass,Pass,Pass,Pass,Pass,Pass,Skip,Pass,Pass,Pass,Pass,Pass,Pass,Pass,Pass,Pass,Pass,Pass,Pass,Pass,Pass,Pass,Pass,Pass,Pass,Pass,Pass,Pass,Pass,Pass,Pass,Pass,Pass,Pass,Pass,Pass,Pass,Skip,Pass,
03-03-2017,20:30:02,49.0,5,155900137062,PASS,Pass,Pass,Pass,Pass,Pass,Pass,Pass,Pass,Skip,Pass,Pass,Pass,Pass,Pass,Pass,Pass,Pass,Pass,Pass,Pass,Pass,Pass,Pass,Pass,Pass,Pass,Pass,Pass,Pass,Pass,Pass,Pass,Pass,Pass,Pass,Pass,Pass,Pass,Pass,Skip,Pass,
03-03-2017,20:36:07,49.1,1,155900137124,PASS,Pass,Pass,Pass,Pass,Pass,Pass,Pass,Pass,Skip,Pass,Pass,Pass,Pass,Pass,Pass,Pass,Pass,Pass,Pass,Pass,Pass,Pass,Pass,Pass,Pass,Pass,Pass,Pass,Pass,Pass,Pass,Pass,Pass,Pass,Pass,Pass,Pass,Pass,Pass,Skip,Pass,
03-03-2017,20:36:09,47.3,5,155900137122,PASS,Pass,Pass,Pass,Pass,Pass,Pass,Pass,Pass,Skip,Pass,Pass,Pass,Pass,Pass,Pass,Pass,Pass,Pass,Pass,Pass,Pass,Pass,Pass,Pass,Pass,Pass,Pass,Pass,Pass,Pass,Pass,Pass,Pass,Pass,Pass,Pass,Pass,Pass,Pass,Skip,Pass,
03-03-2017,20:36:10,50.9,3,155900137123,PASS,Pass,Pass,Pass,Pass,Pass,Pass,Pass,Pass,Skip,Pass,Pass,Pass,Pass,Pass,Pass,Pass,Pass,Pass,Pass,Pass,Pass,Pass,Pass,Pass,Pass,Pass,Pass,Pass,Pass,Pass,Pass,Pass,Pass,Pass,Pass,Pass,Pass,Pass,Pass,Skip,Pass,
03-03-2017,20:37:37,48.7,1,155900137126,PASS,Pass,Pass,Pass,Pass,Pass,Pass,Pass,Pass,Skip,Pass,Pass,Pass,Pass,Pass,Pass,Pass,Pass,Pass,Pass,Pass,Pass,Pass,Pass,Pass,Pass,Pass,Pass,Pass,Pass,Pass,Pass,Pass,Pass,Pass,Pass,Pass,Pass,Pass,Pass,Skip,Pass,
03-03-2017,20:37:40,48.6,3,155900137125,PASS,Pass,Pass,Pass,Pass,Pass,Pass,Pass,Pass,Skip,Pass,Pass,Pass,Pass,Pass,Pass,Pass,Pass,Pass,Pass,Pass,Pass,Pass,Pass,Pass,Pass,Pass,Pass,Pass,Pass,Pass,Pass,Pass,Pass,Pass,Pass,Pass,Pass,Pass,Pass,Skip,Pass,
03-03-2017,20:37:41,48.3,5,155900137121,PASS,Pass,Pass,Pass,Pass,Pass,Pass,Pass,Pass,Skip,Pass,Pass,Pass,Pass,Pass,Pass,Pass,Pass,Pass,Pass,Pass,Pass,Pass,Pass,Pass,Pass,Pass,Pass,Pass,Pass,Pass,Pass,Pass,Pass,Pass,Pass,Pass,Pass,Pass,Pass,Skip,Pass,
03-03-2017,20:38:25,47.2,2,155900137116,PASS,Pass,Pass,Pass,Pass,Pass,Pass,Pass,Pass,Skip,Pass,Pass,Pass,Pass,Pass,Pass,Pass,Pass,Pass,Pass,Pass,Pass,Pass,Pass,Pass,Pass,Pass,Pass,Pass,Pass,Pass,Pass,Pass,Pass,Pass,Pass,Pass,Pass,Pass,Pass,Skip,Pass,
03-03-2017,20:38:28,48.5,4,155900137115,PASS,Pass,Pass,Pass,Pass,Pass,Pass,Pass,Pass,Skip,Pass,Pass,Pass,Pass,Pass,Pass,Pass,Pass,Pass,Pass,Pass,Pass,Pass,Pass,Pass,Pass,Pass,Pass,Pass,Pass,Pass,Pass,Pass,Pass,Pass,Pass,Pass,Pass,Pass,Pass,Skip,Pass,
03-03-2017,20:38:31,49.4,6,155900137161,PASS,Pass,Pass,Pass,Pass,Pass,Pass,Pass,Pass,Skip,Pass,Pass,Pass,Pass,Pass,Pass,Pass,Pass,Pass,Pass,Pass,Pass,Pass,Pass,Pass,Pass,Pass,Pass,Pass,Pass,Pass,Pass,Pass,Pass,Pass,Pass,Pass,Pass,Pass,Pass,Skip,Pass,
03-03-2017,20:39:15,50.2,1,155900137165,PASS,Pass,Pass,Pass,Pass,Pass,Pass,Pass,Pass,Skip,Pass,Pass,Pass,Pass,Pass,Pass,Pass,Pass,Pass,Pass,Pass,Pass,Pass,Pass,Pass,Pass,Pass,Pass,Pass,Pass,Pass,Pass,Pass,Pass,Pass,Pass,Pass,Pass,Pass,Pass,Skip,Pass,
03-03-2017,20:39:18,49.3,3,155900137164,PASS,Pass,Pass,Pass,Pass,Pass,Pass,Pass,Pass,Skip,Pass,Pass,Pass,Pass,Pass,Pass,Pass,Pass,Pass,Pass,Pass,Pass,Pass,Pass,Pass,Pass,Pass,Pass,Pass,Pass,Pass,Pass,Pass,Pass,Pass,Pass,Pass,Pass,Pass,Pass,Skip,Pass,
03-03-2017,20:39:19,47.9,5,155900137163,PASS,Pass,Pass,Pass,Pass,Pass,Pass,Pass,Pass,Skip,Pass,Pass,Pass,Pass,Pass,Pass,Pass,Pass,Pass,Pass,Pass,Pass,Pass,Pass,Pass,Pass,Pass,Pass,Pass,Pass,Pass,Pass,Pass,Pass,Pass,Pass,Pass,Pass,Pass,Pass,Skip,Pass,
03-03-2017,20:39:58,42.6,2,155900137142,PASS,Pass,Pass,Pass,Pass,Pass,Pass,Pass,Pass,Skip,Pass,Pass,Pass,Pass,Pass,Pass,Pass,Pass,Pass,Pass,Pass,Pass,Pass,Pass,Pass,Pass,Pass,Pass,Pass,Pass,Pass,Pass,Pass,Pass,Pass,Pass,Pass,Pass,Pass,Pass,Skip,Pass,
03-03-2017,20:39:59,41.2,4,155900137141,PASS,Pass,Pass,Pass,Pass,Pass,Pass,Pass,Pass,Skip,Pass,Pass,Pass,Pass,Pass,Pass,Pass,Pass,Pass,Pass,Pass,Pass,Pass,Pass,Pass,Pass,Pass,Pass,Pass,Pass,Pass,Pass,Pass,Pass,Pass,Pass,Pass,Pass,Pass,Pass,Skip,Pass,
03-03-2017,20:40:00,41.4,6,155900137166,PASS,Pass,Pass,Pass,Pass,Pass,Pass,Pass,Pass,Skip,Pass,Pass,Pass,Pass,Pass,Pass,Pass,Pass,Pass,Pass,Pass,Pass,Pass,Pass,Pass,Pass,Pass,Pass,Pass,Pass,Pass,Pass,Pass,Pass,Pass,Pass,Pass,Pass,Pass,Pass,Skip,Pass,
03-03-2017,20:40:39,40.5,3,155900137143,PASS,Pass,Pass,Pass,Pass,Pass,Pass,Pass,Pass,Skip,Pass,Pass,Pass,Pass,Pass,Pass,Pass,Pass,Pass,Pass,Pass,Pass,Pass,Pass,Pass,Pass,Pass,Pass,Pass,Pass,Pass,Pass,Pass,Pass,Pass,Pass,Pass,Pass,Pass,Pass,Skip,Pass,
03-03-2017,20:40:40,42.0,1,155900137162,PASS,Pass,Pass,Pass,Pass,Pass,Pass,Pass,Pass,Skip,Pass,Pass,Pass,Pass,Pass,Pass,Pass,Pass,Pass,Pass,Pass,Pass,Pass,Pass,Pass,Pass,Pass,Pass,Pass,Pass,Pass,Pass,Pass,Pass,Pass,Pass,Pass,Pass,Pass,Pass,Skip,Pass,
03-03-2017,20:40:41,40.5,5,155900137144,PASS,Pass,Pass,Pass,Pass,Pass,Pass,Pass,Pass,Skip,Pass,Pass,Pass,Pass,Pass,Pass,Pass,Pass,Pass,Pass,Pass,Pass,Pass,Pass,Pass,Pass,Pass,Pass,Pass,Pass,Pass,Pass,Pass,Pass,Pass,Pass,Pass,Pass,Pass,Pass,Skip,Pass,
03-03-2017,20:41:21,40.8,4,155900137131,PASS,Pass,Pass,Pass,Pass,Pass,Pass,Pass,Pass,Skip,Pass,Pass,Pass,Pass,Pass,Pass,Pass,Pass,Pass,Pass,Pass,Pass,Pass,Pass,Pass,Pass,Pass,Pass,Pass,Pass,Pass,Pass,Pass,Pass,Pass,Pass,Pass,Pass,Pass,Pass,Skip,Pass,
03-03-2017,20:41:21,41.4,2,155900137132,PASS,Pass,Pass,Pass,Pass,Pass,Pass,Pass,Pass,Skip,Pass,Pass,Pass,Pass,Pass,Pass,Pass,Pass,Pass,Pass,Pass,Pass,Pass,Pass,Pass,Pass,Pass,Pass,Pass,Pass,Pass,Pass,Pass,Pass,Pass,Pass,Pass,Pass,Pass,Pass,Skip,Pass,
03-03-2017,20:41:23,40.8,6,155900137146,PASS,Pass,Pass,Pass,Pass,Pass,Pass,Pass,Pass,Skip,Pass,Pass,Pass,Pass,Pass,Pass,Pass,Pass,Pass,Pass,Pass,Pass,Pass,Pass,Pass,Pass,Pass,Pass,Pass,Pass,Pass,Pass,Pass,Pass,Pass,Pass,Pass,Pass,Pass,Pass,Skip,Pass,
03-03-2017,20:42:01,39.8,1,155900137145,PASS,Pass,Pass,Pass,Pass,Pass,Pass,Pass,Pass,Skip,Pass,Pass,Pass,Pass,Pass,Pass,Pass,Pass,Pass,Pass,Pass,Pass,Pass,Pass,Pass,Pass,Pass,Pass,Pass,Pass,Pass,Pass,Pass,Pass,Pass,Pass,Pass,Pass,Pass,Pass,Skip,Pass,
03-03-2017,20:42:02,40.7,3,155900137134,PASS,Pass,Pass,Pass,Pass,Pass,Pass,Pass,Pass,Skip,Pass,Pass,Pass,Pass,Pass,Pass,Pass,Pass,Pass,Pass,Pass,Pass,Pass,Pass,Pass,Pass,Pass,Pass,Pass,Pass,Pass,Pass,Pass,Pass,Pass,Pass,Pass,Pass,Pass,Pass,Skip,Pass,
03-03-2017,20:42:04,41.3,5,155900137135,PASS,Pass,Pass,Pass,Pass,Pass,Pass,Pass,Pass,Skip,Pass,Pass,Pass,Pass,Pass,Pass,Pass,Pass,Pass,Pass,Pass,Pass,Pass,Pass,Pass,Pass,Pass,Pass,Pass,Pass,Pass,Pass,Pass,Pass,Pass,Pass,Pass,Pass,Pass,Pass,Skip,Pass,
03-03-2017,20:42:40,39.0,2,155900137151,PASS,Pass,Pass,Pass,Pass,Pass,Pass,Pass,Pass,Skip,Pass,Pass,Pass,Pass,Pass,Pass,Pass,Pass,Pass,Pass,Pass,Pass,Pass,Pass,Pass,Pass,Pass,Pass,Pass,Pass,Pass,Pass,Pass,Pass,Pass,Pass,Pass,Pass,Pass,Pass,Skip,Pass,
03-03-2017,20:42:42,40.5,4,155900137136,PASS,Pass,Pass,Pass,Pass,Pass,Pass,Pass,Pass,Skip,Pass,Pass,Pass,Pass,Pass,Pass,Pass,Pass,Pass,Pass,Pass,Pass,Pass,Pass,Pass,Pass,Pass,Pass,Pass,Pass,Pass,Pass,Pass,Pass,Pass,Pass,Pass,Pass,Pass,Pass,Skip,Pass,
03-03-2017,20:42:45,40.8,6,155900137152,PASS,Pass,Pass,Pass,Pass,Pass,Pass,Pass,Pass,Skip,Pass,Pass,Pass,Pass,Pass,Pass,Pass,Pass,Pass,Pass,Pass,Pass,Pass,Pass,Pass,Pass,Pass,Pass,Pass,Pass,Pass,Pass,Pass,Pass,Pass,Pass,Pass,Pass,Pass,Pass,Skip,Pass,
03-03-2017,20:43:19,39.0,1,155900137153,PASS,Pass,Pass,Pass,Pass,Pass,Pass,Pass,Pass,Skip,Pass,Pass,Pass,Pass,Pass,Pass,Pass,Pass,Pass,Pass,Pass,Pass,Pass,Pass,Pass,Pass,Pass,Pass,Pass,Pass,Pass,Pass,Pass,Pass,Pass,Pass,Pass,Pass,Pass,Pass,Skip,Pass,
03-03-2017,20:43:22,39.2,3,155900137154,PASS,Pass,Pass,Pass,Pass,Pass,Pass,Pass,Pass,Skip,Pass,Pass,Pass,Pass,Pass,Pass,Pass,Pass,Pass,Pass,Pass,Pass,Pass,Pass,Pass,Pass,Pass,Pass,Pass,Pass,Pass,Pass,Pass,Pass,Pass,Pass,Pass,Pass,Pass,Pass,Skip,Pass,
03-03-2017,20:43:26,40.9,5,155900137155,PASS,Pass,Pass,Pass,Pass,Pass,Pass,Pass,Pass,Skip,Pass,Pass,Pass,Pass,Pass,Pass,Pass,Pass,Pass,Pass,Pass,Pass,Pass,Pass,Pass,Pass,Pass,Pass,Pass,Pass,Pass,Pass,Pass,Pass,Pass,Pass,Pass,Pass,Pass,Pass,Skip,Pass,
03-03-2017,20:44:03,39.1,2,155900137211,PASS,Pass,Pass,Pass,Pass,Pass,Pass,Pass,Pass,Skip,Pass,Pass,Pass,Pass,Pass,Pass,Pass,Pass,Pass,Pass,Pass,Pass,Pass,Pass,Pass,Pass,Pass,Pass,Pass,Pass,Pass,Pass,Pass,Pass,Pass,Pass,Pass,Pass,Pass,Pass,Skip,Pass,
03-03-2017,20:44:20,42.0,6,155900137212,PASS,Pass,Pass,Pass,Pass,Pass,Pass,Pass,Pass,Skip,Pass,Pass,Pass,Pass,Pass,Pass,Pass,Pass,Pass,Pass,Pass,Pass,Pass,Pass,Pass,Pass,Pass,Pass,Pass,Pass,Pass,Pass,Pass,Pass,Pass,Pass,Pass,Pass,Pass,Pass,Skip,Pass,
03-03-2017,20:44:22,57.7,4,155900137156,FAIL,Pass,Pass,Pass,Pass,Pass,Pass,Pass,Pass,Skip,Pass,Pass,Pass,Pass,Pass,Pass,Pass,Pass,Pass,Fail,,,,,,,,,,,,,,,,,,,,,,,
03-03-2017,20:44:42,39.3,1,155900137213,PASS,Pass,Pass,Pass,Pass,Pass,Pass,Pass,Pass,Skip,Pass,Pass,Pass,Pass,Pass,Pass,Pass,Pass,Pass,Pass,Pass,Pass,Pass,Pass,Pass,Pass,Pass,Pass,Pass,Pass,Pass,Pass,Pass,Pass,Pass,Pass,Pass,Pass,Pass,Pass,Skip,Pass,
03-03-2017,20:45:02,39.7,3,155900137214,PASS,Pass,Pass,Pass,Pass,Pass,Pass,Pass,Pass,Skip,Pass,Pass,Pass,Pass,Pass,Pass,Pass,Pass,Pass,Pass,Pass,Pass,Pass,Pass,Pass,Pass,Pass,Pass,Pass,Pass,Pass,Pass,Pass,Pass,Pass,Pass,Pass,Pass,Pass,Pass,Skip,Pass,
03-03-2017,20:45:02,41.3,5,155900137215,PASS,Pass,Pass,Pass,Pass,Pass,Pass,Pass,Pass,Skip,Pass,Pass,Pass,Pass,Pass,Pass,Pass,Pass,Pass,Pass,Pass,Pass,Pass,Pass,Pass,Pass,Pass,Pass,Pass,Pass,Pass,Pass,Pass,Pass,Pass,Pass,Pass,Pass,Pass,Pass,Skip,Pass,
03-03-2017,20:45:27,13.4,4,155900137156,FAIL,Pass,Fail,,,,,,,,,,,,,,,,,,,,,,,,,,,,,,,,,,,,,,,,
03-03-2017,20:46:25,43.1,1,155900137182,PASS,Pass,Pass,Pass,Pass,Pass,Pass,Pass,Pass,Skip,Pass,Pass,Pass,Pass,Pass,Pass,Pass,Pass,Pass,Pass,Pass,Pass,Pass,Pass,Pass,Pass,Pass,Pass,Pass,Pass,Pass,Pass,Pass,Pass,Pass,Pass,Pass,Pass,Pass,Pass,Skip,Pass,
03-03-2017,20:46:25,39.1,3,155900137156,PASS,Pass,Pass,Pass,Pass,Pass,Pass,Pass,Pass,Skip,Pass,Pass,Pass,Pass,Pass,Pass,Pass,Pass,Pass,Pass,Pass,Pass,Pass,Pass,Pass,Pass,Pass,Pass,Pass,Pass,Pass,Pass,Pass,Pass,Pass,Pass,Pass,Pass,Pass,Pass,Skip,Pass,
03-03-2017,20:46:30,40.5,6,155900137183,PASS,Pass,Pass,Pass,Pass,Pass,Pass,Pass,Pass,Skip,Pass,Pass,Pass,Pass,Pass,Pass,Pass,Pass,Pass,Pass,Pass,Pass,Pass,Pass,Pass,Pass,Pass,Pass,Pass,Pass,Pass,Pass,Pass,Pass,Pass,Pass,Pass,Pass,Pass,Pass,Skip,Pass,
03-03-2017,20:47:56,39.6,1,155900137181,PASS,Pass,Pass,Pass,Pass,Pass,Pass,Pass,Pass,Skip,Pass,Pass,Pass,Pass,Pass,Pass,Pass,Pass,Pass,Pass,Pass,Pass,Pass,Pass,Pass,Pass,Pass,Pass,Pass,Pass,Pass,Pass,Pass,Pass,Pass,Pass,Pass,Pass,Pass,Pass,Skip,Pass,
03-03-2017,20:47:59,40.6,3,155900137216,PASS,Pass,Pass,Pass,Pass,Pass,Pass,Pass,Pass,Skip,Pass,Pass,Pass,Pass,Pass,Pass,Pass,Pass,Pass,Pass,Pass,Pass,Pass,Pass,Pass,Pass,Pass,Pass,Pass,Pass,Pass,Pass,Pass,Pass,Pass,Pass,Pass,Pass,Pass,Pass,Skip,Pass,
03-03-2017,20:48:11,40.0,5,155900137184,PASS,Pass,Pass,Pass,Pass,Pass,Pass,Pass,Pass,Skip,Pass,Pass,Pass,Pass,Pass,Pass,Pass,Pass,Pass,Pass,Pass,Pass,Pass,Pass,Pass,Pass,Pass,Pass,Pass,Pass,Pass,Pass,Pass,Pass,Pass,Pass,Pass,Pass,Pass,Pass,Skip,Pass,
03-03-2017,20:49:00,39.2,1,155900137201,PASS,Pass,Pass,Pass,Pass,Pass,Pass,Pass,Pass,Skip,Pass,Pass,Pass,Pass,Pass,Pass,Pass,Pass,Pass,Pass,Pass,Pass,Pass,Pass,Pass,Pass,Pass,Pass,Pass,Pass,Pass,Pass,Pass,Pass,Pass,Pass,Pass,Pass,Pass,Pass,Skip,Pass,
03-03-2017,20:49:03,39.7,3,155900137186,PASS,Pass,Pass,Pass,Pass,Pass,Pass,Pass,Pass,Skip,Pass,Pass,Pass,Pass,Pass,Pass,Pass,Pass,Pass,Pass,Pass,Pass,Pass,Pass,Pass,Pass,Pass,Pass,Pass,Pass,Pass,Pass,Pass,Pass,Pass,Pass,Pass,Pass,Pass,Pass,Skip,Pass,
03-03-2017,20:49:05,39.9,5,155900137185,PASS,Pass,Pass,Pass,Pass,Pass,Pass,Pass,Pass,Skip,Pass,Pass,Pass,Pass,Pass,Pass,Pass,Pass,Pass,Pass,Pass,Pass,Pass,Pass,Pass,Pass,Pass,Pass,Pass,Pass,Pass,Pass,Pass,Pass,Pass,Pass,Pass,Pass,Pass,Pass,Skip,Pass,
03-03-2017,20:49:39,39.0,2,155900137202,PASS,Pass,Pass,Pass,Pass,Pass,Pass,Pass,Pass,Skip,Pass,Pass,Pass,Pass,Pass,Pass,Pass,Pass,Pass,Pass,Pass,Pass,Pass,Pass,Pass,Pass,Pass,Pass,Pass,Pass,Pass,Pass,Pass,Pass,Pass,Pass,Pass,Pass,Pass,Pass,Skip,Pass,
03-03-2017,20:49:55,41.2,6,155900137203,PASS,Pass,Pass,Pass,Pass,Pass,Pass,Pass,Pass,Skip,Pass,Pass,Pass,Pass,Pass,Pass,Pass,Pass,Pass,Pass,Pass,Pass,Pass,Pass,Pass,Pass,Pass,Pass,Pass,Pass,Pass,Pass,Pass,Pass,Pass,Pass,Pass,Pass,Pass,Pass,Skip,Pass,
03-03-2017,20:50:31,39.3,1,155900137205,PASS,Pass,Pass,Pass,Pass,Pass,Pass,Pass,Pass,Skip,Pass,Pass,Pass,Pass,Pass,Pass,Pass,Pass,Pass,Pass,Pass,Pass,Pass,Pass,Pass,Pass,Pass,Pass,Pass,Pass,Pass,Pass,Pass,Pass,Pass,Pass,Pass,Pass,Pass,Pass,Skip,Pass,
03-03-2017,20:50:59,39.8,3,155900137241,PASS,Pass,Pass,Pass,Pass,Pass,Pass,Pass,Pass,Skip,Pass,Pass,Pass,Pass,Pass,Pass,Pass,Pass,Pass,Pass,Pass,Pass,Pass,Pass,Pass,Pass,Pass,Pass,Pass,Pass,Pass,Pass,Pass,Pass,Pass,Pass,Pass,Pass,Pass,Pass,Skip,Pass,
03-03-2017,20:53:35,40.0,1,155900137244,PASS,Pass,Pass,Pass,Pass,Pass,Pass,Pass,Pass,Skip,Pass,Pass,Pass,Pass,Pass,Pass,Pass,Pass,Pass,Pass,Pass,Pass,Pass,Pass,Pass,Pass,Pass,Pass,Pass,Pass,Pass,Pass,Pass,Pass,Pass,Pass,Pass,Pass,Pass,Pass,Skip,Pass,
03-03-2017,20:53:40,39.7,3,155900137204,PASS,Pass,Pass,Pass,Pass,Pass,Pass,Pass,Pass,Skip,Pass,Pass,Pass,Pass,Pass,Pass,Pass,Pass,Pass,Pass,Pass,Pass,Pass,Pass,Pass,Pass,Pass,Pass,Pass,Pass,Pass,Pass,Pass,Pass,Pass,Pass,Pass,Pass,Pass,Pass,Skip,Pass,
03-03-2017,20:53:42,39.2,5,155900137206,PASS,Pass,Pass,Pass,Pass,Pass,Pass,Pass,Pass,Skip,Pass,Pass,Pass,Pass,Pass,Pass,Pass,Pass,Pass,Pass,Pass,Pass,Pass,Pass,Pass,Pass,Pass,Pass,Pass,Pass,Pass,Pass,Pass,Pass,Pass,Pass,Pass,Pass,Pass,Pass,Skip,Pass,
03-03-2017,20:54:16,40.8,2,155900137243,PASS,Pass,Pass,Pass,Pass,Pass,Pass,Pass,Pass,Skip,Pass,Pass,Pass,Pass,Pass,Pass,Pass,Pass,Pass,Pass,Pass,Pass,Pass,Pass,Pass,Pass,Pass,Pass,Pass,Pass,Pass,Pass,Pass,Pass,Pass,Pass,Pass,Pass,Pass,Pass,Skip,Pass,
03-03-2017,20:54:23,40.6,6,155900137242,PASS,Pass,Pass,Pass,Pass,Pass,Pass,Pass,Pass,Skip,Pass,Pass,Pass,Pass,Pass,Pass,Pass,Pass,Pass,Pass,Pass,Pass,Pass,Pass,Pass,Pass,Pass,Pass,Pass,Pass,Pass,Pass,Pass,Pass,Pass,Pass,Pass,Pass,Pass,Pass,Skip,Pass,
03-03-2017,20:56:32,39.1,1,155900137245,PASS,Pass,Pass,Pass,Pass,Pass,Pass,Pass,Pass,Skip,Pass,Pass,Pass,Pass,Pass,Pass,Pass,Pass,Pass,Pass,Pass,Pass,Pass,Pass,Pass,Pass,Pass,Pass,Pass,Pass,Pass,Pass,Pass,Pass,Pass,Pass,Pass,Pass,Pass,Pass,Skip,Pass,
03-03-2017,20:56:45,39.7,3,155900137246,PASS,Pass,Pass,Pass,Pass,Pass,Pass,Pass,Pass,Skip,Pass,Pass,Pass,Pass,Pass,Pass,Pass,Pass,Pass,Pass,Pass,Pass,Pass,Pass,Pass,Pass,Pass,Pass,Pass,Pass,Pass,Pass,Pass,Pass,Pass,Pass,Pass,Pass,Pass,Pass,Skip,Pass,
03-03-2017,20:57:28,40.7,2,155900137171,PASS,Pass,Pass,Pass,Pass,Pass,Pass,Pass,Pass,Skip,Pass,Pass,Pass,Pass,Pass,Pass,Pass,Pass,Pass,Pass,Pass,Pass,Pass,Pass,Pass,Pass,Pass,Pass,Pass,Pass,Pass,Pass,Pass,Pass,Pass,Pass,Pass,Pass,Pass,Pass,Skip,Pass,
03-03-2017,20:57:39,39.8,6,155900137172,PASS,Pass,Pass,Pass,Pass,Pass,Pass,Pass,Pass,Skip,Pass,Pass,Pass,Pass,Pass,Pass,Pass,Pass,Pass,Pass,Pass,Pass,Pass,Pass,Pass,Pass,Pass,Pass,Pass,Pass,Pass,Pass,Pass,Pass,Pass,Pass,Pass,Pass,Pass,Pass,Skip,Pass,
03-03-2017,20:58:08,39.4,1,155900137173,PASS,Pass,Pass,Pass,Pass,Pass,Pass,Pass,Pass,Skip,Pass,Pass,Pass,Pass,Pass,Pass,Pass,Pass,Pass,Pass,Pass,Pass,Pass,Pass,Pass,Pass,Pass,Pass,Pass,Pass,Pass,Pass,Pass,Pass,Pass,Pass,Pass,Pass,Pass,Pass,Skip,Pass,
03-03-2017,21:09:56,39.1,1,155900137174,PASS,Pass,Pass,Pass,Pass,Pass,Pass,Pass,Pass,Skip,Pass,Pass,Pass,Pass,Pass,Pass,Pass,Pass,Pass,Pass,Pass,Pass,Pass,Pass,Pass,Pass,Pass,Pass,Pass,Pass,Pass,Pass,Pass,Pass,Pass,Pass,Pass,Pass,Pass,Pass,Skip,Pass,
03-03-2017,21:10:03,40.2,3,155900137175,PASS,Pass,Pass,Pass,Pass,Pass,Pass,Pass,Pass,Skip,Pass,Pass,Pass,Pass,Pass,Pass,Pass,Pass,Pass,Pass,Pass,Pass,Pass,Pass,Pass,Pass,Pass,Pass,Pass,Pass,Pass,Pass,Pass,Pass,Pass,Pass,Pass,Pass,Pass,Pass,Skip,Pass,
03-03-2017,21:10:45,40.0,6,155900137176,PASS,Pass,Pass,Pass,Pass,Pass,Pass,Pass,Pass,Skip,Pass,Pass,Pass,Pass,Pass,Pass,Pass,Pass,Pass,Pass,Pass,Pass,Pass,Pass,Pass,Pass,Pass,Pass,Pass,Pass,Pass,Pass,Pass,Pass,Pass,Pass,Pass,Pass,Pass,Pass,Skip,Pass,
03-03-2017,21:10:52,40.4,2,155900137251,PASS,Pass,Pass,Pass,Pass,Pass,Pass,Pass,Pass,Skip,Pass,Pass,Pass,Pass,Pass,Pass,Pass,Pass,Pass,Pass,Pass,Pass,Pass,Pass,Pass,Pass,Pass,Pass,Pass,Pass,Pass,Pass,Pass,Pass,Pass,Pass,Pass,Pass,Pass,Pass,Skip,Pass,
03-03-2017,21:11:20,40.0,3,155900137253,PASS,Pass,Pass,Pass,Pass,Pass,Pass,Pass,Pass,Skip,Pass,Pass,Pass,Pass,Pass,Pass,Pass,Pass,Pass,Pass,Pass,Pass,Pass,Pass,Pass,Pass,Pass,Pass,Pass,Pass,Pass,Pass,Pass,Pass,Pass,Pass,Pass,Pass,Pass,Pass,Skip,Pass,
03-03-2017,21:11:32,40.1,1,155900137252,PASS,Pass,Pass,Pass,Pass,Pass,Pass,Pass,Pass,Skip,Pass,Pass,Pass,Pass,Pass,Pass,Pass,Pass,Pass,Pass,Pass,Pass,Pass,Pass,Pass,Pass,Pass,Pass,Pass,Pass,Pass,Pass,Pass,Pass,Pass,Pass,Pass,Pass,Pass,Pass,Skip,Pass,
03-03-2017,21:11:35,39.8,5,155900137254,PASS,Pass,Pass,Pass,Pass,Pass,Pass,Pass,Pass,Skip,Pass,Pass,Pass,Pass,Pass,Pass,Pass,Pass,Pass,Pass,Pass,Pass,Pass,Pass,Pass,Pass,Pass,Pass,Pass,Pass,Pass,Pass,Pass,Pass,Pass,Pass,Pass,Pass,Pass,Pass,Skip,Pass,
03-03-2017,21:12:11,39.1,2,155900137255,PASS,Pass,Pass,Pass,Pass,Pass,Pass,Pass,Pass,Skip,Pass,Pass,Pass,Pass,Pass,Pass,Pass,Pass,Pass,Pass,Pass,Pass,Pass,Pass,Pass,Pass,Pass,Pass,Pass,Pass,Pass,Pass,Pass,Pass,Pass,Pass,Pass,Pass,Pass,Pass,Skip,Pass,
03-03-2017,21:12:15,40.1,6,155900137256,PASS,Pass,Pass,Pass,Pass,Pass,Pass,Pass,Pass,Skip,Pass,Pass,Pass,Pass,Pass,Pass,Pass,Pass,Pass,Pass,Pass,Pass,Pass,Pass,Pass,Pass,Pass,Pass,Pass,Pass,Pass,Pass,Pass,Pass,Pass,Pass,Pass,Pass,Pass,Pass,Skip,Pass,
03-03-2017,21:12:53,39.2,3,155900137191,PASS,Pass,Pass,Pass,Pass,Pass,Pass,Pass,Pass,Skip,Pass,Pass,Pass,Pass,Pass,Pass,Pass,Pass,Pass,Pass,Pass,Pass,Pass,Pass,Pass,Pass,Pass,Pass,Pass,Pass,Pass,Pass,Pass,Pass,Pass,Pass,Pass,Pass,Pass,Pass,Skip,Pass,
03-03-2017,21:13:10,39.8,1,155900137192,PASS,Pass,Pass,Pass,Pass,Pass,Pass,Pass,Pass,Skip,Pass,Pass,Pass,Pass,Pass,Pass,Pass,Pass,Pass,Pass,Pass,Pass,Pass,Pass,Pass,Pass,Pass,Pass,Pass,Pass,Pass,Pass,Pass,Pass,Pass,Pass,Pass,Pass,Pass,Pass,Skip,Pass,
03-03-2017,21:13:16,40.6,5,155900137193,PASS,Pass,Pass,Pass,Pass,Pass,Pass,Pass,Pass,Skip,Pass,Pass,Pass,Pass,Pass,Pass,Pass,Pass,Pass,Pass,Pass,Pass,Pass,Pass,Pass,Pass,Pass,Pass,Pass,Pass,Pass,Pass,Pass,Pass,Pass,Pass,Pass,Pass,Pass,Pass,Skip,Pass,
03-03-2017,21:13:50,39.8,2,155900137194,PASS,Pass,Pass,Pass,Pass,Pass,Pass,Pass,Pass,Skip,Pass,Pass,Pass,Pass,Pass,Pass,Pass,Pass,Pass,Pass,Pass,Pass,Pass,Pass,Pass,Pass,Pass,Pass,Pass,Pass,Pass,Pass,Pass,Pass,Pass,Pass,Pass,Pass,Pass,Pass,Skip,Pass,
03-03-2017,21:13:57,40.7,6,155900137195,PASS,Pass,Pass,Pass,Pass,Pass,Pass,Pass,Pass,Skip,Pass,Pass,Pass,Pass,Pass,Pass,Pass,Pass,Pass,Pass,Pass,Pass,Pass,Pass,Pass,Pass,Pass,Pass,Pass,Pass,Pass,Pass,Pass,Pass,Pass,Pass,Pass,Pass,Pass,Pass,Skip,Pass,
03-03-2017,21:13:57,38.8,3,155900137196,PASS,Pass,Pass,Pass,Pass,Pass,Pass,Pass,Pass,Skip,Pass,Pass,Pass,Pass,Pass,Pass,Pass,Pass,Pass,Pass,Pass,Pass,Pass,Pass,Pass,Pass,Pass,Pass,Pass,Pass,Pass,Pass,Pass,Pass,Pass,Pass,Pass,Pass,Pass,Pass,Skip,Pass,
03-03-2017,21:14:57,39.4,1,155900137261,PASS,Pass,Pass,Pass,Pass,Pass,Pass,Pass,Pass,Skip,Pass,Pass,Pass,Pass,Pass,Pass,Pass,Pass,Pass,Pass,Pass,Pass,Pass,Pass,Pass,Pass,Pass,Pass,Pass,Pass,Pass,Pass,Pass,Pass,Pass,Pass,Pass,Pass,Pass,Pass,Skip,Pass,
03-03-2017,21:15:07,40.5,3,155900137262,PASS,Pass,Pass,Pass,Pass,Pass,Pass,Pass,Pass,Skip,Pass,Pass,Pass,Pass,Pass,Pass,Pass,Pass,Pass,Pass,Pass,Pass,Pass,Pass,Pass,Pass,Pass,Pass,Pass,Pass,Pass,Pass,Pass,Pass,Pass,Pass,Pass,Pass,Pass,Pass,Skip,Pass,
03-03-2017,21:16:47,40.8,2,155900137263,PASS,Pass,Pass,Pass,Pass,Pass,Pass,Pass,Pass,Skip,Pass,Pass,Pass,Pass,Pass,Pass,Pass,Pass,Pass,Pass,Pass,Pass,Pass,Pass,Pass,Pass,Pass,Pass,Pass,Pass,Pass,Pass,Pass,Pass,Pass,Pass,Pass,Pass,Pass,Pass,Skip,Pass,
03-03-2017,21:16:57,40.1,5,155900137264,PASS,Pass,Pass,Pass,Pass,Pass,Pass,Pass,Pass,Skip,Pass,Pass,Pass,Pass,Pass,Pass,Pass,Pass,Pass,Pass,Pass,Pass,Pass,Pass,Pass,Pass,Pass,Pass,Pass,Pass,Pass,Pass,Pass,Pass,Pass,Pass,Pass,Pass,Pass,Pass,Skip,Pass,
03-03-2017,21:17:28,39.9,1,155900137265,PASS,Pass,Pass,Pass,Pass,Pass,Pass,Pass,Pass,Skip,Pass,Pass,Pass,Pass,Pass,Pass,Pass,Pass,Pass,Pass,Pass,Pass,Pass,Pass,Pass,Pass,Pass,Pass,Pass,Pass,Pass,Pass,Pass,Pass,Pass,Pass,Pass,Pass,Pass,Pass,Skip,Pass,
03-03-2017,21:17:42,39.2,3,155900137266,PASS,Pass,Pass,Pass,Pass,Pass,Pass,Pass,Pass,Skip,Pass,Pass,Pass,Pass,Pass,Pass,Pass,Pass,Pass,Pass,Pass,Pass,Pass,Pass,Pass,Pass,Pass,Pass,Pass,Pass,Pass,Pass,Pass,Pass,Pass,Pass,Pass,Pass,Pass,Pass,Skip,Pass,
03-03-2017,21:18:01,41.2,5,155900137271,PASS,Pass,Pass,Pass,Pass,Pass,Pass,Pass,Pass,Skip,Pass,Pass,Pass,Pass,Pass,Pass,Pass,Pass,Pass,Pass,Pass,Pass,Pass,Pass,Pass,Pass,Pass,Pass,Pass,Pass,Pass,Pass,Pass,Pass,Pass,Pass,Pass,Pass,Pass,Pass,Skip,Pass,
03-03-2017,21:19:22,40.4,2,155900137272,PASS,Pass,Pass,Pass,Pass,Pass,Pass,Pass,Pass,Skip,Pass,Pass,Pass,Pass,Pass,Pass,Pass,Pass,Pass,Pass,Pass,Pass,Pass,Pass,Pass,Pass,Pass,Pass,Pass,Pass,Pass,Pass,Pass,Pass,Pass,Pass,Pass,Pass,Pass,Pass,Skip,Pass,
03-03-2017,21:19:34,42.0,6,155900137273,PASS,Pass,Pass,Pass,Pass,Pass,Pass,Pass,Pass,Skip,Pass,Pass,Pass,Pass,Pass,Pass,Pass,Pass,Pass,Pass,Pass,Pass,Pass,Pass,Pass,Pass,Pass,Pass,Pass,Pass,Pass,Pass,Pass,Pass,Pass,Pass,Pass,Pass,Pass,Pass,Skip,Pass,
03-03-2017,21:20:34,39.4,1,155900137274,PASS,Pass,Pass,Pass,Pass,Pass,Pass,Pass,Pass,Skip,Pass,Pass,Pass,Pass,Pass,Pass,Pass,Pass,Pass,Pass,Pass,Pass,Pass,Pass,Pass,Pass,Pass,Pass,Pass,Pass,Pass,Pass,Pass,Pass,Pass,Pass,Pass,Pass,Pass,Pass,Skip,Pass,
03-03-2017,21:20:45,40.1,3,155900137275,PASS,Pass,Pass,Pass,Pass,Pass,Pass,Pass,Pass,Skip,Pass,Pass,Pass,Pass,Pass,Pass,Pass,Pass,Pass,Pass,Pass,Pass,Pass,Pass,Pass,Pass,Pass,Pass,Pass,Pass,Pass,Pass,Pass,Pass,Pass,Pass,Pass,Pass,Pass,Pass,Skip,Pass,
03-03-2017,21:21:01,40.6,5,155900137276,PASS,Pass,Pass,Pass,Pass,Pass,Pass,Pass,Pass,Skip,Pass,Pass,Pass,Pass,Pass,Pass,Pass,Pass,Pass,Pass,Pass,Pass,Pass,Pass,Pass,Pass,Pass,Pass,Pass,Pass,Pass,Pass,Pass,Pass,Pass,Pass,Pass,Pass,Pass,Pass,Skip,Pass,
03-03-2017,21:21:49,39.8,2,155900137281,PASS,Pass,Pass,Pass,Pass,Pass,Pass,Pass,Pass,Skip,Pass,Pass,Pass,Pass,Pass,Pass,Pass,Pass,Pass,Pass,Pass,Pass,Pass,Pass,Pass,Pass,Pass,Pass,Pass,Pass,Pass,Pass,Pass,Pass,Pass,Pass,Pass,Pass,Pass,Pass,Skip,Pass,
03-03-2017,21:21:58,40.0,6,155900137282,PASS,Pass,Pass,Pass,Pass,Pass,Pass,Pass,Pass,Skip,Pass,Pass,Pass,Pass,Pass,Pass,Pass,Pass,Pass,Pass,Pass,Pass,Pass,Pass,Pass,Pass,Pass,Pass,Pass,Pass,Pass,Pass,Pass,Pass,Pass,Pass,Pass,Pass,Pass,Pass,Skip,Pass,
03-03-2017,21:22:31,39.2,1,155900137283,PASS,Pass,Pass,Pass,Pass,Pass,Pass,Pass,Pass,Skip,Pass,Pass,Pass,Pass,Pass,Pass,Pass,Pass,Pass,Pass,Pass,Pass,Pass,Pass,Pass,Pass,Pass,Pass,Pass,Pass,Pass,Pass,Pass,Pass,Pass,Pass,Pass,Pass,Pass,Pass,Skip,Pass,
03-03-2017,21:22:43,39.3,3,155900137284,PASS,Pass,Pass,Pass,Pass,Pass,Pass,Pass,Pass,Skip,Pass,Pass,Pass,Pass,Pass,Pass,Pass,Pass,Pass,Pass,Pass,Pass,Pass,Pass,Pass,Pass,Pass,Pass,Pass,Pass,Pass,Pass,Pass,Pass,Pass,Pass,Pass,Pass,Pass,Pass,Skip,Pass,
03-03-2017,21:22:56,41.3,5,155900137285,PASS,Pass,Pass,Pass,Pass,Pass,Pass,Pass,Pass,Skip,Pass,Pass,Pass,Pass,Pass,Pass,Pass,Pass,Pass,Pass,Pass,Pass,Pass,Pass,Pass,Pass,Pass,Pass,Pass,Pass,Pass,Pass,Pass,Pass,Pass,Pass,Pass,Pass,Pass,Pass,Skip,Pass,
03-03-2017,21:23:11,39.9,2,155900137286,PASS,Pass,Pass,Pass,Pass,Pass,Pass,Pass,Pass,Skip,Pass,Pass,Pass,Pass,Pass,Pass,Pass,Pass,Pass,Pass,Pass,Pass,Pass,Pass,Pass,Pass,Pass,Pass,Pass,Pass,Pass,Pass,Pass,Pass,Pass,Pass,Pass,Pass,Pass,Pass,Skip,Pass,
03-03-2017,21:23:35,39.4,6,155900137231,PASS,Pass,Pass,Pass,Pass,Pass,Pass,Pass,Pass,Skip,Pass,Pass,Pass,Pass,Pass,Pass,Pass,Pass,Pass,Pass,Pass,Pass,Pass,Pass,Pass,Pass,Pass,Pass,Pass,Pass,Pass,Pass,Pass,Pass,Pass,Pass,Pass,Pass,Pass,Pass,Skip,Pass,
03-03-2017,21:23:51,39.5,1,155900137232,PASS,Pass,Pass,Pass,Pass,Pass,Pass,Pass,Pass,Skip,Pass,Pass,Pass,Pass,Pass,Pass,Pass,Pass,Pass,Pass,Pass,Pass,Pass,Pass,Pass,Pass,Pass,Pass,Pass,Pass,Pass,Pass,Pass,Pass,Pass,Pass,Pass,Pass,Pass,Pass,Skip,Pass,
03-03-2017,21:23:53,39.8,3,155900137233,PASS,Pass,Pass,Pass,Pass,Pass,Pass,Pass,Pass,Skip,Pass,Pass,Pass,Pass,Pass,Pass,Pass,Pass,Pass,Pass,Pass,Pass,Pass,Pass,Pass,Pass,Pass,Pass,Pass,Pass,Pass,Pass,Pass,Pass,Pass,Pass,Pass,Pass,Pass,Pass,Skip,Pass,
03-03-2017,21:24:16,40.0,5,155900137234,PASS,Pass,Pass,Pass,Pass,Pass,Pass,Pass,Pass,Skip,Pass,Pass,Pass,Pass,Pass,Pass,Pass,Pass,Pass,Pass,Pass,Pass,Pass,Pass,Pass,Pass,Pass,Pass,Pass,Pass,Pass,Pass,Pass,Pass,Pass,Pass,Pass,Pass,Pass,Pass,Skip,Pass,
03-03-2017,21:25:11,40.7,2,155900137235,PASS,Pass,Pass,Pass,Pass,Pass,Pass,Pass,Pass,Skip,Pass,Pass,Pass,Pass,Pass,Pass,Pass,Pass,Pass,Pass,Pass,Pass,Pass,Pass,Pass,Pass,Pass,Pass,Pass,Pass,Pass,Pass,Pass,Pass,Pass,Pass,Pass,Pass,Pass,Pass,Skip,Pass,
03-03-2017,21:25:21,40.1,6,155900137236,PASS,Pass,Pass,Pass,Pass,Pass,Pass,Pass,Pass,Skip,Pass,Pass,Pass,Pass,Pass,Pass,Pass,Pass,Pass,Pass,Pass,Pass,Pass,Pass,Pass,Pass,Pass,Pass,Pass,Pass,Pass,Pass,Pass,Pass,Pass,Pass,Pass,Pass,Pass,Pass,Skip,Pass,
03-03-2017,21:25:50,39.8,3,155900137292,PASS,Pass,Pass,Pass,Pass,Pass,Pass,Pass,Pass,Skip,Pass,Pass,Pass,Pass,Pass,Pass,Pass,Pass,Pass,Pass,Pass,Pass,Pass,Pass,Pass,Pass,Pass,Pass,Pass,Pass,Pass,Pass,Pass,Pass,Pass,Pass,Pass,Pass,Pass,Pass,Skip,Pass,
03-03-2017,21:25:50,38.9,1,155900137291,PASS,Pass,Pass,Pass,Pass,Pass,Pass,Pass,Pass,Skip,Pass,Pass,Pass,Pass,Pass,Pass,Pass,Pass,Pass,Pass,Pass,Pass,Pass,Pass,Pass,Pass,Pass,Pass,Pass,Pass,Pass,Pass,Pass,Pass,Pass,Pass,Pass,Pass,Pass,Pass,Skip,Pass,
03-03-2017,21:26:02,39.9,5,155900137293,PASS,Pass,Pass,Pass,Pass,Pass,Pass,Pass,Pass,Skip,Pass,Pass,Pass,Pass,Pass,Pass,Pass,Pass,Pass,Pass,Pass,Pass,Pass,Pass,Pass,Pass,Pass,Pass,Pass,Pass,Pass,Pass,Pass,Pass,Pass,Pass,Pass,Pass,Pass,Pass,Skip,Pass,
03-03-2017,21:26:31,41.3,2,155900137294,PASS,Pass,Pass,Pass,Pass,Pass,Pass,Pass,Pass,Skip,Pass,Pass,Pass,Pass,Pass,Pass,Pass,Pass,Pass,Pass,Pass,Pass,Pass,Pass,Pass,Pass,Pass,Pass,Pass,Pass,Pass,Pass,Pass,Pass,Pass,Pass,Pass,Pass,Pass,Pass,Skip,Pass,
03-03-2017,21:26:42,40.0,6,155900137295,PASS,Pass,Pass,Pass,Pass,Pass,Pass,Pass,Pass,Skip,Pass,Pass,Pass,Pass,Pass,Pass,Pass,Pass,Pass,Pass,Pass,Pass,Pass,Pass,Pass,Pass,Pass,Pass,Pass,Pass,Pass,Pass,Pass,Pass,Pass,Pass,Pass,Pass,Pass,Pass,Skip,Pass,
03-03-2017,21:27:09,39.9,3,155900137311,PASS,Pass,Pass,Pass,Pass,Pass,Pass,Pass,Pass,Skip,Pass,Pass,Pass,Pass,Pass,Pass,Pass,Pass,Pass,Pass,Pass,Pass,Pass,Pass,Pass,Pass,Pass,Pass,Pass,Pass,Pass,Pass,Pass,Pass,Pass,Pass,Pass,Pass,Pass,Pass,Skip,Pass,
03-03-2017,21:27:10,39.2,1,155900137296,PASS,Pass,Pass,Pass,Pass,Pass,Pass,Pass,Pass,Skip,Pass,Pass,Pass,Pass,Pass,Pass,Pass,Pass,Pass,Pass,Pass,Pass,Pass,Pass,Pass,Pass,Pass,Pass,Pass,Pass,Pass,Pass,Pass,Pass,Pass,Pass,Pass,Pass,Pass,Pass,Skip,Pass,
03-03-2017,21:27:24,39.3,5,155900137312,PASS,Pass,Pass,Pass,Pass,Pass,Pass,Pass,Pass,Skip,Pass,Pass,Pass,Pass,Pass,Pass,Pass,Pass,Pass,Pass,Pass,Pass,Pass,Pass,Pass,Pass,Pass,Pass,Pass,Pass,Pass,Pass,Pass,Pass,Pass,Pass,Pass,Pass,Pass,Pass,Skip,Pass,
03-03-2017,21:27:50,39.0,2,155900137313,PASS,Pass,Pass,Pass,Pass,Pass,Pass,Pass,Pass,Skip,Pass,Pass,Pass,Pass,Pass,Pass,Pass,Pass,Pass,Pass,Pass,Pass,Pass,Pass,Pass,Pass,Pass,Pass,Pass,Pass,Pass,Pass,Pass,Pass,Pass,Pass,Pass,Pass,Pass,Pass,Skip,Pass,
03-03-2017,21:28:05,40.0,6,155900137314,PASS,Pass,Pass,Pass,Pass,Pass,Pass,Pass,Pass,Skip,Pass,Pass,Pass,Pass,Pass,Pass,Pass,Pass,Pass,Pass,Pass,Pass,Pass,Pass,Pass,Pass,Pass,Pass,Pass,Pass,Pass,Pass,Pass,Pass,Pass,Pass,Pass,Pass,Pass,Pass,Skip,Pass,
03-03-2017,21:28:38,39.6,1,155900137315,PASS,Pass,Pass,Pass,Pass,Pass,Pass,Pass,Pass,Skip,Pass,Pass,Pass,Pass,Pass,Pass,Pass,Pass,Pass,Pass,Pass,Pass,Pass,Pass,Pass,Pass,Pass,Pass,Pass,Pass,Pass,Pass,Pass,Pass,Pass,Pass,Pass,Pass,Pass,Pass,Skip,Pass,
03-03-2017,21:28:46,38.9,3,155900137316,PASS,Pass,Pass,Pass,Pass,Pass,Pass,Pass,Pass,Skip,Pass,Pass,Pass,Pass,Pass,Pass,Pass,Pass,Pass,Pass,Pass,Pass,Pass,Pass,Pass,Pass,Pass,Pass,Pass,Pass,Pass,Pass,Pass,Pass,Pass,Pass,Pass,Pass,Pass,Pass,Skip,Pass,
03-03-2017,21:28:57,40.6,5,155900137301,PASS,Pass,Pass,Pass,Pass,Pass,Pass,Pass,Pass,Skip,Pass,Pass,Pass,Pass,Pass,Pass,Pass,Pass,Pass,Pass,Pass,Pass,Pass,Pass,Pass,Pass,Pass,Pass,Pass,Pass,Pass,Pass,Pass,Pass,Pass,Pass,Pass,Pass,Pass,Pass,Skip,Pass,
03-03-2017,21:29:18,39.9,2,155900137302,PASS,Pass,Pass,Pass,Pass,Pass,Pass,Pass,Pass,Skip,Pass,Pass,Pass,Pass,Pass,Pass,Pass,Pass,Pass,Pass,Pass,Pass,Pass,Pass,Pass,Pass,Pass,Pass,Pass,Pass,Pass,Pass,Pass,Pass,Pass,Pass,Pass,Pass,Pass,Pass,Skip,Pass,
03-03-2017,21:29:37,40.0,6,155900137303,PASS,Pass,Pass,Pass,Pass,Pass,Pass,Pass,Pass,Skip,Pass,Pass,Pass,Pass,Pass,Pass,Pass,Pass,Pass,Pass,Pass,Pass,Pass,Pass,Pass,Pass,Pass,Pass,Pass,Pass,Pass,Pass,Pass,Pass,Pass,Pass,Pass,Pass,Pass,Pass,Skip,Pass,
03-03-2017,21:30:12,39.3,1,155900137304,PASS,Pass,Pass,Pass,Pass,Pass,Pass,Pass,Pass,Skip,Pass,Pass,Pass,Pass,Pass,Pass,Pass,Pass,Pass,Pass,Pass,Pass,Pass,Pass,Pass,Pass,Pass,Pass,Pass,Pass,Pass,Pass,Pass,Pass,Pass,Pass,Pass,Pass,Pass,Pass,Skip,Pass,
03-03-2017,21:30:21,39.2,3,155900137305,PASS,Pass,Pass,Pass,Pass,Pass,Pass,Pass,Pass,Skip,Pass,Pass,Pass,Pass,Pass,Pass,Pass,Pass,Pass,Pass,Pass,Pass,Pass,Pass,Pass,Pass,Pass,Pass,Pass,Pass,Pass,Pass,Pass,Pass,Pass,Pass,Pass,Pass,Pass,Pass,Skip,Pass,
03-03-2017,21:30:34,39.3,5,155900137306,PASS,Pass,Pass,Pass,Pass,Pass,Pass,Pass,Pass,Skip,Pass,Pass,Pass,Pass,Pass,Pass,Pass,Pass,Pass,Pass,Pass,Pass,Pass,Pass,Pass,Pass,Pass,Pass,Pass,Pass,Pass,Pass,Pass,Pass,Pass,Pass,Pass,Pass,Pass,Pass,Skip,Pass,
03-03-2017,21:30:53,40.6,2,155900137331,PASS,Pass,Pass,Pass,Pass,Pass,Pass,Pass,Pass,Skip,Pass,Pass,Pass,Pass,Pass,Pass,Pass,Pass,Pass,Pass,Pass,Pass,Pass,Pass,Pass,Pass,Pass,Pass,Pass,Pass,Pass,Pass,Pass,Pass,Pass,Pass,Pass,Pass,Pass,Pass,Skip,Pass,
03-03-2017,21:31:14,39.5,6,155900137332,PASS,Pass,Pass,Pass,Pass,Pass,Pass,Pass,Pass,Skip,Pass,Pass,Pass,Pass,Pass,Pass,Pass,Pass,Pass,Pass,Pass,Pass,Pass,Pass,Pass,Pass,Pass,Pass,Pass,Pass,Pass,Pass,Pass,Pass,Pass,Pass,Pass,Pass,Pass,Pass,Skip,Pass,
03-03-2017,21:31:32,39.2,3,155900137334,PASS,Pass,Pass,Pass,Pass,Pass,Pass,Pass,Pass,Skip,Pass,Pass,Pass,Pass,Pass,Pass,Pass,Pass,Pass,Pass,Pass,Pass,Pass,Pass,Pass,Pass,Pass,Pass,Pass,Pass,Pass,Pass,Pass,Pass,Pass,Pass,Pass,Pass,Pass,Pass,Skip,Pass,
03-03-2017,21:31:33,40.0,1,155900137333,PASS,Pass,Pass,Pass,Pass,Pass,Pass,Pass,Pass,Skip,Pass,Pass,Pass,Pass,Pass,Pass,Pass,Pass,Pass,Pass,Pass,Pass,Pass,Pass,Pass,Pass,Pass,Pass,Pass,Pass,Pass,Pass,Pass,Pass,Pass,Pass,Pass,Pass,Pass,Pass,Skip,Pass,
03-03-2017,21:31:54,39.2,5,155900137335,PASS,Pass,Pass,Pass,Pass,Pass,Pass,Pass,Pass,Skip,Pass,Pass,Pass,Pass,Pass,Pass,Pass,Pass,Pass,Pass,Pass,Pass,Pass,Pass,Pass,Pass,Pass,Pass,Pass,Pass,Pass,Pass,Pass,Pass,Pass,Pass,Pass,Pass,Pass,Pass,Skip,Pass,
03-03-2017,21:32:18,40.8,2,155900137336,PASS,Pass,Pass,Pass,Pass,Pass,Pass,Pass,Pass,Skip,Pass,Pass,Pass,Pass,Pass,Pass,Pass,Pass,Pass,Pass,Pass,Pass,Pass,Pass,Pass,Pass,Pass,Pass,Pass,Pass,Pass,Pass,Pass,Pass,Pass,Pass,Pass,Pass,Pass,Pass,Skip,Pass,
03-03-2017,21:32:35,41.4,6,155900137321,PASS,Pass,Pass,Pass,Pass,Pass,Pass,Pass,Pass,Skip,Pass,Pass,Pass,Pass,Pass,Pass,Pass,Pass,Pass,Pass,Pass,Pass,Pass,Pass,Pass,Pass,Pass,Pass,Pass,Pass,Pass,Pass,Pass,Pass,Pass,Pass,Pass,Pass,Pass,Pass,Skip,Pass,
03-03-2017,21:32:59,40.6,1,155900137322,PASS,Pass,Pass,Pass,Pass,Pass,Pass,Pass,Pass,Skip,Pass,Pass,Pass,Pass,Pass,Pass,Pass,Pass,Pass,Pass,Pass,Pass,Pass,Pass,Pass,Pass,Pass,Pass,Pass,Pass,Pass,Pass,Pass,Pass,Pass,Pass,Pass,Pass,Pass,Pass,Skip,Pass,
03-03-2017,21:33:25,40.6,3,155900137323,PASS,Pass,Pass,Pass,Pass,Pass,Pass,Pass,Pass,Skip,Pass,Pass,Pass,Pass,Pass,Pass,Pass,Pass,Pass,Pass,Pass,Pass,Pass,Pass,Pass,Pass,Pass,Pass,Pass,Pass,Pass,Pass,Pass,Pass,Pass,Pass,Pass,Pass,Pass,Pass,Skip,Pass,
03-03-2017,21:33:38,41.0,5,155900137324,PASS,Pass,Pass,Pass,Pass,Pass,Pass,Pass,Pass,Skip,Pass,Pass,Pass,Pass,Pass,Pass,Pass,Pass,Pass,Pass,Pass,Pass,Pass,Pass,Pass,Pass,Pass,Pass,Pass,Pass,Pass,Pass,Pass,Pass,Pass,Pass,Pass,Pass,Pass,Pass,Skip,Pass,
03-03-2017,21:33:55,40.6,1,155900137325,PASS,Pass,Pass,Pass,Pass,Pass,Pass,Pass,Pass,Skip,Pass,Pass,Pass,Pass,Pass,Pass,Pass,Pass,Pass,Pass,Pass,Pass,Pass,Pass,Pass,Pass,Pass,Pass,Pass,Pass,Pass,Pass,Pass,Pass,Pass,Pass,Pass,Pass,Pass,Pass,Skip,Pass,
03-03-2017,21:34:18,40.0,6,155900137351,PASS,Pass,Pass,Pass,Pass,Pass,Pass,Pass,Pass,Skip,Pass,Pass,Pass,Pass,Pass,Pass,Pass,Pass,Pass,Pass,Pass,Pass,Pass,Pass,Pass,Pass,Pass,Pass,Pass,Pass,Pass,Pass,Pass,Pass,Pass,Pass,Pass,Pass,Pass,Pass,Skip,Pass,
03-03-2017,21:34:27,40.0,3,155900137352,PASS,Pass,Pass,Pass,Pass,Pass,Pass,Pass,Pass,Skip,Pass,Pass,Pass,Pass,Pass,Pass,Pass,Pass,Pass,Pass,Pass,Pass,Pass,Pass,Pass,Pass,Pass,Pass,Pass,Pass,Pass,Pass,Pass,Pass,Pass,Pass,Pass,Pass,Pass,Pass,Skip,Pass,
03-03-2017,21:34:35,40.0,2,155900137326,PASS,Pass,Pass,Pass,Pass,Pass,Pass,Pass,Pass,Skip,Pass,Pass,Pass,Pass,Pass,Pass,Pass,Pass,Pass,Pass,Pass,Pass,Pass,Pass,Pass,Pass,Pass,Pass,Pass,Pass,Pass,Pass,Pass,Pass,Pass,Pass,Pass,Pass,Pass,Pass,Skip,Pass,
03-03-2017,21:34:58,40.7,5,155900137353,PASS,Pass,Pass,Pass,Pass,Pass,Pass,Pass,Pass,Skip,Pass,Pass,Pass,Pass,Pass,Pass,Pass,Pass,Pass,Pass,Pass,Pass,Pass,Pass,Pass,Pass,Pass,Pass,Pass,Pass,Pass,Pass,Pass,Pass,Pass,Pass,Pass,Pass,Pass,Pass,Skip,Pass,
03-03-2017,21:35:14,39.4,1,155900137354,PASS,Pass,Pass,Pass,Pass,Pass,Pass,Pass,Pass,Skip,Pass,Pass,Pass,Pass,Pass,Pass,Pass,Pass,Pass,Pass,Pass,Pass,Pass,Pass,Pass,Pass,Pass,Pass,Pass,Pass,Pass,Pass,Pass,Pass,Pass,Pass,Pass,Pass,Pass,Pass,Skip,Pass,
03-03-2017,21:35:25,40.6,3,155900137355,PASS,Pass,Pass,Pass,Pass,Pass,Pass,Pass,Pass,Skip,Pass,Pass,Pass,Pass,Pass,Pass,Pass,Pass,Pass,Pass,Pass,Pass,Pass,Pass,Pass,Pass,Pass,Pass,Pass,Pass,Pass,Pass,Pass,Pass,Pass,Pass,Pass,Pass,Pass,Pass,Skip,Pass,
03-03-2017,21:35:54,39.8,2,155900137356,PASS,Pass,Pass,Pass,Pass,Pass,Pass,Pass,Pass,Skip,Pass,Pass,Pass,Pass,Pass,Pass,Pass,Pass,Pass,Pass,Pass,Pass,Pass,Pass,Pass,Pass,Pass,Pass,Pass,Pass,Pass,Pass,Pass,Pass,Pass,Pass,Pass,Pass,Pass,Pass,Skip,Pass,
03-03-2017,21:35:57,42.4,6,155900137341,PASS,Pass,Pass,Pass,Pass,Pass,Pass,Pass,Pass,Skip,Pass,Pass,Pass,Pass,Pass,Pass,Pass,Pass,Pass,Pass,Pass,Pass,Pass,Pass,Pass,Pass,Pass,Pass,Pass,Pass,Pass,Pass,Pass,Pass,Pass,Pass,Pass,Pass,Pass,Pass,Skip,Pass,
03-03-2017,21:36:33,40.5,3,155900137344,PASS,Pass,Pass,Pass,Pass,Pass,Pass,Pass,Pass,Skip,Pass,Pass,Pass,Pass,Pass,Pass,Pass,Pass,Pass,Pass,Pass,Pass,Pass,Pass,Pass,Pass,Pass,Pass,Pass,Pass,Pass,Pass,Pass,Pass,Pass,Pass,Pass,Pass,Pass,Pass,Skip,Pass,
03-03-2017,21:36:34,39.9,1,155900137342,PASS,Pass,Pass,Pass,Pass,Pass,Pass,Pass,Pass,Skip,Pass,Pass,Pass,Pass,Pass,Pass,Pass,Pass,Pass,Pass,Pass,Pass,Pass,Pass,Pass,Pass,Pass,Pass,Pass,Pass,Pass,Pass,Pass,Pass,Pass,Pass,Pass,Pass,Pass,Pass,Skip,Pass,
03-03-2017,21:36:38,41.8,5,155900137343,PASS,Pass,Pass,Pass,Pass,Pass,Pass,Pass,Pass,Skip,Pass,Pass,Pass,Pass,Pass,Pass,Pass,Pass,Pass,Pass,Pass,Pass,Pass,Pass,Pass,Pass,Pass,Pass,Pass,Pass,Pass,Pass,Pass,Pass,Pass,Pass,Pass,Pass,Pass,Pass,Skip,Pass,
03-03-2017,21:37:13,39.1,2,155900137345,PASS,Pass,Pass,Pass,Pass,Pass,Pass,Pass,Pass,Skip,Pass,Pass,Pass,Pass,Pass,Pass,Pass,Pass,Pass,Pass,Pass,Pass,Pass,Pass,Pass,Pass,Pass,Pass,Pass,Pass,Pass,Pass,Pass,Pass,Pass,Pass,Pass,Pass,Pass,Pass,Skip,Pass,
03-03-2017,21:37:20,41.8,6,155900137346,PASS,Pass,Pass,Pass,Pass,Pass,Pass,Pass,Pass,Skip,Pass,Pass,Pass,Pass,Pass,Pass,Pass,Pass,Pass,Pass,Pass,Pass,Pass,Pass,Pass,Pass,Pass,Pass,Pass,Pass,Pass,Pass,Pass,Pass,Pass,Pass,Pass,Pass,Pass,Pass,Skip,Pass,
03-03-2017,21:37:53,39.1,1,155900137361,PASS,Pass,Pass,Pass,Pass,Pass,Pass,Pass,Pass,Skip,Pass,Pass,Pass,Pass,Pass,Pass,Pass,Pass,Pass,Pass,Pass,Pass,Pass,Pass,Pass,Pass,Pass,Pass,Pass,Pass,Pass,Pass,Pass,Pass,Pass,Pass,Pass,Pass,Pass,Pass,Skip,Pass,
03-03-2017,21:37:58,39.7,3,155900137362,PASS,Pass,Pass,Pass,Pass,Pass,Pass,Pass,Pass,Skip,Pass,Pass,Pass,Pass,Pass,Pass,Pass,Pass,Pass,Pass,Pass,Pass,Pass,Pass,Pass,Pass,Pass,Pass,Pass,Pass,Pass,Pass,Pass,Pass,Pass,Pass,Pass,Pass,Pass,Pass,Skip,Pass,
03-03-2017,21:38:15,41.3,5,155900137363,PASS,Pass,Pass,Pass,Pass,Pass,Pass,Pass,Pass,Skip,Pass,Pass,Pass,Pass,Pass,Pass,Pass,Pass,Pass,Pass,Pass,Pass,Pass,Pass,Pass,Pass,Pass,Pass,Pass,Pass,Pass,Pass,Pass,Pass,Pass,Pass,Pass,Pass,Pass,Pass,Skip,Pass,
03-03-2017,21:38:33,40.0,2,155900137364,PASS,Pass,Pass,Pass,Pass,Pass,Pass,Pass,Pass,Skip,Pass,Pass,Pass,Pass,Pass,Pass,Pass,Pass,Pass,Pass,Pass,Pass,Pass,Pass,Pass,Pass,Pass,Pass,Pass,Pass,Pass,Pass,Pass,Pass,Pass,Pass,Pass,Pass,Pass,Pass,Skip,Pass,
03-03-2017,21:38:56,40.2,6,155900137365,PASS,Pass,Pass,Pass,Pass,Pass,Pass,Pass,Pass,Skip,Pass,Pass,Pass,Pass,Pass,Pass,Pass,Pass,Pass,Pass,Pass,Pass,Pass,Pass,Pass,Pass,Pass,Pass,Pass,Pass,Pass,Pass,Pass,Pass,Pass,Pass,Pass,Pass,Pass,Pass,Skip,Pass,
03-03-2017,21:39:06,39.1,3,155900137081,PASS,Pass,Pass,Pass,Pass,Pass,Pass,Pass,Pass,Skip,Pass,Pass,Pass,Pass,Pass,Pass,Pass,Pass,Pass,Pass,Pass,Pass,Pass,Pass,Pass,Pass,Pass,Pass,Pass,Pass,Pass,Pass,Pass,Pass,Pass,Pass,Pass,Pass,Pass,Pass,Skip,Pass,
03-03-2017,21:39:12,39.2,1,155900137366,PASS,Pass,Pass,Pass,Pass,Pass,Pass,Pass,Pass,Skip,Pass,Pass,Pass,Pass,Pass,Pass,Pass,Pass,Pass,Pass,Pass,Pass,Pass,Pass,Pass,Pass,Pass,Pass,Pass,Pass,Pass,Pass,Pass,Pass,Pass,Pass,Pass,Pass,Pass,Pass,Skip,Pass,
03-03-2017,21:39:38,42.0,5,155900137082,PASS,Pass,Pass,Pass,Pass,Pass,Pass,Pass,Pass,Skip,Pass,Pass,Pass,Pass,Pass,Pass,Pass,Pass,Pass,Pass,Pass,Pass,Pass,Pass,Pass,Pass,Pass,Pass,Pass,Pass,Pass,Pass,Pass,Pass,Pass,Pass,Pass,Pass,Pass,Pass,Skip,Pass,
03-03-2017,21:39:52,40.1,2,155900137083,PASS,Pass,Pass,Pass,Pass,Pass,Pass,Pass,Pass,Skip,Pass,Pass,Pass,Pass,Pass,Pass,Pass,Pass,Pass,Pass,Pass,Pass,Pass,Pass,Pass,Pass,Pass,Pass,Pass,Pass,Pass,Pass,Pass,Pass,Pass,Pass,Pass,Pass,Pass,Pass,Skip,Pass,
03-03-2017,21:40:20,42.2,6,155900137084,PASS,Pass,Pass,Pass,Pass,Pass,Pass,Pass,Pass,Skip,Pass,Pass,Pass,Pass,Pass,Pass,Pass,Pass,Pass,Pass,Pass,Pass,Pass,Pass,Pass,Pass,Pass,Pass,Pass,Pass,Pass,Pass,Pass,Pass,Pass,Pass,Pass,Pass,Pass,Pass,Skip,Pass,
03-03-2017,21:40:22,40.5,3,155900137086,PASS,Pass,Pass,Pass,Pass,Pass,Pass,Pass,Pass,Skip,Pass,Pass,Pass,Pass,Pass,Pass,Pass,Pass,Pass,Pass,Pass,Pass,Pass,Pass,Pass,Pass,Pass,Pass,Pass,Pass,Pass,Pass,Pass,Pass,Pass,Pass,Pass,Pass,Pass,Pass,Skip,Pass,
03-03-2017,21:40:32,39.3,1,155900137085,PASS,Pass,Pass,Pass,Pass,Pass,Pass,Pass,Pass,Skip,Pass,Pass,Pass,Pass,Pass,Pass,Pass,Pass,Pass,Pass,Pass,Pass,Pass,Pass,Pass,Pass,Pass,Pass,Pass,Pass,Pass,Pass,Pass,Pass,Pass,Pass,Pass,Pass,Pass,Pass,Skip,Pass,
03-03-2017,21:41:12,40.0,2,155900137371,PASS,Pass,Pass,Pass,Pass,Pass,Pass,Pass,Pass,Skip,Pass,Pass,Pass,Pass,Pass,Pass,Pass,Pass,Pass,Pass,Pass,Pass,Pass,Pass,Pass,Pass,Pass,Pass,Pass,Pass,Pass,Pass,Pass,Pass,Pass,Pass,Pass,Pass,Pass,Pass,Skip,Pass,
03-03-2017,21:41:38,40.2,5,155900137372,PASS,Pass,Pass,Pass,Pass,Pass,Pass,Pass,Pass,Skip,Pass,Pass,Pass,Pass,Pass,Pass,Pass,Pass,Pass,Pass,Pass,Pass,Pass,Pass,Pass,Pass,Pass,Pass,Pass,Pass,Pass,Pass,Pass,Pass,Pass,Pass,Pass,Pass,Pass,Pass,Skip,Pass,
03-03-2017,21:41:58,40.2,1,155900137373,PASS,Pass,Pass,Pass,Pass,Pass,Pass,Pass,Pass,Skip,Pass,Pass,Pass,Pass,Pass,Pass,Pass,Pass,Pass,Pass,Pass,Pass,Pass,Pass,Pass,Pass,Pass,Pass,Pass,Pass,Pass,Pass,Pass,Pass,Pass,Pass,Pass,Pass,Pass,Pass,Skip,Pass,
03-03-2017,21:42:11,39.1,3,155900137374,PASS,Pass,Pass,Pass,Pass,Pass,Pass,Pass,Pass,Skip,Pass,Pass,Pass,Pass,Pass,Pass,Pass,Pass,Pass,Pass,Pass,Pass,Pass,Pass,Pass,Pass,Pass,Pass,Pass,Pass,Pass,Pass,Pass,Pass,Pass,Pass,Pass,Pass,Pass,Pass,Skip,Pass,
03-03-2017,21:42:26,40.0,6,155900137375,PASS,Pass,Pass,Pass,Pass,Pass,Pass,Pass,Pass,Skip,Pass,Pass,Pass,Pass,Pass,Pass,Pass,Pass,Pass,Pass,Pass,Pass,Pass,Pass,Pass,Pass,Pass,Pass,Pass,Pass,Pass,Pass,Pass,Pass,Pass,Pass,Pass,Pass,Pass,Pass,Skip,Pass,
03-03-2017,21:42:41,40.5,2,155900137376,PASS,Pass,Pass,Pass,Pass,Pass,Pass,Pass,Pass,Skip,Pass,Pass,Pass,Pass,Pass,Pass,Pass,Pass,Pass,Pass,Pass,Pass,Pass,Pass,Pass,Pass,Pass,Pass,Pass,Pass,Pass,Pass,Pass,Pass,Pass,Pass,Pass,Pass,Pass,Pass,Skip,Pass,
03-03-2017,21:43:20,39.0,1,155900136371,PASS,Pass,Pass,Pass,Pass,Pass,Pass,Pass,Pass,Skip,Pass,Pass,Pass,Pass,Pass,Pass,Pass,Pass,Pass,Pass,Pass,Pass,Pass,Pass,Pass,Pass,Pass,Pass,Pass,Pass,Pass,Pass,Pass,Pass,Pass,Pass,Pass,Pass,Pass,Pass,Skip,Pass,
03-03-2017,21:43:34,39.7,3,155900137373,PASS,Pass,Pass,Pass,Pass,Pass,Pass,Pass,Pass,Skip,Pass,Pass,Pass,Pass,Pass,Pass,Pass,Pass,Pass,Pass,Pass,Pass,Pass,Pass,Pass,Pass,Pass,Pass,Pass,Pass,Pass,Pass,Pass,Pass,Pass,Pass,Pass,Pass,Pass,Pass,Skip,Pass,
03-03-2017,21:43:36,39.4,5,155900137372,PASS,Pass,Pass,Pass,Pass,Pass,Pass,Pass,Pass,Skip,Pass,Pass,Pass,Pass,Pass,Pass,Pass,Pass,Pass,Pass,Pass,Pass,Pass,Pass,Pass,Pass,Pass,Pass,Pass,Pass,Pass,Pass,Pass,Pass,Pass,Pass,Pass,Pass,Pass,Pass,Skip,Pass,
03-03-2017,21:44:04,26.8,2,155900136372,FAIL,Pass,Pass,Pass,Pass,Pass,Pass,Pass,Pass,Skip,Pass,Pass,Pass,Pass,Pass,Pass,Pass,Pass,Pass,Pass,Pass,Pass,Pass,Pass,Pass,Pass,Pass,Pass,Pass,Pass,Fail,,,,,,,,,,,,
03-03-2017,21:44:48,41.8,6,155900136373,PASS,Pass,Pass,Pass,Pass,Pass,Pass,Pass,Pass,Skip,Pass,Pass,Pass,Pass,Pass,Pass,Pass,Pass,Pass,Pass,Pass,Pass,Pass,Pass,Pass,Pass,Pass,Pass,Pass,Pass,Pass,Pass,Pass,Pass,Pass,Pass,Pass,Pass,Pass,Pass,Skip,Pass,
03-03-2017,21:45:13,50.5,2,155900136381,FAIL,Pass,Pass,Pass,Pass,Pass,Pass,Pass,Pass,Skip,Pass,Pass,Pass,Pass,Pass,Pass,Pass,Pass,Pass,Pass,Pass,Pass,Pass,Pass,Pass,Fail,,,,,,,,,,,,,,,,,
03-03-2017,21:51:45,52.5,1,155900136382,PASS,Pass,Pass,Pass,Pass,Pass,Pass,Pass,Pass,Skip,Pass,Pass,Pass,Pass,Pass,Pass,Pass,Pass,Pass,Pass,Pass,Pass,Pass,Pass,Pass,Pass,Pass,Pass,Pass,Pass,Pass,Pass,Pass,Pass,Pass,Pass,Pass,Pass,Pass,Pass,Skip,Pass,
03-03-2017,21:51:49,48.2,3,155900136385,PASS,Pass,Pass,Pass,Pass,Pass,Pass,Pass,Pass,Skip,Pass,Pass,Pass,Pass,Pass,Pass,Pass,Pass,Pass,Pass,Pass,Pass,Pass,Pass,Pass,Pass,Pass,Pass,Pass,Pass,Pass,Pass,Pass,Pass,Pass,Pass,Pass,Pass,Pass,Pass,Skip,Pass,
03-03-2017,21:52:57,49.7,2,155900136386,PASS,Pass,Pass,Pass,Pass,Pass,Pass,Pass,Pass,Skip,Pass,Pass,Pass,Pass,Pass,Pass,Pass,Pass,Pass,Pass,Pass,Pass,Pass,Pass,Pass,Pass,Pass,Pass,Pass,Pass,Pass,Pass,Pass,Pass,Pass,Pass,Pass,Pass,Pass,Pass,Skip,Pass,
03-03-2017,21:53:06,50.1,4,155900136401,PASS,Pass,Pass,Pass,Pass,Pass,Pass,Pass,Pass,Skip,Pass,Pass,Pass,Pass,Pass,Pass,Pass,Pass,Pass,Pass,Pass,Pass,Pass,Pass,Pass,Pass,Pass,Pass,Pass,Pass,Pass,Pass,Pass,Pass,Pass,Pass,Pass,Pass,Pass,Pass,Skip,Pass,
03-03-2017,21:53:21,49.2,6,155900136402,PASS,Pass,Pass,Pass,Pass,Pass,Pass,Pass,Pass,Skip,Pass,Pass,Pass,Pass,Pass,Pass,Pass,Pass,Pass,Pass,Pass,Pass,Pass,Pass,Pass,Pass,Pass,Pass,Pass,Pass,Pass,Pass,Pass,Pass,Pass,Pass,Pass,Pass,Pass,Pass,Skip,Pass,
03-03-2017,21:53:45,47.8,1,155900136403,PASS,Pass,Pass,Pass,Pass,Pass,Pass,Pass,Pass,Skip,Pass,Pass,Pass,Pass,Pass,Pass,Pass,Pass,Pass,Pass,Pass,Pass,Pass,Pass,Pass,Pass,Pass,Pass,Pass,Pass,Pass,Pass,Pass,Pass,Pass,Pass,Pass,Pass,Pass,Pass,Skip,Pass,
03-03-2017,21:53:56,50.2,3,155900136404,PASS,Pass,Pass,Pass,Pass,Pass,Pass,Pass,Pass,Skip,Pass,Pass,Pass,Pass,Pass,Pass,Pass,Pass,Pass,Pass,Pass,Pass,Pass,Pass,Pass,Pass,Pass,Pass,Pass,Pass,Pass,Pass,Pass,Pass,Pass,Pass,Pass,Pass,Pass,Pass,Skip,Pass,
03-03-2017,21:54:09,47.8,5,155900136405,PASS,Pass,Pass,Pass,Pass,Pass,Pass,Pass,Pass,Skip,Pass,Pass,Pass,Pass,Pass,Pass,Pass,Pass,Pass,Pass,Pass,Pass,Pass,Pass,Pass,Pass,Pass,Pass,Pass,Pass,Pass,Pass,Pass,Pass,Pass,Pass,Pass,Pass,Pass,Pass,Skip,Pass,
03-03-2017,21:54:36,50.3,2,155900136406,PASS,Pass,Pass,Pass,Pass,Pass,Pass,Pass,Pass,Skip,Pass,Pass,Pass,Pass,Pass,Pass,Pass,Pass,Pass,Pass,Pass,Pass,Pass,Pass,Pass,Pass,Pass,Pass,Pass,Pass,Pass,Pass,Pass,Pass,Pass,Pass,Pass,Pass,Pass,Pass,Skip,Pass,
03-03-2017,21:54:44,47.7,4,155900136411,PASS,Pass,Pass,Pass,Pass,Pass,Pass,Pass,Pass,Skip,Pass,Pass,Pass,Pass,Pass,Pass,Pass,Pass,Pass,Pass,Pass,Pass,Pass,Pass,Pass,Pass,Pass,Pass,Pass,Pass,Pass,Pass,Pass,Pass,Pass,Pass,Pass,Pass,Pass,Pass,Skip,Pass,
03-03-2017,21:55:32,48.8,6,155900136412,PASS,Pass,Pass,Pass,Pass,Pass,Pass,Pass,Pass,Skip,Pass,Pass,Pass,Pass,Pass,Pass,Pass,Pass,Pass,Pass,Pass,Pass,Pass,Pass,Pass,Pass,Pass,Pass,Pass,Pass,Pass,Pass,Pass,Pass,Pass,Pass,Pass,Pass,Pass,Pass,Skip,Pass,
03-03-2017,21:56:31,49.0,2,155900136413,PASS,Pass,Pass,Pass,Pass,Pass,Pass,Pass,Pass,Skip,Pass,Pass,Pass,Pass,Pass,Pass,Pass,Pass,Pass,Pass,Pass,Pass,Pass,Pass,Pass,Pass,Pass,Pass,Pass,Pass,Pass,Pass,Pass,Pass,Pass,Pass,Pass,Pass,Pass,Pass,Skip,Pass,
03-03-2017,21:56:46,49.3,4,155900136414,PASS,Pass,Pass,Pass,Pass,Pass,Pass,Pass,Pass,Skip,Pass,Pass,Pass,Pass,Pass,Pass,Pass,Pass,Pass,Pass,Pass,Pass,Pass,Pass,Pass,Pass,Pass,Pass,Pass,Pass,Pass,Pass,Pass,Pass,Pass,Pass,Pass,Pass,Pass,Pass,Skip,Pass,
03-03-2017,21:56:57,45.0,6,155900136415,PASS,Pass,Pass,Pass,Pass,Pass,Pass,Pass,Pass,Skip,Pass,Pass,Pass,Pass,Pass,Pass,Pass,Pass,Pass,Pass,Pass,Pass,Pass,Pass,Pass,Pass,Pass,Pass,Pass,Pass,Pass,Pass,Pass,Pass,Pass,Pass,Pass,Pass,Pass,Pass,Skip,Pass,
03-03-2017,21:57:20,48.6,1,155900136416,PASS,Pass,Pass,Pass,Pass,Pass,Pass,Pass,Pass,Skip,Pass,Pass,Pass,Pass,Pass,Pass,Pass,Pass,Pass,Pass,Pass,Pass,Pass,Pass,Pass,Pass,Pass,Pass,Pass,Pass,Pass,Pass,Pass,Pass,Pass,Pass,Pass,Pass,Pass,Pass,Skip,Pass,
03-03-2017,21:57:34,48.6,3,155900136361,PASS,Pass,Pass,Pass,Pass,Pass,Pass,Pass,Pass,Skip,Pass,Pass,Pass,Pass,Pass,Pass,Pass,Pass,Pass,Pass,Pass,Pass,Pass,Pass,Pass,Pass,Pass,Pass,Pass,Pass,Pass,Pass,Pass,Pass,Pass,Pass,Pass,Pass,Pass,Pass,Skip,Pass,
03-03-2017,21:57:44,47.4,5,155900136362,PASS,Pass,Pass,Pass,Pass,Pass,Pass,Pass,Pass,Skip,Pass,Pass,Pass,Pass,Pass,Pass,Pass,Pass,Pass,Pass,Pass,Pass,Pass,Pass,Pass,Pass,Pass,Pass,Pass,Pass,Pass,Pass,Pass,Pass,Pass,Pass,Pass,Pass,Pass,Pass,Skip,Pass,
03-03-2017,21:58:08,48.0,2,155900136364,PASS,Pass,Pass,Pass,Pass,Pass,Pass,Pass,Pass,Skip,Pass,Pass,Pass,Pass,Pass,Pass,Pass,Pass,Pass,Pass,Pass,Pass,Pass,Pass,Pass,Pass,Pass,Pass,Pass,Pass,Pass,Pass,Pass,Pass,Pass,Pass,Pass,Pass,Pass,Pass,Skip,Pass,
03-03-2017,21:58:22,47.8,4,155900136365,PASS,Pass,Pass,Pass,Pass,Pass,Pass,Pass,Pass,Skip,Pass,Pass,Pass,Pass,Pass,Pass,Pass,Pass,Pass,Pass,Pass,Pass,Pass,Pass,Pass,Pass,Pass,Pass,Pass,Pass,Pass,Pass,Pass,Pass,Pass,Pass,Pass,Pass,Pass,Pass,Skip,Pass,
03-03-2017,21:58:33,48.7,6,155900136366,PASS,Pass,Pass,Pass,Pass,Pass,Pass,Pass,Pass,Skip,Pass,Pass,Pass,Pass,Pass,Pass,Pass,Pass,Pass,Pass,Pass,Pass,Pass,Pass,Pass,Pass,Pass,Pass,Pass,Pass,Pass,Pass,Pass,Pass,Pass,Pass,Pass,Pass,Pass,Pass,Skip,Pass,
03-03-2017,21:58:57,48.7,1,155900136431,PASS,Pass,Pass,Pass,Pass,Pass,Pass,Pass,Pass,Skip,Pass,Pass,Pass,Pass,Pass,Pass,Pass,Pass,Pass,Pass,Pass,Pass,Pass,Pass,Pass,Pass,Pass,Pass,Pass,Pass,Pass,Pass,Pass,Pass,Pass,Pass,Pass,Pass,Pass,Pass,Skip,Pass,
03-03-2017,21:59:11,48.5,3,155900136432,PASS,Pass,Pass,Pass,Pass,Pass,Pass,Pass,Pass,Skip,Pass,Pass,Pass,Pass,Pass,Pass,Pass,Pass,Pass,Pass,Pass,Pass,Pass,Pass,Pass,Pass,Pass,Pass,Pass,Pass,Pass,Pass,Pass,Pass,Pass,Pass,Pass,Pass,Pass,Pass,Skip,Pass,
03-03-2017,21:59:20,47.4,5,155900136433,PASS,Pass,Pass,Pass,Pass,Pass,Pass,Pass,Pass,Skip,Pass,Pass,Pass,Pass,Pass,Pass,Pass,Pass,Pass,Pass,Pass,Pass,Pass,Pass,Pass,Pass,Pass,Pass,Pass,Pass,Pass,Pass,Pass,Pass,Pass,Pass,Pass,Pass,Pass,Pass,Skip,Pass,
03-03-2017,21:59:44,47.3,2,155900136434,PASS,Pass,Pass,Pass,Pass,Pass,Pass,Pass,Pass,Skip,Pass,Pass,Pass,Pass,Pass,Pass,Pass,Pass,Pass,Pass,Pass,Pass,Pass,Pass,Pass,Pass,Pass,Pass,Pass,Pass,Pass,Pass,Pass,Pass,Pass,Pass,Pass,Pass,Pass,Pass,Skip,Pass,
03-03-2017,22:00:00,48.8,4,155900136435,PASS,Pass,Pass,Pass,Pass,Pass,Pass,Pass,Pass,Skip,Pass,Pass,Pass,Pass,Pass,Pass,Pass,Pass,Pass,Pass,Pass,Pass,Pass,Pass,Pass,Pass,Pass,Pass,Pass,Pass,Pass,Pass,Pass,Pass,Pass,Pass,Pass,Pass,Pass,Pass,Skip,Pass,
03-03-2017,22:00:08,47.6,6,155900136436,PASS,Pass,Pass,Pass,Pass,Pass,Pass,Pass,Pass,Skip,Pass,Pass,Pass,Pass,Pass,Pass,Pass,Pass,Pass,Pass,Pass,Pass,Pass,Pass,Pass,Pass,Pass,Pass,Pass,Pass,Pass,Pass,Pass,Pass,Pass,Pass,Pass,Pass,Pass,Pass,Skip,Pass,
03-03-2017,22:00:29,44.5,1,155900136391,PASS,Pass,Pass,Pass,Pass,Pass,Pass,Pass,Pass,Skip,Pass,Pass,Pass,Pass,Pass,Pass,Pass,Pass,Pass,Pass,Pass,Pass,Pass,Pass,Pass,Pass,Pass,Pass,Pass,Pass,Pass,Pass,Pass,Pass,Pass,Pass,Pass,Pass,Pass,Pass,Skip,Pass,
03-03-2017,22:00:42,42.6,3,155900136392,PASS,Pass,Pass,Pass,Pass,Pass,Pass,Pass,Pass,Skip,Pass,Pass,Pass,Pass,Pass,Pass,Pass,Pass,Pass,Pass,Pass,Pass,Pass,Pass,Pass,Pass,Pass,Pass,Pass,Pass,Pass,Pass,Pass,Pass,Pass,Pass,Pass,Pass,Pass,Pass,Skip,Pass,
03-03-2017,22:00:48,39.9,5,155900136393,PASS,Pass,Pass,Pass,Pass,Pass,Pass,Pass,Pass,Skip,Pass,Pass,Pass,Pass,Pass,Pass,Pass,Pass,Pass,Pass,Pass,Pass,Pass,Pass,Pass,Pass,Pass,Pass,Pass,Pass,Pass,Pass,Pass,Pass,Pass,Pass,Pass,Pass,Pass,Pass,Skip,Pass,
03-03-2017,22:01:10,41.3,2,155900136394,PASS,Pass,Pass,Pass,Pass,Pass,Pass,Pass,Pass,Skip,Pass,Pass,Pass,Pass,Pass,Pass,Pass,Pass,Pass,Pass,Pass,Pass,Pass,Pass,Pass,Pass,Pass,Pass,Pass,Pass,Pass,Pass,Pass,Pass,Pass,Pass,Pass,Pass,Pass,Pass,Skip,Pass,
03-03-2017,22:01:23,40.6,4,155900136395,PASS,Pass,Pass,Pass,Pass,Pass,Pass,Pass,Pass,Skip,Pass,Pass,Pass,Pass,Pass,Pass,Pass,Pass,Pass,Pass,Pass,Pass,Pass,Pass,Pass,Pass,Pass,Pass,Pass,Pass,Pass,Pass,Pass,Pass,Pass,Pass,Pass,Pass,Pass,Pass,Skip,Pass,
03-03-2017,22:01:29,40.6,6,155900136396,PASS,Pass,Pass,Pass,Pass,Pass,Pass,Pass,Pass,Skip,Pass,Pass,Pass,Pass,Pass,Pass,Pass,Pass,Pass,Pass,Pass,Pass,Pass,Pass,Pass,Pass,Pass,Pass,Pass,Pass,Pass,Pass,Pass,Pass,Pass,Pass,Pass,Pass,Pass,Pass,Skip,Pass,
03-03-2017,22:02:15,39.2,2,155900136441,PASS,Pass,Pass,Pass,Pass,Pass,Pass,Pass,Pass,Skip,Pass,Pass,Pass,Pass,Pass,Pass,Pass,Pass,Pass,Pass,Pass,Pass,Pass,Pass,Pass,Pass,Pass,Pass,Pass,Pass,Pass,Pass,Pass,Pass,Pass,Pass,Pass,Pass,Pass,Pass,Skip,Pass,
03-03-2017,22:02:25,39.7,4,155900136442,PASS,Pass,Pass,Pass,Pass,Pass,Pass,Pass,Pass,Skip,Pass,Pass,Pass,Pass,Pass,Pass,Pass,Pass,Pass,Pass,Pass,Pass,Pass,Pass,Pass,Pass,Pass,Pass,Pass,Pass,Pass,Pass,Pass,Pass,Pass,Pass,Pass,Pass,Pass,Pass,Skip,Pass,
03-03-2017,22:02:39,41.0,6,155900136443,PASS,Pass,Pass,Pass,Pass,Pass,Pass,Pass,Pass,Skip,Pass,Pass,Pass,Pass,Pass,Pass,Pass,Pass,Pass,Pass,Pass,Pass,Pass,Pass,Pass,Pass,Pass,Pass,Pass,Pass,Pass,Pass,Pass,Pass,Pass,Pass,Pass,Pass,Pass,Pass,Skip,Pass,
03-03-2017,22:02:56,40.2,1,155900136444,PASS,Pass,Pass,Pass,Pass,Pass,Pass,Pass,Pass,Skip,Pass,Pass,Pass,Pass,Pass,Pass,Pass,Pass,Pass,Pass,Pass,Pass,Pass,Pass,Pass,Pass,Pass,Pass,Pass,Pass,Pass,Pass,Pass,Pass,Pass,Pass,Pass,Pass,Pass,Pass,Skip,Pass,
03-03-2017,22:03:07,39.9,3,155900136445,PASS,Pass,Pass,Pass,Pass,Pass,Pass,Pass,Pass,Skip,Pass,Pass,Pass,Pass,Pass,Pass,Pass,Pass,Pass,Pass,Pass,Pass,Pass,Pass,Pass,Pass,Pass,Pass,Pass,Pass,Pass,Pass,Pass,Pass,Pass,Pass,Pass,Pass,Pass,Pass,Skip,Pass,
03-03-2017,22:03:22,40.0,5,155900136446,PASS,Pass,Pass,Pass,Pass,Pass,Pass,Pass,Pass,Skip,Pass,Pass,Pass,Pass,Pass,Pass,Pass,Pass,Pass,Pass,Pass,Pass,Pass,Pass,Pass,Pass,Pass,Pass,Pass,Pass,Pass,Pass,Pass,Pass,Pass,Pass,Pass,Pass,Pass,Pass,Skip,Pass,
03-03-2017,22:03:39,39.9,2,155900136461,PASS,Pass,Pass,Pass,Pass,Pass,Pass,Pass,Pass,Skip,Pass,Pass,Pass,Pass,Pass,Pass,Pass,Pass,Pass,Pass,Pass,Pass,Pass,Pass,Pass,Pass,Pass,Pass,Pass,Pass,Pass,Pass,Pass,Pass,Pass,Pass,Pass,Pass,Pass,Pass,Skip,Pass,
03-03-2017,22:03:51,39.1,4,155900136462,PASS,Pass,Pass,Pass,Pass,Pass,Pass,Pass,Pass,Skip,Pass,Pass,Pass,Pass,Pass,Pass,Pass,Pass,Pass,Pass,Pass,Pass,Pass,Pass,Pass,Pass,Pass,Pass,Pass,Pass,Pass,Pass,Pass,Pass,Pass,Pass,Pass,Pass,Pass,Pass,Skip,Pass,
03-03-2017,22:04:07,40.8,6,155900136463,PASS,Pass,Pass,Pass,Pass,Pass,Pass,Pass,Pass,Skip,Pass,Pass,Pass,Pass,Pass,Pass,Pass,Pass,Pass,Pass,Pass,Pass,Pass,Pass,Pass,Pass,Pass,Pass,Pass,Pass,Pass,Pass,Pass,Pass,Pass,Pass,Pass,Pass,Pass,Pass,Skip,Pass,
03-03-2017,22:04:52,39.7,2,155900136464,PASS,Pass,Pass,Pass,Pass,Pass,Pass,Pass,Pass,Skip,Pass,Pass,Pass,Pass,Pass,Pass,Pass,Pass,Pass,Pass,Pass,Pass,Pass,Pass,Pass,Pass,Pass,Pass,Pass,Pass,Pass,Pass,Pass,Pass,Pass,Pass,Pass,Pass,Pass,Pass,Skip,Pass,
03-03-2017,22:05:34,40.5,4,155900136465,PASS,Pass,Pass,Pass,Pass,Pass,Pass,Pass,Pass,Skip,Pass,Pass,Pass,Pass,Pass,Pass,Pass,Pass,Pass,Pass,Pass,Pass,Pass,Pass,Pass,Pass,Pass,Pass,Pass,Pass,Pass,Pass,Pass,Pass,Pass,Pass,Pass,Pass,Pass,Pass,Skip,Pass,
03-03-2017,22:06:14,45.0,6,155900136466,PASS,Pass,Pass,Pass,Pass,Pass,Pass,Pass,Pass,Skip,Pass,Pass,Pass,Pass,Pass,Pass,Pass,Pass,Pass,Pass,Pass,Pass,Pass,Pass,Pass,Pass,Pass,Pass,Pass,Pass,Pass,Pass,Pass,Pass,Pass,Pass,Pass,Pass,Pass,Pass,Skip,Pass,
03-03-2017,22:07:26,40.1,2,155900136381,PASS,Pass,Pass,Pass,Pass,Pass,Pass,Pass,Pass,Skip,Pass,Pass,Pass,Pass,Pass,Pass,Pass,Pass,Pass,Pass,Pass,Pass,Pass,Pass,Pass,Pass,Pass,Pass,Pass,Pass,Pass,Pass,Pass,Pass,Pass,Pass,Pass,Pass,Pass,Pass,Skip,Pass,
03-03-2017,22:07:28,40.5,4,155900136372,PASS,Pass,Pass,Pass,Pass,Pass,Pass,Pass,Pass,Skip,Pass,Pass,Pass,Pass,Pass,Pass,Pass,Pass,Pass,Pass,Pass,Pass,Pass,Pass,Pass,Pass,Pass,Pass,Pass,Pass,Pass,Pass,Pass,Pass,Pass,Pass,Pass,Pass,Pass,Pass,Skip,Pass,
03-03-2017,22:07:37,40.7,6,155900136451,PASS,Pass,Pass,Pass,Pass,Pass,Pass,Pass,Pass,Skip,Pass,Pass,Pass,Pass,Pass,Pass,Pass,Pass,Pass,Pass,Pass,Pass,Pass,Pass,Pass,Pass,Pass,Pass,Pass,Pass,Pass,Pass,Pass,Pass,Pass,Pass,Pass,Pass,Pass,Pass,Skip,Pass,
03-03-2017,22:08:05,39.4,1,155900136452,PASS,Pass,Pass,Pass,Pass,Pass,Pass,Pass,Pass,Skip,Pass,Pass,Pass,Pass,Pass,Pass,Pass,Pass,Pass,Pass,Pass,Pass,Pass,Pass,Pass,Pass,Pass,Pass,Pass,Pass,Pass,Pass,Pass,Pass,Pass,Pass,Pass,Pass,Pass,Pass,Skip,Pass,
03-03-2017,22:08:19,40.2,3,155900136453,PASS,Pass,Pass,Pass,Pass,Pass,Pass,Pass,Pass,Skip,Pass,Pass,Pass,Pass,Pass,Pass,Pass,Pass,Pass,Pass,Pass,Pass,Pass,Pass,Pass,Pass,Pass,Pass,Pass,Pass,Pass,Pass,Pass,Pass,Pass,Pass,Pass,Pass,Pass,Pass,Skip,Pass,
03-03-2017,22:08:32,40.8,5,155900136454,PASS,Pass,Pass,Pass,Pass,Pass,Pass,Pass,Pass,Skip,Pass,Pass,Pass,Pass,Pass,Pass,Pass,Pass,Pass,Pass,Pass,Pass,Pass,Pass,Pass,Pass,Pass,Pass,Pass,Pass,Pass,Pass,Pass,Pass,Pass,Pass,Pass,Pass,Pass,Pass,Skip,Pass,
03-03-2017,22:08:46,40.4,2,155900136455,PASS,Pass,Pass,Pass,Pass,Pass,Pass,Pass,Pass,Skip,Pass,Pass,Pass,Pass,Pass,Pass,Pass,Pass,Pass,Pass,Pass,Pass,Pass,Pass,Pass,Pass,Pass,Pass,Pass,Pass,Pass,Pass,Pass,Pass,Pass,Pass,Pass,Pass,Pass,Pass,Skip,Pass,
03-03-2017,22:08:59,39.9,4,155900136456,PASS,Pass,Pass,Pass,Pass,Pass,Pass,Pass,Pass,Skip,Pass,Pass,Pass,Pass,Pass,Pass,Pass,Pass,Pass,Pass,Pass,Pass,Pass,Pass,Pass,Pass,Pass,Pass,Pass,Pass,Pass,Pass,Pass,Pass,Pass,Pass,Pass,Pass,Pass,Pass,Skip,Pass,
03-03-2017,22:09:25,40.0,6,155900136421,PASS,Pass,Pass,Pass,Pass,Pass,Pass,Pass,Pass,Skip,Pass,Pass,Pass,Pass,Pass,Pass,Pass,Pass,Pass,Pass,Pass,Pass,Pass,Pass,Pass,Pass,Pass,Pass,Pass,Pass,Pass,Pass,Pass,Pass,Pass,Pass,Pass,Pass,Pass,Pass,Skip,Pass,
03-03-2017,22:09:57,39.8,1,155900136422,PASS,Pass,Pass,Pass,Pass,Pass,Pass,Pass,Pass,Skip,Pass,Pass,Pass,Pass,Pass,Pass,Pass,Pass,Pass,Pass,Pass,Pass,Pass,Pass,Pass,Pass,Pass,Pass,Pass,Pass,Pass,Pass,Pass,Pass,Pass,Pass,Pass,Pass,Pass,Pass,Skip,Pass,
03-03-2017,22:10:32,40.0,3,155900136423,PASS,Pass,Pass,Pass,Pass,Pass,Pass,Pass,Pass,Skip,Pass,Pass,Pass,Pass,Pass,Pass,Pass,Pass,Pass,Pass,Pass,Pass,Pass,Pass,Pass,Pass,Pass,Pass,Pass,Pass,Pass,Pass,Pass,Pass,Pass,Pass,Pass,Pass,Pass,Pass,Skip,Pass,
03-03-2017,22:10:42,41.3,5,155900136424,PASS,Pass,Pass,Pass,Pass,Pass,Pass,Pass,Pass,Skip,Pass,Pass,Pass,Pass,Pass,Pass,Pass,Pass,Pass,Pass,Pass,Pass,Pass,Pass,Pass,Pass,Pass,Pass,Pass,Pass,Pass,Pass,Pass,Pass,Pass,Pass,Pass,Pass,Pass,Pass,Skip,Pass,
03-03-2017,22:10:55,39.3,2,155900136425,PASS,Pass,Pass,Pass,Pass,Pass,Pass,Pass,Pass,Skip,Pass,Pass,Pass,Pass,Pass,Pass,Pass,Pass,Pass,Pass,Pass,Pass,Pass,Pass,Pass,Pass,Pass,Pass,Pass,Pass,Pass,Pass,Pass,Pass,Pass,Pass,Pass,Pass,Pass,Pass,Skip,Pass,
03-03-2017,22:11:13,41.4,4,155900136426,PASS,Pass,Pass,Pass,Pass,Pass,Pass,Pass,Pass,Skip,Pass,Pass,Pass,Pass,Pass,Pass,Pass,Pass,Pass,Pass,Pass,Pass,Pass,Pass,Pass,Pass,Pass,Pass,Pass,Pass,Pass,Pass,Pass,Pass,Pass,Pass,Pass,Pass,Pass,Pass,Skip,Pass,
03-03-2017,22:11:24,39.5,6,155900136501,PASS,Pass,Pass,Pass,Pass,Pass,Pass,Pass,Pass,Skip,Pass,Pass,Pass,Pass,Pass,Pass,Pass,Pass,Pass,Pass,Pass,Pass,Pass,Pass,Pass,Pass,Pass,Pass,Pass,Pass,Pass,Pass,Pass,Pass,Pass,Pass,Pass,Pass,Pass,Pass,Skip,Pass,
03-03-2017,22:11:39,40.1,1,155900136502,PASS,Pass,Pass,Pass,Pass,Pass,Pass,Pass,Pass,Skip,Pass,Pass,Pass,Pass,Pass,Pass,Pass,Pass,Pass,Pass,Pass,Pass,Pass,Pass,Pass,Pass,Pass,Pass,Pass,Pass,Pass,Pass,Pass,Pass,Pass,Pass,Pass,Pass,Pass,Pass,Skip,Pass,
03-03-2017,22:11:53,39.2,3,155900136503,PASS,Pass,Pass,Pass,Pass,Pass,Pass,Pass,Pass,Skip,Pass,Pass,Pass,Pass,Pass,Pass,Pass,Pass,Pass,Pass,Pass,Pass,Pass,Pass,Pass,Pass,Pass,Pass,Pass,Pass,Pass,Pass,Pass,Pass,Pass,Pass,Pass,Pass,Pass,Pass,Skip,Pass,
03-03-2017,22:12:07,39.1,5,155900136504,PASS,Pass,Pass,Pass,Pass,Pass,Pass,Pass,Pass,Skip,Pass,Pass,Pass,Pass,Pass,Pass,Pass,Pass,Pass,Pass,Pass,Pass,Pass,Pass,Pass,Pass,Pass,Pass,Pass,Pass,Pass,Pass,Pass,Pass,Pass,Pass,Pass,Pass,Pass,Pass,Skip,Pass,
03-03-2017,22:12:29,41.6,2,155900136505,PASS,Pass,Pass,Pass,Pass,Pass,Pass,Pass,Pass,Skip,Pass,Pass,Pass,Pass,Pass,Pass,Pass,Pass,Pass,Pass,Pass,Pass,Pass,Pass,Pass,Pass,Pass,Pass,Pass,Pass,Pass,Pass,Pass,Pass,Pass,Pass,Pass,Pass,Pass,Pass,Skip,Pass,
03-03-2017,22:12:36,40.6,4,155900136506,PASS,Pass,Pass,Pass,Pass,Pass,Pass,Pass,Pass,Skip,Pass,Pass,Pass,Pass,Pass,Pass,Pass,Pass,Pass,Pass,Pass,Pass,Pass,Pass,Pass,Pass,Pass,Pass,Pass,Pass,Pass,Pass,Pass,Pass,Pass,Pass,Pass,Pass,Pass,Pass,Skip,Pass,
03-03-2017,22:12:51,40.6,6,155900136491,PASS,Pass,Pass,Pass,Pass,Pass,Pass,Pass,Pass,Skip,Pass,Pass,Pass,Pass,Pass,Pass,Pass,Pass,Pass,Pass,Pass,Pass,Pass,Pass,Pass,Pass,Pass,Pass,Pass,Pass,Pass,Pass,Pass,Pass,Pass,Pass,Pass,Pass,Pass,Pass,Skip,Pass,
03-03-2017,22:13:31,41.8,1,155900136492,PASS,Pass,Pass,Pass,Pass,Pass,Pass,Pass,Pass,Skip,Pass,Pass,Pass,Pass,Pass,Pass,Pass,Pass,Pass,Pass,Pass,Pass,Pass,Pass,Pass,Pass,Pass,Pass,Pass,Pass,Pass,Pass,Pass,Pass,Pass,Pass,Pass,Pass,Pass,Pass,Skip,Pass,
03-03-2017,22:13:43,41.8,3,155900136493,PASS,Pass,Pass,Pass,Pass,Pass,Pass,Pass,Pass,Skip,Pass,Pass,Pass,Pass,Pass,Pass,Pass,Pass,Pass,Pass,Pass,Pass,Pass,Pass,Pass,Pass,Pass,Pass,Pass,Pass,Pass,Pass,Pass,Pass,Pass,Pass,Pass,Pass,Pass,Pass,Skip,Pass,
03-03-2017,22:42:17,42.1,2,155900136494,PASS,Pass,Pass,Pass,Pass,Pass,Pass,Pass,Pass,Skip,Pass,Pass,Pass,Pass,Pass,Pass,Pass,Pass,Pass,Pass,Pass,Pass,Pass,Pass,Pass,Pass,Pass,Pass,Pass,Pass,Pass,Pass,Pass,Pass,Pass,Pass,Pass,Pass,Pass,Pass,Skip,Pass,
03-03-2017,22:42:45,40.6,4,155900136495,PASS,Pass,Pass,Pass,Pass,Pass,Pass,Pass,Pass,Skip,Pass,Pass,Pass,Pass,Pass,Pass,Pass,Pass,Pass,Pass,Pass,Pass,Pass,Pass,Pass,Pass,Pass,Pass,Pass,Pass,Pass,Pass,Pass,Pass,Pass,Pass,Pass,Pass,Pass,Pass,Skip,Pass,
03-03-2017,22:43:03,41.3,6,155900136496,PASS,Pass,Pass,Pass,Pass,Pass,Pass,Pass,Pass,Skip,Pass,Pass,Pass,Pass,Pass,Pass,Pass,Pass,Pass,Pass,Pass,Pass,Pass,Pass,Pass,Pass,Pass,Pass,Pass,Pass,Pass,Pass,Pass,Pass,Pass,Pass,Pass,Pass,Pass,Pass,Skip,Pass,
03-03-2017,22:43:16,40.0,1,155900136511,PASS,Pass,Pass,Pass,Pass,Pass,Pass,Pass,Pass,Skip,Pass,Pass,Pass,Pass,Pass,Pass,Pass,Pass,Pass,Pass,Pass,Pass,Pass,Pass,Pass,Pass,Pass,Pass,Pass,Pass,Pass,Pass,Pass,Pass,Pass,Pass,Pass,Pass,Pass,Pass,Skip,Pass,
03-03-2017,22:43:31,39.4,3,155900136512,PASS,Pass,Pass,Pass,Pass,Pass,Pass,Pass,Pass,Skip,Pass,Pass,Pass,Pass,Pass,Pass,Pass,Pass,Pass,Pass,Pass,Pass,Pass,Pass,Pass,Pass,Pass,Pass,Pass,Pass,Pass,Pass,Pass,Pass,Pass,Pass,Pass,Pass,Pass,Pass,Skip,Pass,
03-03-2017,22:43:50,40.2,5,155900136513,PASS,Pass,Pass,Pass,Pass,Pass,Pass,Pass,Pass,Skip,Pass,Pass,Pass,Pass,Pass,Pass,Pass,Pass,Pass,Pass,Pass,Pass,Pass,Pass,Pass,Pass,Pass,Pass,Pass,Pass,Pass,Pass,Pass,Pass,Pass,Pass,Pass,Pass,Pass,Pass,Skip,Pass,
03-03-2017,22:44:48,39.8,1,155900136514,PASS,Pass,Pass,Pass,Pass,Pass,Pass,Pass,Pass,Skip,Pass,Pass,Pass,Pass,Pass,Pass,Pass,Pass,Pass,Pass,Pass,Pass,Pass,Pass,Pass,Pass,Pass,Pass,Pass,Pass,Pass,Pass,Pass,Pass,Pass,Pass,Pass,Pass,Pass,Pass,Skip,Pass,
03-03-2017,22:45:41,40.6,2,155900136515,PASS,Pass,Pass,Pass,Pass,Pass,Pass,Pass,Pass,Skip,Pass,Pass,Pass,Pass,Pass,Pass,Pass,Pass,Pass,Pass,Pass,Pass,Pass,Pass,Pass,Pass,Pass,Pass,Pass,Pass,Pass,Pass,Pass,Pass,Pass,Pass,Pass,Pass,Pass,Pass,Skip,Pass,
03-03-2017,22:45:54,40.0,4,155900136516,PASS,Pass,Pass,Pass,Pass,Pass,Pass,Pass,Pass,Skip,Pass,Pass,Pass,Pass,Pass,Pass,Pass,Pass,Pass,Pass,Pass,Pass,Pass,Pass,Pass,Pass,Pass,Pass,Pass,Pass,Pass,Pass,Pass,Pass,Pass,Pass,Pass,Pass,Pass,Pass,Skip,Pass,
03-03-2017,22:46:17,40.6,6,155900136541,PASS,Pass,Pass,Pass,Pass,Pass,Pass,Pass,Pass,Skip,Pass,Pass,Pass,Pass,Pass,Pass,Pass,Pass,Pass,Pass,Pass,Pass,Pass,Pass,Pass,Pass,Pass,Pass,Pass,Pass,Pass,Pass,Pass,Pass,Pass,Pass,Pass,Pass,Pass,Pass,Skip,Pass,
03-03-2017,22:46:25,39.2,1,155900136542,PASS,Pass,Pass,Pass,Pass,Pass,Pass,Pass,Pass,Skip,Pass,Pass,Pass,Pass,Pass,Pass,Pass,Pass,Pass,Pass,Pass,Pass,Pass,Pass,Pass,Pass,Pass,Pass,Pass,Pass,Pass,Pass,Pass,Pass,Pass,Pass,Pass,Pass,Pass,Pass,Skip,Pass,
03-03-2017,22:46:38,40.0,3,155900136543,PASS,Pass,Pass,Pass,Pass,Pass,Pass,Pass,Pass,Skip,Pass,Pass,Pass,Pass,Pass,Pass,Pass,Pass,Pass,Pass,Pass,Pass,Pass,Pass,Pass,Pass,Pass,Pass,Pass,Pass,Pass,Pass,Pass,Pass,Pass,Pass,Pass,Pass,Pass,Pass,Skip,Pass,
03-03-2017,22:47:00,40.6,5,155900136544,PASS,Pass,Pass,Pass,Pass,Pass,Pass,Pass,Pass,Skip,Pass,Pass,Pass,Pass,Pass,Pass,Pass,Pass,Pass,Pass,Pass,Pass,Pass,Pass,Pass,Pass,Pass,Pass,Pass,Pass,Pass,Pass,Pass,Pass,Pass,Pass,Pass,Pass,Pass,Pass,Skip,Pass,
03-03-2017,22:47:16,40.0,2,155900136545,PASS,Pass,Pass,Pass,Pass,Pass,Pass,Pass,Pass,Skip,Pass,Pass,Pass,Pass,Pass,Pass,Pass,Pass,Pass,Pass,Pass,Pass,Pass,Pass,Pass,Pass,Pass,Pass,Pass,Pass,Pass,Pass,Pass,Pass,Pass,Pass,Pass,Pass,Pass,Pass,Skip,Pass,
03-03-2017,22:47:29,39.8,4,155900136546,PASS,Pass,Pass,Pass,Pass,Pass,Pass,Pass,Pass,Skip,Pass,Pass,Pass,Pass,Pass,Pass,Pass,Pass,Pass,Pass,Pass,Pass,Pass,Pass,Pass,Pass,Pass,Pass,Pass,Pass,Pass,Pass,Pass,Pass,Pass,Pass,Pass,Pass,Pass,Pass,Skip,Pass,
03-03-2017,22:47:43,39.4,6,155900136521,PASS,Pass,Pass,Pass,Pass,Pass,Pass,Pass,Pass,Skip,Pass,Pass,Pass,Pass,Pass,Pass,Pass,Pass,Pass,Pass,Pass,Pass,Pass,Pass,Pass,Pass,Pass,Pass,Pass,Pass,Pass,Pass,Pass,Pass,Pass,Pass,Pass,Pass,Pass,Pass,Skip,Pass,
03-03-2017,22:47:57,40.6,1,155900136522,PASS,Pass,Pass,Pass,Pass,Pass,Pass,Pass,Pass,Skip,Pass,Pass,Pass,Pass,Pass,Pass,Pass,Pass,Pass,Pass,Pass,Pass,Pass,Pass,Pass,Pass,Pass,Pass,Pass,Pass,Pass,Pass,Pass,Pass,Pass,Pass,Pass,Pass,Pass,Pass,Skip,Pass,
03-03-2017,22:48:10,41.1,3,155900136523,PASS,Pass,Pass,Pass,Pass,Pass,Pass,Pass,Pass,Skip,Pass,Pass,Pass,Pass,Pass,Pass,Pass,Pass,Pass,Pass,Pass,Pass,Pass,Pass,Pass,Pass,Pass,Pass,Pass,Pass,Pass,Pass,Pass,Pass,Pass,Pass,Pass,Pass,Pass,Pass,Skip,Pass,
03-03-2017,22:48:24,40.1,5,155900136524,PASS,Pass,Pass,Pass,Pass,Pass,Pass,Pass,Pass,Skip,Pass,Pass,Pass,Pass,Pass,Pass,Pass,Pass,Pass,Pass,Pass,Pass,Pass,Pass,Pass,Pass,Pass,Pass,Pass,Pass,Pass,Pass,Pass,Pass,Pass,Pass,Pass,Pass,Pass,Pass,Skip,Pass,
03-03-2017,22:48:40,42.1,2,155900136525,PASS,Pass,Pass,Pass,Pass,Pass,Pass,Pass,Pass,Skip,Pass,Pass,Pass,Pass,Pass,Pass,Pass,Pass,Pass,Pass,Pass,Pass,Pass,Pass,Pass,Pass,Pass,Pass,Pass,Pass,Pass,Pass,Pass,Pass,Pass,Pass,Pass,Pass,Pass,Pass,Skip,Pass,
03-03-2017,22:48:53,39.8,4,155900136526,PASS,Pass,Pass,Pass,Pass,Pass,Pass,Pass,Pass,Skip,Pass,Pass,Pass,Pass,Pass,Pass,Pass,Pass,Pass,Pass,Pass,Pass,Pass,Pass,Pass,Pass,Pass,Pass,Pass,Pass,Pass,Pass,Pass,Pass,Pass,Pass,Pass,Pass,Pass,Pass,Skip,Pass,
03-03-2017,22:49:06,39.0,6,155900136531,PASS,Pass,Pass,Pass,Pass,Pass,Pass,Pass,Pass,Skip,Pass,Pass,Pass,Pass,Pass,Pass,Pass,Pass,Pass,Pass,Pass,Pass,Pass,Pass,Pass,Pass,Pass,Pass,Pass,Pass,Pass,Pass,Pass,Pass,Pass,Pass,Pass,Pass,Pass,Pass,Skip,Pass,
03-03-2017,22:49:32,40.2,1,155900136532,PASS,Pass,Pass,Pass,Pass,Pass,Pass,Pass,Pass,Skip,Pass,Pass,Pass,Pass,Pass,Pass,Pass,Pass,Pass,Pass,Pass,Pass,Pass,Pass,Pass,Pass,Pass,Pass,Pass,Pass,Pass,Pass,Pass,Pass,Pass,Pass,Pass,Pass,Pass,Pass,Skip,Pass,
03-03-2017,22:49:45,40.2,3,155900136533,PASS,Pass,Pass,Pass,Pass,Pass,Pass,Pass,Pass,Skip,Pass,Pass,Pass,Pass,Pass,Pass,Pass,Pass,Pass,Pass,Pass,Pass,Pass,Pass,Pass,Pass,Pass,Pass,Pass,Pass,Pass,Pass,Pass,Pass,Pass,Pass,Pass,Pass,Pass,Pass,Skip,Pass,
03-03-2017,22:49:58,39.6,5,155900136534,PASS,Pass,Pass,Pass,Pass,Pass,Pass,Pass,Pass,Skip,Pass,Pass,Pass,Pass,Pass,Pass,Pass,Pass,Pass,Pass,Pass,Pass,Pass,Pass,Pass,Pass,Pass,Pass,Pass,Pass,Pass,Pass,Pass,Pass,Pass,Pass,Pass,Pass,Pass,Pass,Skip,Pass,
03-03-2017,22:50:22,39.1,2,155900136535,PASS,Pass,Pass,Pass,Pass,Pass,Pass,Pass,Pass,Skip,Pass,Pass,Pass,Pass,Pass,Pass,Pass,Pass,Pass,Pass,Pass,Pass,Pass,Pass,Pass,Pass,Pass,Pass,Pass,Pass,Pass,Pass,Pass,Pass,Pass,Pass,Pass,Pass,Pass,Pass,Skip,Pass,
03-03-2017,22:50:30,39.2,4,155900136536,PASS,Pass,Pass,Pass,Pass,Pass,Pass,Pass,Pass,Skip,Pass,Pass,Pass,Pass,Pass,Pass,Pass,Pass,Pass,Pass,Pass,Pass,Pass,Pass,Pass,Pass,Pass,Pass,Pass,Pass,Pass,Pass,Pass,Pass,Pass,Pass,Pass,Pass,Pass,Pass,Skip,Pass,
03-03-2017,22:50:48,40.0,6,155900136551,PASS,Pass,Pass,Pass,Pass,Pass,Pass,Pass,Pass,Skip,Pass,Pass,Pass,Pass,Pass,Pass,Pass,Pass,Pass,Pass,Pass,Pass,Pass,Pass,Pass,Pass,Pass,Pass,Pass,Pass,Pass,Pass,Pass,Pass,Pass,Pass,Pass,Pass,Pass,Pass,Skip,Pass,
03-03-2017,22:51:01,39.5,1,155900136552,PASS,Pass,Pass,Pass,Pass,Pass,Pass,Pass,Pass,Skip,Pass,Pass,Pass,Pass,Pass,Pass,Pass,Pass,Pass,Pass,Pass,Pass,Pass,Pass,Pass,Pass,Pass,Pass,Pass,Pass,Pass,Pass,Pass,Pass,Pass,Pass,Pass,Pass,Pass,Pass,Skip,Pass,
03-03-2017,22:51:15,40.7,3,155900136553,PASS,Pass,Pass,Pass,Pass,Pass,Pass,Pass,Pass,Skip,Pass,Pass,Pass,Pass,Pass,Pass,Pass,Pass,Pass,Pass,Pass,Pass,Pass,Pass,Pass,Pass,Pass,Pass,Pass,Pass,Pass,Pass,Pass,Pass,Pass,Pass,Pass,Pass,Pass,Pass,Skip,Pass,
03-03-2017,22:51:43,43.7,5,155900136554,PASS,Pass,Pass,Pass,Pass,Pass,Pass,Pass,Pass,Skip,Pass,Pass,Pass,Pass,Pass,Pass,Pass,Pass,Pass,Pass,Pass,Pass,Pass,Pass,Pass,Pass,Pass,Pass,Pass,Pass,Pass,Pass,Pass,Pass,Pass,Pass,Pass,Pass,Pass,Pass,Skip,Pass,
03-03-2017,22:51:52,40.6,2,155900136555,PASS,Pass,Pass,Pass,Pass,Pass,Pass,Pass,Pass,Skip,Pass,Pass,Pass,Pass,Pass,Pass,Pass,Pass,Pass,Pass,Pass,Pass,Pass,Pass,Pass,Pass,Pass,Pass,Pass,Pass,Pass,Pass,Pass,Pass,Pass,Pass,Pass,Pass,Pass,Pass,Skip,Pass,
03-03-2017,22:52:01,39.0,4,155900136556,PASS,Pass,Pass,Pass,Pass,Pass,Pass,Pass,Pass,Skip,Pass,Pass,Pass,Pass,Pass,Pass,Pass,Pass,Pass,Pass,Pass,Pass,Pass,Pass,Pass,Pass,Pass,Pass,Pass,Pass,Pass,Pass,Pass,Pass,Pass,Pass,Pass,Pass,Pass,Pass,Skip,Pass,
03-03-2017,22:52:23,39.4,6,155900136561,PASS,Pass,Pass,Pass,Pass,Pass,Pass,Pass,Pass,Skip,Pass,Pass,Pass,Pass,Pass,Pass,Pass,Pass,Pass,Pass,Pass,Pass,Pass,Pass,Pass,Pass,Pass,Pass,Pass,Pass,Pass,Pass,Pass,Pass,Pass,Pass,Pass,Pass,Pass,Pass,Skip,Pass,
