,,,,,Name,Power On,Init CAN,Sensor_Comm_Init,Select Instrument,Init Tx Cal,Ping DUT,Proceed Request,WritePoints1571-1576,Points 812 to 815,Write Mailbox points,ReadTemperature,Make Path,Check Current,Get Sw Vers,Disable_Temp_Comp,SetMaxPowerForOccupiedBW,Save Config Points,Switch to RCTA,RCTA Occupied Bandwidth,Switch to BSD,BSD Occupied Bandwidth,Select Tx Antenna1,Set Cw mode enable,Disable_Temp_Comp,SetHondaTxPowerCal,Enable_Temp_comp,Select Tx Antenna1,TX Power Main,Select Tx Antenna2,TX Power Squint,Centre Frequencey Main,Centre Frequency Squint,CW Leakage Main,CW Leakage Squint,Set Cw mode disable,ReadTemperature,Reset DUT,Verify Points 1571-1576,Verify Mailbox points,ReadPoint 812-815,Power off,,,,,,,,,,,,,,,,,,,,,,,,,,,,,,,,,,,,,,,,,,,,,,,,,,,,,,,,,,,,,,,,,,,,,,,,,,,,,,,,,,,,,,,,,,,,,,,,,,,,,,,,,,,,,,
,,,,,Procedure,Bat_Ctrl,InitCanInterface,Sensor_Comm_Init,Get_Test_Instrument,Init_Tx_Cal,PingDut,Proceed_Request,WriteDUTData,WritePointCsvValue,WriteNBMailboxPoints,ReadTemperature,Make_Path,AnalogVoltMeas,GetSWVersion,SetTemperatureCompensation,SetMaxPowerForOccupiedBW,SaveConfigPoints,Force_Radar_Mode,GetOccupiedBw,Force_Radar_Mode,GetOccupiedBw,Select_TX_Antenna,SetCWMode,SetTemperatureCompensation,SetHondaTxPowerCal,SetTemperatureCompensation,Select_TX_Antenna,GetTxPower,Select_TX_Antenna,GetTxPower,GetCenterFrequency,GetCenterFrequency,GetCwLeakage,GetCwLeakage,SetCWMode,ReadTemperature,Reset_Bat,SerialpointsCheck,VerifyNBMailboxPoints,ReadPointCSV,Bat_Ctrl,,,,,,,,,,,,,,,,,,,,,,,,,,,,,,,,,,,,,,,,,,,,,,,,,,,,,,,,,,,,,,,,,,,,,,,,,,,,,,,,,,,,,,,,,,,,,,,,,,,,,,,,,,,,,,
Date,Time,Test Time,Nest,MIS#,Pass/Fail
05-28-2016,00:00:06,44.0,5,180980072311,PASS,Pass,Pass,Pass,Pass,Pass,Pass,Pass,Pass,Skip,Pass,Pass,Pass,Pass,Pass,Pass,Pass,Pass,Pass,Pass,Pass,Pass,Pass,Pass,Pass,Pass,Pass,Pass,Pass,Pass,Pass,Pass,Pass,Pass,Pass,Pass,Pass,Pass,Pass,Pass,Skip,Pass,
05-28-2016,00:00:36,43.8,2,180980072312,PASS,Pass,Pass,Pass,Pass,Pass,Pass,Pass,Pass,Skip,Pass,Pass,Pass,Pass,Pass,Pass,Pass,Pass,Pass,Pass,Pass,Pass,Pass,Pass,Pass,Pass,Pass,Pass,Pass,Pass,Pass,Pass,Pass,Pass,Pass,Pass,Pass,Pass,Pass,Pass,Skip,Pass,
05-28-2016,00:00:47,44.0,4,180980072313,PASS,Pass,Pass,Pass,Pass,Pass,Pass,Pass,Pass,Skip,Pass,Pass,Pass,Pass,Pass,Pass,Pass,Pass,Pass,Pass,Pass,Pass,Pass,Pass,Pass,Pass,Pass,Pass,Pass,Pass,Pass,Pass,Pass,Pass,Pass,Pass,Pass,Pass,Pass,Pass,Skip,Pass,
05-28-2016,00:01:06,45.3,6,180980072314,PASS,Pass,Pass,Pass,Pass,Pass,Pass,Pass,Pass,Skip,Pass,Pass,Pass,Pass,Pass,Pass,Pass,Pass,Pass,Pass,Pass,Pass,Pass,Pass,Pass,Pass,Pass,Pass,Pass,Pass,Pass,Pass,Pass,Pass,Pass,Pass,Pass,Pass,Pass,Pass,Skip,Pass,
05-28-2016,00:01:24,45.6,1,180980072315,PASS,Pass,Pass,Pass,Pass,Pass,Pass,Pass,Pass,Skip,Pass,Pass,Pass,Pass,Pass,Pass,Pass,Pass,Pass,Pass,Pass,Pass,Pass,Pass,Pass,Pass,Pass,Pass,Pass,Pass,Pass,Pass,Pass,Pass,Pass,Pass,Pass,Pass,Pass,Pass,Skip,Pass,
05-28-2016,00:01:37,45.8,3,180980072316,PASS,Pass,Pass,Pass,Pass,Pass,Pass,Pass,Pass,Skip,Pass,Pass,Pass,Pass,Pass,Pass,Pass,Pass,Pass,Pass,Pass,Pass,Pass,Pass,Pass,Pass,Pass,Pass,Pass,Pass,Pass,Pass,Pass,Pass,Pass,Pass,Pass,Pass,Pass,Pass,Skip,Pass,
05-28-2016,00:02:02,49.7,5,180980072751,PASS,Pass,Pass,Pass,Pass,Pass,Pass,Pass,Pass,Skip,Pass,Pass,Pass,Pass,Pass,Pass,Pass,Pass,Pass,Pass,Pass,Pass,Pass,Pass,Pass,Pass,Pass,Pass,Pass,Pass,Pass,Pass,Pass,Pass,Pass,Pass,Pass,Pass,Pass,Pass,Skip,Pass,
05-28-2016,00:02:09,44.7,2,180980072752,PASS,Pass,Pass,Pass,Pass,Pass,Pass,Pass,Pass,Skip,Pass,Pass,Pass,Pass,Pass,Pass,Pass,Pass,Pass,Pass,Pass,Pass,Pass,Pass,Pass,Pass,Pass,Pass,Pass,Pass,Pass,Pass,Pass,Pass,Pass,Pass,Pass,Pass,Pass,Pass,Skip,Pass,
05-28-2016,00:02:27,47.6,4,180980072753,PASS,Pass,Pass,Pass,Pass,Pass,Pass,Pass,Pass,Skip,Pass,Pass,Pass,Pass,Pass,Pass,Pass,Pass,Pass,Pass,Pass,Pass,Pass,Pass,Pass,Pass,Pass,Pass,Pass,Pass,Pass,Pass,Pass,Pass,Pass,Pass,Pass,Pass,Pass,Pass,Skip,Pass,
05-28-2016,00:02:46,43.9,6,180980072754,PASS,Pass,Pass,Pass,Pass,Pass,Pass,Pass,Pass,Skip,Pass,Pass,Pass,Pass,Pass,Pass,Pass,Pass,Pass,Pass,Pass,Pass,Pass,Pass,Pass,Pass,Pass,Pass,Pass,Pass,Pass,Pass,Pass,Pass,Pass,Pass,Pass,Pass,Pass,Pass,Skip,Pass,
05-28-2016,00:03:02,48.2,1,180980072755,PASS,Pass,Pass,Pass,Pass,Pass,Pass,Pass,Pass,Skip,Pass,Pass,Pass,Pass,Pass,Pass,Pass,Pass,Pass,Pass,Pass,Pass,Pass,Pass,Pass,Pass,Pass,Pass,Pass,Pass,Pass,Pass,Pass,Pass,Pass,Pass,Pass,Pass,Pass,Pass,Skip,Pass,
05-28-2016,00:03:23,43.5,3,180980072756,PASS,Pass,Pass,Pass,Pass,Pass,Pass,Pass,Pass,Skip,Pass,Pass,Pass,Pass,Pass,Pass,Pass,Pass,Pass,Pass,Pass,Pass,Pass,Pass,Pass,Pass,Pass,Pass,Pass,Pass,Pass,Pass,Pass,Pass,Pass,Pass,Pass,Pass,Pass,Pass,Skip,Pass,
05-28-2016,00:03:40,45.8,5,180980072661,PASS,Pass,Pass,Pass,Pass,Pass,Pass,Pass,Pass,Skip,Pass,Pass,Pass,Pass,Pass,Pass,Pass,Pass,Pass,Pass,Pass,Pass,Pass,Pass,Pass,Pass,Pass,Pass,Pass,Pass,Pass,Pass,Pass,Pass,Pass,Pass,Pass,Pass,Pass,Pass,Skip,Pass,
05-28-2016,00:03:57,47.0,2,180980072662,PASS,Pass,Pass,Pass,Pass,Pass,Pass,Pass,Pass,Skip,Pass,Pass,Pass,Pass,Pass,Pass,Pass,Pass,Pass,Pass,Pass,Pass,Pass,Pass,Pass,Pass,Pass,Pass,Pass,Pass,Pass,Pass,Pass,Pass,Pass,Pass,Pass,Pass,Pass,Pass,Skip,Pass,
05-28-2016,00:04:28,56.9,4,180980072663,PASS,Pass,Pass,Pass,Pass,Pass,Pass,Pass,Pass,Skip,Pass,Pass,Pass,Pass,Pass,Pass,Pass,Pass,Pass,Pass,Pass,Pass,Pass,Pass,Pass,Pass,Pass,Pass,Pass,Pass,Pass,Pass,Pass,Pass,Pass,Pass,Pass,Pass,Pass,Pass,Skip,Pass,
05-28-2016,00:04:32,46.1,6,180980072664,PASS,Pass,Pass,Pass,Pass,Pass,Pass,Pass,Pass,Skip,Pass,Pass,Pass,Pass,Pass,Pass,Pass,Pass,Pass,Pass,Pass,Pass,Pass,Pass,Pass,Pass,Pass,Pass,Pass,Pass,Pass,Pass,Pass,Pass,Pass,Pass,Pass,Pass,Pass,Pass,Skip,Pass,
05-28-2016,00:04:52,45.2,1,180980072665,PASS,Pass,Pass,Pass,Pass,Pass,Pass,Pass,Pass,Skip,Pass,Pass,Pass,Pass,Pass,Pass,Pass,Pass,Pass,Pass,Pass,Pass,Pass,Pass,Pass,Pass,Pass,Pass,Pass,Pass,Pass,Pass,Pass,Pass,Pass,Pass,Pass,Pass,Pass,Pass,Skip,Pass,
05-28-2016,00:05:14,46.2,3,180980072666,PASS,Pass,Pass,Pass,Pass,Pass,Pass,Pass,Pass,Skip,Pass,Pass,Pass,Pass,Pass,Pass,Pass,Pass,Pass,Pass,Pass,Pass,Pass,Pass,Pass,Pass,Pass,Pass,Pass,Pass,Pass,Pass,Pass,Pass,Pass,Pass,Pass,Pass,Pass,Pass,Skip,Pass,
05-28-2016,00:05:20,45.3,5,180980072651,PASS,Pass,Pass,Pass,Pass,Pass,Pass,Pass,Pass,Skip,Pass,Pass,Pass,Pass,Pass,Pass,Pass,Pass,Pass,Pass,Pass,Pass,Pass,Pass,Pass,Pass,Pass,Pass,Pass,Pass,Pass,Pass,Pass,Pass,Pass,Pass,Pass,Pass,Pass,Pass,Skip,Pass,
05-28-2016,00:05:36,43.9,2,180980072652,PASS,Pass,Pass,Pass,Pass,Pass,Pass,Pass,Pass,Skip,Pass,Pass,Pass,Pass,Pass,Pass,Pass,Pass,Pass,Pass,Pass,Pass,Pass,Pass,Pass,Pass,Pass,Pass,Pass,Pass,Pass,Pass,Pass,Pass,Pass,Pass,Pass,Pass,Pass,Pass,Skip,Pass,
05-28-2016,00:06:01,46.1,4,180980072653,PASS,Pass,Pass,Pass,Pass,Pass,Pass,Pass,Pass,Skip,Pass,Pass,Pass,Pass,Pass,Pass,Pass,Pass,Pass,Pass,Pass,Pass,Pass,Pass,Pass,Pass,Pass,Pass,Pass,Pass,Pass,Pass,Pass,Pass,Pass,Pass,Pass,Pass,Pass,Pass,Skip,Pass,
05-28-2016,00:06:16,50.4,6,180980072654,PASS,Pass,Pass,Pass,Pass,Pass,Pass,Pass,Pass,Skip,Pass,Pass,Pass,Pass,Pass,Pass,Pass,Pass,Pass,Pass,Pass,Pass,Pass,Pass,Pass,Pass,Pass,Pass,Pass,Pass,Pass,Pass,Pass,Pass,Pass,Pass,Pass,Pass,Pass,Pass,Skip,Pass,
05-28-2016,00:06:32,47.6,1,180980072655,PASS,Pass,Pass,Pass,Pass,Pass,Pass,Pass,Pass,Skip,Pass,Pass,Pass,Pass,Pass,Pass,Pass,Pass,Pass,Pass,Pass,Pass,Pass,Pass,Pass,Pass,Pass,Pass,Pass,Pass,Pass,Pass,Pass,Pass,Pass,Pass,Pass,Pass,Pass,Pass,Skip,Pass,
05-28-2016,00:06:47,45.8,3,180980072656,PASS,Pass,Pass,Pass,Pass,Pass,Pass,Pass,Pass,Skip,Pass,Pass,Pass,Pass,Pass,Pass,Pass,Pass,Pass,Pass,Pass,Pass,Pass,Pass,Pass,Pass,Pass,Pass,Pass,Pass,Pass,Pass,Pass,Pass,Pass,Pass,Pass,Pass,Pass,Pass,Skip,Pass,
05-28-2016,00:07:02,46.4,5,180980072771,PASS,Pass,Pass,Pass,Pass,Pass,Pass,Pass,Pass,Skip,Pass,Pass,Pass,Pass,Pass,Pass,Pass,Pass,Pass,Pass,Pass,Pass,Pass,Pass,Pass,Pass,Pass,Pass,Pass,Pass,Pass,Pass,Pass,Pass,Pass,Pass,Pass,Pass,Pass,Pass,Skip,Pass,
05-28-2016,00:07:18,44.9,2,180980072772,PASS,Pass,Pass,Pass,Pass,Pass,Pass,Pass,Pass,Skip,Pass,Pass,Pass,Pass,Pass,Pass,Pass,Pass,Pass,Pass,Pass,Pass,Pass,Pass,Pass,Pass,Pass,Pass,Pass,Pass,Pass,Pass,Pass,Pass,Pass,Pass,Pass,Pass,Pass,Pass,Skip,Pass,
05-28-2016,00:07:48,49.9,4,180980072773,PASS,Pass,Pass,Pass,Pass,Pass,Pass,Pass,Pass,Skip,Pass,Pass,Pass,Pass,Pass,Pass,Pass,Pass,Pass,Pass,Pass,Pass,Pass,Pass,Pass,Pass,Pass,Pass,Pass,Pass,Pass,Pass,Pass,Pass,Pass,Pass,Pass,Pass,Pass,Pass,Skip,Pass,
05-28-2016,00:07:55,44.0,6,180980072774,PASS,Pass,Pass,Pass,Pass,Pass,Pass,Pass,Pass,Skip,Pass,Pass,Pass,Pass,Pass,Pass,Pass,Pass,Pass,Pass,Pass,Pass,Pass,Pass,Pass,Pass,Pass,Pass,Pass,Pass,Pass,Pass,Pass,Pass,Pass,Pass,Pass,Pass,Pass,Pass,Skip,Pass,
05-28-2016,00:08:15,45.9,1,180980072775,PASS,Pass,Pass,Pass,Pass,Pass,Pass,Pass,Pass,Skip,Pass,Pass,Pass,Pass,Pass,Pass,Pass,Pass,Pass,Pass,Pass,Pass,Pass,Pass,Pass,Pass,Pass,Pass,Pass,Pass,Pass,Pass,Pass,Pass,Pass,Pass,Pass,Pass,Pass,Pass,Skip,Pass,
05-28-2016,00:08:31,43.3,3,180980072776,PASS,Pass,Pass,Pass,Pass,Pass,Pass,Pass,Pass,Skip,Pass,Pass,Pass,Pass,Pass,Pass,Pass,Pass,Pass,Pass,Pass,Pass,Pass,Pass,Pass,Pass,Pass,Pass,Pass,Pass,Pass,Pass,Pass,Pass,Pass,Pass,Pass,Pass,Pass,Pass,Skip,Pass,
05-28-2016,00:08:47,46.2,5,180980072831,PASS,Pass,Pass,Pass,Pass,Pass,Pass,Pass,Pass,Skip,Pass,Pass,Pass,Pass,Pass,Pass,Pass,Pass,Pass,Pass,Pass,Pass,Pass,Pass,Pass,Pass,Pass,Pass,Pass,Pass,Pass,Pass,Pass,Pass,Pass,Pass,Pass,Pass,Pass,Pass,Skip,Pass,
05-28-2016,00:09:00,45.2,2,180980072832,PASS,Pass,Pass,Pass,Pass,Pass,Pass,Pass,Pass,Skip,Pass,Pass,Pass,Pass,Pass,Pass,Pass,Pass,Pass,Pass,Pass,Pass,Pass,Pass,Pass,Pass,Pass,Pass,Pass,Pass,Pass,Pass,Pass,Pass,Pass,Pass,Pass,Pass,Pass,Pass,Skip,Pass,
05-28-2016,00:09:16,44.2,4,180980072833,PASS,Pass,Pass,Pass,Pass,Pass,Pass,Pass,Pass,Skip,Pass,Pass,Pass,Pass,Pass,Pass,Pass,Pass,Pass,Pass,Pass,Pass,Pass,Pass,Pass,Pass,Pass,Pass,Pass,Pass,Pass,Pass,Pass,Pass,Pass,Pass,Pass,Pass,Pass,Pass,Skip,Pass,
05-28-2016,00:09:47,46.5,6,180980072834,PASS,Pass,Pass,Pass,Pass,Pass,Pass,Pass,Pass,Skip,Pass,Pass,Pass,Pass,Pass,Pass,Pass,Pass,Pass,Pass,Pass,Pass,Pass,Pass,Pass,Pass,Pass,Pass,Pass,Pass,Pass,Pass,Pass,Pass,Pass,Pass,Pass,Pass,Pass,Pass,Skip,Pass,
05-28-2016,00:10:01,44.1,1,180980072835,PASS,Pass,Pass,Pass,Pass,Pass,Pass,Pass,Pass,Skip,Pass,Pass,Pass,Pass,Pass,Pass,Pass,Pass,Pass,Pass,Pass,Pass,Pass,Pass,Pass,Pass,Pass,Pass,Pass,Pass,Pass,Pass,Pass,Pass,Pass,Pass,Pass,Pass,Pass,Pass,Skip,Pass,
05-28-2016,00:10:12,43.1,3,180980072836,PASS,Pass,Pass,Pass,Pass,Pass,Pass,Pass,Pass,Skip,Pass,Pass,Pass,Pass,Pass,Pass,Pass,Pass,Pass,Pass,Pass,Pass,Pass,Pass,Pass,Pass,Pass,Pass,Pass,Pass,Pass,Pass,Pass,Pass,Pass,Pass,Pass,Pass,Pass,Pass,Skip,Pass,
05-28-2016,00:10:36,47.4,5,180980072841,PASS,Pass,Pass,Pass,Pass,Pass,Pass,Pass,Pass,Skip,Pass,Pass,Pass,Pass,Pass,Pass,Pass,Pass,Pass,Pass,Pass,Pass,Pass,Pass,Pass,Pass,Pass,Pass,Pass,Pass,Pass,Pass,Pass,Pass,Pass,Pass,Pass,Pass,Pass,Pass,Skip,Pass,
05-28-2016,00:10:51,43.2,2,180980072842,PASS,Pass,Pass,Pass,Pass,Pass,Pass,Pass,Pass,Skip,Pass,Pass,Pass,Pass,Pass,Pass,Pass,Pass,Pass,Pass,Pass,Pass,Pass,Pass,Pass,Pass,Pass,Pass,Pass,Pass,Pass,Pass,Pass,Pass,Pass,Pass,Pass,Pass,Pass,Pass,Skip,Pass,
05-28-2016,00:11:04,44.7,4,180980072843,PASS,Pass,Pass,Pass,Pass,Pass,Pass,Pass,Pass,Skip,Pass,Pass,Pass,Pass,Pass,Pass,Pass,Pass,Pass,Pass,Pass,Pass,Pass,Pass,Pass,Pass,Pass,Pass,Pass,Pass,Pass,Pass,Pass,Pass,Pass,Pass,Pass,Pass,Pass,Pass,Skip,Pass,
05-28-2016,00:11:21,44.8,6,180980072844,PASS,Pass,Pass,Pass,Pass,Pass,Pass,Pass,Pass,Skip,Pass,Pass,Pass,Pass,Pass,Pass,Pass,Pass,Pass,Pass,Pass,Pass,Pass,Pass,Pass,Pass,Pass,Pass,Pass,Pass,Pass,Pass,Pass,Pass,Pass,Pass,Pass,Pass,Pass,Pass,Skip,Pass,
05-28-2016,00:11:47,43.3,1,180980072845,PASS,Pass,Pass,Pass,Pass,Pass,Pass,Pass,Pass,Skip,Pass,Pass,Pass,Pass,Pass,Pass,Pass,Pass,Pass,Pass,Pass,Pass,Pass,Pass,Pass,Pass,Pass,Pass,Pass,Pass,Pass,Pass,Pass,Pass,Pass,Pass,Pass,Pass,Pass,Pass,Skip,Pass,
05-28-2016,00:12:00,45.4,3,180980072846,PASS,Pass,Pass,Pass,Pass,Pass,Pass,Pass,Pass,Skip,Pass,Pass,Pass,Pass,Pass,Pass,Pass,Pass,Pass,Pass,Pass,Pass,Pass,Pass,Pass,Pass,Pass,Pass,Pass,Pass,Pass,Pass,Pass,Pass,Pass,Pass,Pass,Pass,Pass,Pass,Skip,Pass,
05-28-2016,00:12:17,48.6,5,180980072851,PASS,Pass,Pass,Pass,Pass,Pass,Pass,Pass,Pass,Skip,Pass,Pass,Pass,Pass,Pass,Pass,Pass,Pass,Pass,Pass,Pass,Pass,Pass,Pass,Pass,Pass,Pass,Pass,Pass,Pass,Pass,Pass,Pass,Pass,Pass,Pass,Pass,Pass,Pass,Pass,Skip,Pass,
05-28-2016,00:12:31,44.2,2,180980072852,PASS,Pass,Pass,Pass,Pass,Pass,Pass,Pass,Pass,Skip,Pass,Pass,Pass,Pass,Pass,Pass,Pass,Pass,Pass,Pass,Pass,Pass,Pass,Pass,Pass,Pass,Pass,Pass,Pass,Pass,Pass,Pass,Pass,Pass,Pass,Pass,Pass,Pass,Pass,Pass,Skip,Pass,
05-28-2016,00:13:03,48.4,4,180980072853,PASS,Pass,Pass,Pass,Pass,Pass,Pass,Pass,Pass,Skip,Pass,Pass,Pass,Pass,Pass,Pass,Pass,Pass,Pass,Pass,Pass,Pass,Pass,Pass,Pass,Pass,Pass,Pass,Pass,Pass,Pass,Pass,Pass,Pass,Pass,Pass,Pass,Pass,Pass,Pass,Skip,Pass,
05-28-2016,00:13:21,43.8,6,180980072854,PASS,Pass,Pass,Pass,Pass,Pass,Pass,Pass,Pass,Skip,Pass,Pass,Pass,Pass,Pass,Pass,Pass,Pass,Pass,Pass,Pass,Pass,Pass,Pass,Pass,Pass,Pass,Pass,Pass,Pass,Pass,Pass,Pass,Pass,Pass,Pass,Pass,Pass,Pass,Pass,Skip,Pass,
05-28-2016,00:15:39,44.2,6,180980072855,PASS,Pass,Pass,Pass,Pass,Pass,Pass,Pass,Pass,Skip,Pass,Pass,Pass,Pass,Pass,Pass,Pass,Pass,Pass,Pass,Pass,Pass,Pass,Pass,Pass,Pass,Pass,Pass,Pass,Pass,Pass,Pass,Pass,Pass,Pass,Pass,Pass,Pass,Pass,Pass,Skip,Pass,
05-28-2016,00:15:52,43.3,1,180980072856,PASS,Pass,Pass,Pass,Pass,Pass,Pass,Pass,Pass,Skip,Pass,Pass,Pass,Pass,Pass,Pass,Pass,Pass,Pass,Pass,Pass,Pass,Pass,Pass,Pass,Pass,Pass,Pass,Pass,Pass,Pass,Pass,Pass,Pass,Pass,Pass,Pass,Pass,Pass,Pass,Skip,Pass,
05-28-2016,00:16:06,44.7,3,180980072891,PASS,Pass,Pass,Pass,Pass,Pass,Pass,Pass,Pass,Skip,Pass,Pass,Pass,Pass,Pass,Pass,Pass,Pass,Pass,Pass,Pass,Pass,Pass,Pass,Pass,Pass,Pass,Pass,Pass,Pass,Pass,Pass,Pass,Pass,Pass,Pass,Pass,Pass,Pass,Pass,Skip,Pass,
05-28-2016,00:16:26,47.4,5,180980072892,PASS,Pass,Pass,Pass,Pass,Pass,Pass,Pass,Pass,Skip,Pass,Pass,Pass,Pass,Pass,Pass,Pass,Pass,Pass,Pass,Pass,Pass,Pass,Pass,Pass,Pass,Pass,Pass,Pass,Pass,Pass,Pass,Pass,Pass,Pass,Pass,Pass,Pass,Pass,Pass,Skip,Pass,
05-28-2016,00:16:58,48.6,2,180980072893,PASS,Pass,Pass,Pass,Pass,Pass,Pass,Pass,Pass,Skip,Pass,Pass,Pass,Pass,Pass,Pass,Pass,Pass,Pass,Pass,Pass,Pass,Pass,Pass,Pass,Pass,Pass,Pass,Pass,Pass,Pass,Pass,Pass,Pass,Pass,Pass,Pass,Pass,Pass,Pass,Skip,Pass,
05-28-2016,00:17:20,49.8,4,180980072894,PASS,Pass,Pass,Pass,Pass,Pass,Pass,Pass,Pass,Skip,Pass,Pass,Pass,Pass,Pass,Pass,Pass,Pass,Pass,Pass,Pass,Pass,Pass,Pass,Pass,Pass,Pass,Pass,Pass,Pass,Pass,Pass,Pass,Pass,Pass,Pass,Pass,Pass,Pass,Pass,Skip,Pass,
05-28-2016,00:17:39,49.7,6,180980072895,PASS,Pass,Pass,Pass,Pass,Pass,Pass,Pass,Pass,Skip,Pass,Pass,Pass,Pass,Pass,Pass,Pass,Pass,Pass,Pass,Pass,Pass,Pass,Pass,Pass,Pass,Pass,Pass,Pass,Pass,Pass,Pass,Pass,Pass,Pass,Pass,Pass,Pass,Pass,Pass,Skip,Pass,
05-28-2016,00:18:01,44.7,1,180980072896,PASS,Pass,Pass,Pass,Pass,Pass,Pass,Pass,Pass,Skip,Pass,Pass,Pass,Pass,Pass,Pass,Pass,Pass,Pass,Pass,Pass,Pass,Pass,Pass,Pass,Pass,Pass,Pass,Pass,Pass,Pass,Pass,Pass,Pass,Pass,Pass,Pass,Pass,Pass,Pass,Skip,Pass,
05-28-2016,00:18:28,44.3,3,180980072921,PASS,Pass,Pass,Pass,Pass,Pass,Pass,Pass,Pass,Skip,Pass,Pass,Pass,Pass,Pass,Pass,Pass,Pass,Pass,Pass,Pass,Pass,Pass,Pass,Pass,Pass,Pass,Pass,Pass,Pass,Pass,Pass,Pass,Pass,Pass,Pass,Pass,Pass,Pass,Pass,Skip,Pass,
05-28-2016,00:18:56,46.9,5,180980072922,PASS,Pass,Pass,Pass,Pass,Pass,Pass,Pass,Pass,Skip,Pass,Pass,Pass,Pass,Pass,Pass,Pass,Pass,Pass,Pass,Pass,Pass,Pass,Pass,Pass,Pass,Pass,Pass,Pass,Pass,Pass,Pass,Pass,Pass,Pass,Pass,Pass,Pass,Pass,Pass,Skip,Pass,
05-28-2016,00:19:06,44.5,2,180980072923,PASS,Pass,Pass,Pass,Pass,Pass,Pass,Pass,Pass,Skip,Pass,Pass,Pass,Pass,Pass,Pass,Pass,Pass,Pass,Pass,Pass,Pass,Pass,Pass,Pass,Pass,Pass,Pass,Pass,Pass,Pass,Pass,Pass,Pass,Pass,Pass,Pass,Pass,Pass,Pass,Skip,Pass,
05-28-2016,00:19:38,45.4,4,180980072924,PASS,Pass,Pass,Pass,Pass,Pass,Pass,Pass,Pass,Skip,Pass,Pass,Pass,Pass,Pass,Pass,Pass,Pass,Pass,Pass,Pass,Pass,Pass,Pass,Pass,Pass,Pass,Pass,Pass,Pass,Pass,Pass,Pass,Pass,Pass,Pass,Pass,Pass,Pass,Pass,Skip,Pass,
05-28-2016,00:19:52,44.0,6,180980072925,PASS,Pass,Pass,Pass,Pass,Pass,Pass,Pass,Pass,Skip,Pass,Pass,Pass,Pass,Pass,Pass,Pass,Pass,Pass,Pass,Pass,Pass,Pass,Pass,Pass,Pass,Pass,Pass,Pass,Pass,Pass,Pass,Pass,Pass,Pass,Pass,Pass,Pass,Pass,Pass,Skip,Pass,
05-28-2016,00:20:08,43.9,1,180980072926,PASS,Pass,Pass,Pass,Pass,Pass,Pass,Pass,Pass,Skip,Pass,Pass,Pass,Pass,Pass,Pass,Pass,Pass,Pass,Pass,Pass,Pass,Pass,Pass,Pass,Pass,Pass,Pass,Pass,Pass,Pass,Pass,Pass,Pass,Pass,Pass,Pass,Pass,Pass,Pass,Skip,Pass,
05-28-2016,00:20:22,43.5,3,180980072931,PASS,Pass,Pass,Pass,Pass,Pass,Pass,Pass,Pass,Skip,Pass,Pass,Pass,Pass,Pass,Pass,Pass,Pass,Pass,Pass,Pass,Pass,Pass,Pass,Pass,Pass,Pass,Pass,Pass,Pass,Pass,Pass,Pass,Pass,Pass,Pass,Pass,Pass,Pass,Pass,Skip,Pass,
05-28-2016,00:20:57,49.7,5,180980072932,PASS,Pass,Pass,Pass,Pass,Pass,Pass,Pass,Pass,Skip,Pass,Pass,Pass,Pass,Pass,Pass,Pass,Pass,Pass,Pass,Pass,Pass,Pass,Pass,Pass,Pass,Pass,Pass,Pass,Pass,Pass,Pass,Pass,Pass,Pass,Pass,Pass,Pass,Pass,Pass,Skip,Pass,
05-28-2016,00:21:10,46.0,2,180980072933,PASS,Pass,Pass,Pass,Pass,Pass,Pass,Pass,Pass,Skip,Pass,Pass,Pass,Pass,Pass,Pass,Pass,Pass,Pass,Pass,Pass,Pass,Pass,Pass,Pass,Pass,Pass,Pass,Pass,Pass,Pass,Pass,Pass,Pass,Pass,Pass,Pass,Pass,Pass,Pass,Skip,Pass,
05-28-2016,00:21:29,45.5,4,180980072934,PASS,Pass,Pass,Pass,Pass,Pass,Pass,Pass,Pass,Skip,Pass,Pass,Pass,Pass,Pass,Pass,Pass,Pass,Pass,Pass,Pass,Pass,Pass,Pass,Pass,Pass,Pass,Pass,Pass,Pass,Pass,Pass,Pass,Pass,Pass,Pass,Pass,Pass,Pass,Pass,Skip,Pass,
05-28-2016,00:21:57,46.6,6,180980072935,PASS,Pass,Pass,Pass,Pass,Pass,Pass,Pass,Pass,Skip,Pass,Pass,Pass,Pass,Pass,Pass,Pass,Pass,Pass,Pass,Pass,Pass,Pass,Pass,Pass,Pass,Pass,Pass,Pass,Pass,Pass,Pass,Pass,Pass,Pass,Pass,Pass,Pass,Pass,Pass,Skip,Pass,
05-28-2016,00:22:18,44.9,1,180980072936,PASS,Pass,Pass,Pass,Pass,Pass,Pass,Pass,Pass,Skip,Pass,Pass,Pass,Pass,Pass,Pass,Pass,Pass,Pass,Pass,Pass,Pass,Pass,Pass,Pass,Pass,Pass,Pass,Pass,Pass,Pass,Pass,Pass,Pass,Pass,Pass,Pass,Pass,Pass,Pass,Skip,Pass,
05-28-2016,00:22:35,43.7,3,180980072901,PASS,Pass,Pass,Pass,Pass,Pass,Pass,Pass,Pass,Skip,Pass,Pass,Pass,Pass,Pass,Pass,Pass,Pass,Pass,Pass,Pass,Pass,Pass,Pass,Pass,Pass,Pass,Pass,Pass,Pass,Pass,Pass,Pass,Pass,Pass,Pass,Pass,Pass,Pass,Pass,Skip,Pass,
05-28-2016,00:22:52,44.9,5,180980072902,PASS,Pass,Pass,Pass,Pass,Pass,Pass,Pass,Pass,Skip,Pass,Pass,Pass,Pass,Pass,Pass,Pass,Pass,Pass,Pass,Pass,Pass,Pass,Pass,Pass,Pass,Pass,Pass,Pass,Pass,Pass,Pass,Pass,Pass,Pass,Pass,Pass,Pass,Pass,Pass,Skip,Pass,
05-28-2016,00:23:11,44.3,2,180980072903,PASS,Pass,Pass,Pass,Pass,Pass,Pass,Pass,Pass,Skip,Pass,Pass,Pass,Pass,Pass,Pass,Pass,Pass,Pass,Pass,Pass,Pass,Pass,Pass,Pass,Pass,Pass,Pass,Pass,Pass,Pass,Pass,Pass,Pass,Pass,Pass,Pass,Pass,Pass,Pass,Skip,Pass,
05-28-2016,00:23:23,44.8,4,180980072904,PASS,Pass,Pass,Pass,Pass,Pass,Pass,Pass,Pass,Skip,Pass,Pass,Pass,Pass,Pass,Pass,Pass,Pass,Pass,Pass,Pass,Pass,Pass,Pass,Pass,Pass,Pass,Pass,Pass,Pass,Pass,Pass,Pass,Pass,Pass,Pass,Pass,Pass,Pass,Pass,Skip,Pass,
05-28-2016,00:23:37,45.7,6,180980072905,PASS,Pass,Pass,Pass,Pass,Pass,Pass,Pass,Pass,Skip,Pass,Pass,Pass,Pass,Pass,Pass,Pass,Pass,Pass,Pass,Pass,Pass,Pass,Pass,Pass,Pass,Pass,Pass,Pass,Pass,Pass,Pass,Pass,Pass,Pass,Pass,Pass,Pass,Pass,Pass,Skip,Pass,
05-28-2016,00:24:02,44.0,1,180980072906,PASS,Pass,Pass,Pass,Pass,Pass,Pass,Pass,Pass,Skip,Pass,Pass,Pass,Pass,Pass,Pass,Pass,Pass,Pass,Pass,Pass,Pass,Pass,Pass,Pass,Pass,Pass,Pass,Pass,Pass,Pass,Pass,Pass,Pass,Pass,Pass,Pass,Pass,Pass,Pass,Skip,Pass,
05-28-2016,00:24:11,43.4,3,180980072971,PASS,Pass,Pass,Pass,Pass,Pass,Pass,Pass,Pass,Skip,Pass,Pass,Pass,Pass,Pass,Pass,Pass,Pass,Pass,Pass,Pass,Pass,Pass,Pass,Pass,Pass,Pass,Pass,Pass,Pass,Pass,Pass,Pass,Pass,Pass,Pass,Pass,Pass,Pass,Pass,Skip,Pass,
05-28-2016,00:24:34,49.8,5,180980072972,PASS,Pass,Pass,Pass,Pass,Pass,Pass,Pass,Pass,Skip,Pass,Pass,Pass,Pass,Pass,Pass,Pass,Pass,Pass,Pass,Pass,Pass,Pass,Pass,Pass,Pass,Pass,Pass,Pass,Pass,Pass,Pass,Pass,Pass,Pass,Pass,Pass,Pass,Pass,Pass,Skip,Pass,
05-28-2016,00:24:52,43.9,2,180980072973,PASS,Pass,Pass,Pass,Pass,Pass,Pass,Pass,Pass,Skip,Pass,Pass,Pass,Pass,Pass,Pass,Pass,Pass,Pass,Pass,Pass,Pass,Pass,Pass,Pass,Pass,Pass,Pass,Pass,Pass,Pass,Pass,Pass,Pass,Pass,Pass,Pass,Pass,Pass,Pass,Skip,Pass,
05-28-2016,00:25:04,46.1,4,180980072974,PASS,Pass,Pass,Pass,Pass,Pass,Pass,Pass,Pass,Skip,Pass,Pass,Pass,Pass,Pass,Pass,Pass,Pass,Pass,Pass,Pass,Pass,Pass,Pass,Pass,Pass,Pass,Pass,Pass,Pass,Pass,Pass,Pass,Pass,Pass,Pass,Pass,Pass,Pass,Pass,Skip,Pass,
05-28-2016,00:25:46,45.0,1,180980072976,PASS,Pass,Pass,Pass,Pass,Pass,Pass,Pass,Pass,Skip,Pass,Pass,Pass,Pass,Pass,Pass,Pass,Pass,Pass,Pass,Pass,Pass,Pass,Pass,Pass,Pass,Pass,Pass,Pass,Pass,Pass,Pass,Pass,Pass,Pass,Pass,Pass,Pass,Pass,Pass,Skip,Pass,
05-28-2016,00:26:11,47.1,3,180980072941,PASS,Pass,Pass,Pass,Pass,Pass,Pass,Pass,Pass,Skip,Pass,Pass,Pass,Pass,Pass,Pass,Pass,Pass,Pass,Pass,Pass,Pass,Pass,Pass,Pass,Pass,Pass,Pass,Pass,Pass,Pass,Pass,Pass,Pass,Pass,Pass,Pass,Pass,Pass,Pass,Skip,Pass,
05-28-2016,00:26:26,43.3,5,180980072942,PASS,Pass,Pass,Pass,Pass,Pass,Pass,Pass,Pass,Skip,Pass,Pass,Pass,Pass,Pass,Pass,Pass,Pass,Pass,Pass,Pass,Pass,Pass,Pass,Pass,Pass,Pass,Pass,Pass,Pass,Pass,Pass,Pass,Pass,Pass,Pass,Pass,Pass,Pass,Pass,Skip,Pass,
05-28-2016,00:26:48,46.4,2,180980072943,PASS,Pass,Pass,Pass,Pass,Pass,Pass,Pass,Pass,Skip,Pass,Pass,Pass,Pass,Pass,Pass,Pass,Pass,Pass,Pass,Pass,Pass,Pass,Pass,Pass,Pass,Pass,Pass,Pass,Pass,Pass,Pass,Pass,Pass,Pass,Pass,Pass,Pass,Pass,Pass,Skip,Pass,
05-28-2016,00:27:08,49.2,4,180980072944,PASS,Pass,Pass,Pass,Pass,Pass,Pass,Pass,Pass,Skip,Pass,Pass,Pass,Pass,Pass,Pass,Pass,Pass,Pass,Pass,Pass,Pass,Pass,Pass,Pass,Pass,Pass,Pass,Pass,Pass,Pass,Pass,Pass,Pass,Pass,Pass,Pass,Pass,Pass,Pass,Skip,Pass,
05-28-2016,00:27:53,44.1,6,180980072945,PASS,Pass,Pass,Pass,Pass,Pass,Pass,Pass,Pass,Skip,Pass,Pass,Pass,Pass,Pass,Pass,Pass,Pass,Pass,Pass,Pass,Pass,Pass,Pass,Pass,Pass,Pass,Pass,Pass,Pass,Pass,Pass,Pass,Pass,Pass,Pass,Pass,Pass,Pass,Pass,Skip,Pass,
05-28-2016,00:28:07,45.9,1,180980072946,PASS,Pass,Pass,Pass,Pass,Pass,Pass,Pass,Pass,Skip,Pass,Pass,Pass,Pass,Pass,Pass,Pass,Pass,Pass,Pass,Pass,Pass,Pass,Pass,Pass,Pass,Pass,Pass,Pass,Pass,Pass,Pass,Pass,Pass,Pass,Pass,Pass,Pass,Pass,Pass,Skip,Pass,
05-28-2016,00:28:15,44.8,3,180980072961,PASS,Pass,Pass,Pass,Pass,Pass,Pass,Pass,Pass,Skip,Pass,Pass,Pass,Pass,Pass,Pass,Pass,Pass,Pass,Pass,Pass,Pass,Pass,Pass,Pass,Pass,Pass,Pass,Pass,Pass,Pass,Pass,Pass,Pass,Pass,Pass,Pass,Pass,Pass,Pass,Skip,Pass,
05-28-2016,00:28:38,44.5,5,180980072962,PASS,Pass,Pass,Pass,Pass,Pass,Pass,Pass,Pass,Skip,Pass,Pass,Pass,Pass,Pass,Pass,Pass,Pass,Pass,Pass,Pass,Pass,Pass,Pass,Pass,Pass,Pass,Pass,Pass,Pass,Pass,Pass,Pass,Pass,Pass,Pass,Pass,Pass,Pass,Pass,Skip,Pass,
05-28-2016,00:28:57,46.2,2,180980072963,PASS,Pass,Pass,Pass,Pass,Pass,Pass,Pass,Pass,Skip,Pass,Pass,Pass,Pass,Pass,Pass,Pass,Pass,Pass,Pass,Pass,Pass,Pass,Pass,Pass,Pass,Pass,Pass,Pass,Pass,Pass,Pass,Pass,Pass,Pass,Pass,Pass,Pass,Pass,Pass,Skip,Pass,
05-28-2016,00:29:43,45.3,1,180980072964,PASS,Pass,Pass,Pass,Pass,Pass,Pass,Pass,Pass,Skip,Pass,Pass,Pass,Pass,Pass,Pass,Pass,Pass,Pass,Pass,Pass,Pass,Pass,Pass,Pass,Pass,Pass,Pass,Pass,Pass,Pass,Pass,Pass,Pass,Pass,Pass,Pass,Pass,Pass,Pass,Skip,Pass,
05-28-2016,00:30:17,43.4,3,180980072965,PASS,Pass,Pass,Pass,Pass,Pass,Pass,Pass,Pass,Skip,Pass,Pass,Pass,Pass,Pass,Pass,Pass,Pass,Pass,Pass,Pass,Pass,Pass,Pass,Pass,Pass,Pass,Pass,Pass,Pass,Pass,Pass,Pass,Pass,Pass,Pass,Pass,Pass,Pass,Pass,Skip,Pass,
05-28-2016,00:30:37,46.2,5,180980072966,PASS,Pass,Pass,Pass,Pass,Pass,Pass,Pass,Pass,Skip,Pass,Pass,Pass,Pass,Pass,Pass,Pass,Pass,Pass,Pass,Pass,Pass,Pass,Pass,Pass,Pass,Pass,Pass,Pass,Pass,Pass,Pass,Pass,Pass,Pass,Pass,Pass,Pass,Pass,Pass,Skip,Pass,
05-28-2016,00:31:01,44.6,2,180980072951,PASS,Pass,Pass,Pass,Pass,Pass,Pass,Pass,Pass,Skip,Pass,Pass,Pass,Pass,Pass,Pass,Pass,Pass,Pass,Pass,Pass,Pass,Pass,Pass,Pass,Pass,Pass,Pass,Pass,Pass,Pass,Pass,Pass,Pass,Pass,Pass,Pass,Pass,Pass,Pass,Skip,Pass,
05-28-2016,00:31:29,43.9,4,180980072952,PASS,Pass,Pass,Pass,Pass,Pass,Pass,Pass,Pass,Skip,Pass,Pass,Pass,Pass,Pass,Pass,Pass,Pass,Pass,Pass,Pass,Pass,Pass,Pass,Pass,Pass,Pass,Pass,Pass,Pass,Pass,Pass,Pass,Pass,Pass,Pass,Pass,Pass,Pass,Pass,Skip,Pass,
05-28-2016,00:31:45,46.1,6,180980072953,PASS,Pass,Pass,Pass,Pass,Pass,Pass,Pass,Pass,Skip,Pass,Pass,Pass,Pass,Pass,Pass,Pass,Pass,Pass,Pass,Pass,Pass,Pass,Pass,Pass,Pass,Pass,Pass,Pass,Pass,Pass,Pass,Pass,Pass,Pass,Pass,Pass,Pass,Pass,Pass,Skip,Pass,
05-28-2016,00:33:01,44.0,2,180980072954,PASS,Pass,Pass,Pass,Pass,Pass,Pass,Pass,Pass,Skip,Pass,Pass,Pass,Pass,Pass,Pass,Pass,Pass,Pass,Pass,Pass,Pass,Pass,Pass,Pass,Pass,Pass,Pass,Pass,Pass,Pass,Pass,Pass,Pass,Pass,Pass,Pass,Pass,Pass,Pass,Skip,Pass,
05-28-2016,00:34:49,45.2,1,180980072955,PASS,Pass,Pass,Pass,Pass,Pass,Pass,Pass,Pass,Skip,Pass,Pass,Pass,Pass,Pass,Pass,Pass,Pass,Pass,Pass,Pass,Pass,Pass,Pass,Pass,Pass,Pass,Pass,Pass,Pass,Pass,Pass,Pass,Pass,Pass,Pass,Pass,Pass,Pass,Pass,Skip,Pass,
05-28-2016,00:35:55,49.8,3,180980072956,PASS,Pass,Pass,Pass,Pass,Pass,Pass,Pass,Pass,Skip,Pass,Pass,Pass,Pass,Pass,Pass,Pass,Pass,Pass,Pass,Pass,Pass,Pass,Pass,Pass,Pass,Pass,Pass,Pass,Pass,Pass,Pass,Pass,Pass,Pass,Pass,Pass,Pass,Pass,Pass,Skip,Pass,
05-28-2016,00:37:09,45.4,2,180980072881,PASS,Pass,Pass,Pass,Pass,Pass,Pass,Pass,Pass,Skip,Pass,Pass,Pass,Pass,Pass,Pass,Pass,Pass,Pass,Pass,Pass,Pass,Pass,Pass,Pass,Pass,Pass,Pass,Pass,Pass,Pass,Pass,Pass,Pass,Pass,Pass,Pass,Pass,Pass,Pass,Skip,Pass,
05-28-2016,00:37:38,52.6,4,180980072882,PASS,Pass,Pass,Pass,Pass,Pass,Pass,Pass,Pass,Skip,Pass,Pass,Pass,Pass,Pass,Pass,Pass,Pass,Pass,Pass,Pass,Pass,Pass,Pass,Pass,Pass,Pass,Pass,Pass,Pass,Pass,Pass,Pass,Pass,Pass,Pass,Pass,Pass,Pass,Pass,Skip,Pass,
05-28-2016,00:38:32,46.8,1,180980072883,PASS,Pass,Pass,Pass,Pass,Pass,Pass,Pass,Pass,Skip,Pass,Pass,Pass,Pass,Pass,Pass,Pass,Pass,Pass,Pass,Pass,Pass,Pass,Pass,Pass,Pass,Pass,Pass,Pass,Pass,Pass,Pass,Pass,Pass,Pass,Pass,Pass,Pass,Pass,Pass,Skip,Pass,
05-28-2016,00:40:29,49.5,1,180980072975,PASS,Pass,Pass,Pass,Pass,Pass,Pass,Pass,Pass,Skip,Pass,Pass,Pass,Pass,Pass,Pass,Pass,Pass,Pass,Pass,Pass,Pass,Pass,Pass,Pass,Pass,Pass,Pass,Pass,Pass,Pass,Pass,Pass,Pass,Pass,Pass,Pass,Pass,Pass,Pass,Skip,Pass,
05-28-2016,00:41:46,48.3,1,180980072884,PASS,Pass,Pass,Pass,Pass,Pass,Pass,Pass,Pass,Skip,Pass,Pass,Pass,Pass,Pass,Pass,Pass,Pass,Pass,Pass,Pass,Pass,Pass,Pass,Pass,Pass,Pass,Pass,Pass,Pass,Pass,Pass,Pass,Pass,Pass,Pass,Pass,Pass,Pass,Pass,Skip,Pass,
05-28-2016,00:41:56,46.3,3,180980072885,PASS,Pass,Pass,Pass,Pass,Pass,Pass,Pass,Pass,Skip,Pass,Pass,Pass,Pass,Pass,Pass,Pass,Pass,Pass,Pass,Pass,Pass,Pass,Pass,Pass,Pass,Pass,Pass,Pass,Pass,Pass,Pass,Pass,Pass,Pass,Pass,Pass,Pass,Pass,Pass,Skip,Pass,
05-28-2016,00:42:34,57.3,5,180980072886,PASS,Pass,Pass,Pass,Pass,Pass,Pass,Pass,Pass,Skip,Pass,Pass,Pass,Pass,Pass,Pass,Pass,Pass,Pass,Pass,Pass,Pass,Pass,Pass,Pass,Pass,Pass,Pass,Pass,Pass,Pass,Pass,Pass,Pass,Pass,Pass,Pass,Pass,Pass,Pass,Skip,Pass,
05-28-2016,00:43:25,49.7,2,180980072975,PASS,Pass,Pass,Pass,Pass,Pass,Pass,Pass,Pass,Skip,Pass,Pass,Pass,Pass,Pass,Pass,Pass,Pass,Pass,Pass,Pass,Pass,Pass,Pass,Pass,Pass,Pass,Pass,Pass,Pass,Pass,Pass,Pass,Pass,Pass,Pass,Pass,Pass,Pass,Pass,Skip,Pass,
05-28-2016,00:43:28,44.9,4,180980072911,PASS,Pass,Pass,Pass,Pass,Pass,Pass,Pass,Pass,Skip,Pass,Pass,Pass,Pass,Pass,Pass,Pass,Pass,Pass,Pass,Pass,Pass,Pass,Pass,Pass,Pass,Pass,Pass,Pass,Pass,Pass,Pass,Pass,Pass,Pass,Pass,Pass,Pass,Pass,Pass,Skip,Pass,
05-28-2016,00:43:40,44.2,6,180980072912,PASS,Pass,Pass,Pass,Pass,Pass,Pass,Pass,Pass,Skip,Pass,Pass,Pass,Pass,Pass,Pass,Pass,Pass,Pass,Pass,Pass,Pass,Pass,Pass,Pass,Pass,Pass,Pass,Pass,Pass,Pass,Pass,Pass,Pass,Pass,Pass,Pass,Pass,Pass,Pass,Skip,Pass,
05-28-2016,00:44:26,44.1,1,180980072913,PASS,Pass,Pass,Pass,Pass,Pass,Pass,Pass,Pass,Skip,Pass,Pass,Pass,Pass,Pass,Pass,Pass,Pass,Pass,Pass,Pass,Pass,Pass,Pass,Pass,Pass,Pass,Pass,Pass,Pass,Pass,Pass,Pass,Pass,Pass,Pass,Pass,Pass,Pass,Pass,Skip,Pass,
05-28-2016,00:44:41,44.0,3,180980072914,PASS,Pass,Pass,Pass,Pass,Pass,Pass,Pass,Pass,Skip,Pass,Pass,Pass,Pass,Pass,Pass,Pass,Pass,Pass,Pass,Pass,Pass,Pass,Pass,Pass,Pass,Pass,Pass,Pass,Pass,Pass,Pass,Pass,Pass,Pass,Pass,Pass,Pass,Pass,Pass,Skip,Pass,
05-28-2016,00:46:38,44.8,1,180980072915,PASS,Pass,Pass,Pass,Pass,Pass,Pass,Pass,Pass,Skip,Pass,Pass,Pass,Pass,Pass,Pass,Pass,Pass,Pass,Pass,Pass,Pass,Pass,Pass,Pass,Pass,Pass,Pass,Pass,Pass,Pass,Pass,Pass,Pass,Pass,Pass,Pass,Pass,Pass,Pass,Skip,Pass,
05-28-2016,00:46:53,49.1,3,180980072916,PASS,Pass,Pass,Pass,Pass,Pass,Pass,Pass,Pass,Skip,Pass,Pass,Pass,Pass,Pass,Pass,Pass,Pass,Pass,Pass,Pass,Pass,Pass,Pass,Pass,Pass,Pass,Pass,Pass,Pass,Pass,Pass,Pass,Pass,Pass,Pass,Pass,Pass,Pass,Pass,Skip,Pass,
05-28-2016,00:47:07,46.9,5,180980072861,PASS,Pass,Pass,Pass,Pass,Pass,Pass,Pass,Pass,Skip,Pass,Pass,Pass,Pass,Pass,Pass,Pass,Pass,Pass,Pass,Pass,Pass,Pass,Pass,Pass,Pass,Pass,Pass,Pass,Pass,Pass,Pass,Pass,Pass,Pass,Pass,Pass,Pass,Pass,Pass,Skip,Pass,
05-28-2016,00:47:22,44.0,2,180980072862,PASS,Pass,Pass,Pass,Pass,Pass,Pass,Pass,Pass,Skip,Pass,Pass,Pass,Pass,Pass,Pass,Pass,Pass,Pass,Pass,Pass,Pass,Pass,Pass,Pass,Pass,Pass,Pass,Pass,Pass,Pass,Pass,Pass,Pass,Pass,Pass,Pass,Pass,Pass,Pass,Skip,Pass,
05-28-2016,00:48:30,49.9,4,180980072975,PASS,Pass,Pass,Pass,Pass,Pass,Pass,Pass,Pass,Skip,Pass,Pass,Pass,Pass,Pass,Pass,Pass,Pass,Pass,Pass,Pass,Pass,Pass,Pass,Pass,Pass,Pass,Pass,Pass,Pass,Pass,Pass,Pass,Pass,Pass,Pass,Pass,Pass,Pass,Pass,Skip,Pass,
05-28-2016,00:49:07,45.5,1,180980072863,PASS,Pass,Pass,Pass,Pass,Pass,Pass,Pass,Pass,Skip,Pass,Pass,Pass,Pass,Pass,Pass,Pass,Pass,Pass,Pass,Pass,Pass,Pass,Pass,Pass,Pass,Pass,Pass,Pass,Pass,Pass,Pass,Pass,Pass,Pass,Pass,Pass,Pass,Pass,Pass,Skip,Pass,
05-28-2016,00:49:18,46.3,3,180980072864,PASS,Pass,Pass,Pass,Pass,Pass,Pass,Pass,Pass,Skip,Pass,Pass,Pass,Pass,Pass,Pass,Pass,Pass,Pass,Pass,Pass,Pass,Pass,Pass,Pass,Pass,Pass,Pass,Pass,Pass,Pass,Pass,Pass,Pass,Pass,Pass,Pass,Pass,Pass,Pass,Skip,Pass,
05-28-2016,00:49:28,44.0,5,180980072865,PASS,Pass,Pass,Pass,Pass,Pass,Pass,Pass,Pass,Skip,Pass,Pass,Pass,Pass,Pass,Pass,Pass,Pass,Pass,Pass,Pass,Pass,Pass,Pass,Pass,Pass,Pass,Pass,Pass,Pass,Pass,Pass,Pass,Pass,Pass,Pass,Pass,Pass,Pass,Pass,Skip,Pass,
05-28-2016,00:50:02,46.3,2,180980072866,PASS,Pass,Pass,Pass,Pass,Pass,Pass,Pass,Pass,Skip,Pass,Pass,Pass,Pass,Pass,Pass,Pass,Pass,Pass,Pass,Pass,Pass,Pass,Pass,Pass,Pass,Pass,Pass,Pass,Pass,Pass,Pass,Pass,Pass,Pass,Pass,Pass,Pass,Pass,Pass,Skip,Pass,
05-28-2016,00:50:47,45.5,4,180980072981,PASS,Pass,Pass,Pass,Pass,Pass,Pass,Pass,Pass,Skip,Pass,Pass,Pass,Pass,Pass,Pass,Pass,Pass,Pass,Pass,Pass,Pass,Pass,Pass,Pass,Pass,Pass,Pass,Pass,Pass,Pass,Pass,Pass,Pass,Pass,Pass,Pass,Pass,Pass,Pass,Skip,Pass,
05-28-2016,00:50:49,3.1,1,,FAIL,ITAC fail code = 1,
05-28-2016,00:51:10,44.6,6,180980072982,PASS,Pass,Pass,Pass,Pass,Pass,Pass,Pass,Pass,Skip,Pass,Pass,Pass,Pass,Pass,Pass,Pass,Pass,Pass,Pass,Pass,Pass,Pass,Pass,Pass,Pass,Pass,Pass,Pass,Pass,Pass,Pass,Pass,Pass,Pass,Pass,Pass,Pass,Pass,Pass,Skip,Pass,
05-28-2016,00:53:13,48.2,1,180980072983,PASS,Pass,Pass,Pass,Pass,Pass,Pass,Pass,Pass,Skip,Pass,Pass,Pass,Pass,Pass,Pass,Pass,Pass,Pass,Pass,Pass,Pass,Pass,Pass,Pass,Pass,Pass,Pass,Pass,Pass,Pass,Pass,Pass,Pass,Pass,Pass,Pass,Pass,Pass,Pass,Skip,Pass,
05-28-2016,00:53:21,44.9,3,180980072984,PASS,Pass,Pass,Pass,Pass,Pass,Pass,Pass,Pass,Skip,Pass,Pass,Pass,Pass,Pass,Pass,Pass,Pass,Pass,Pass,Pass,Pass,Pass,Pass,Pass,Pass,Pass,Pass,Pass,Pass,Pass,Pass,Pass,Pass,Pass,Pass,Pass,Pass,Pass,Pass,Skip,Pass,
05-28-2016,00:53:35,44.7,5,180980072985,PASS,Pass,Pass,Pass,Pass,Pass,Pass,Pass,Pass,Skip,Pass,Pass,Pass,Pass,Pass,Pass,Pass,Pass,Pass,Pass,Pass,Pass,Pass,Pass,Pass,Pass,Pass,Pass,Pass,Pass,Pass,Pass,Pass,Pass,Pass,Pass,Pass,Pass,Pass,Pass,Skip,Pass,
05-28-2016,00:54:09,44.6,2,180980072986,PASS,Pass,Pass,Pass,Pass,Pass,Pass,Pass,Pass,Skip,Pass,Pass,Pass,Pass,Pass,Pass,Pass,Pass,Pass,Pass,Pass,Pass,Pass,Pass,Pass,Pass,Pass,Pass,Pass,Pass,Pass,Pass,Pass,Pass,Pass,Pass,Pass,Pass,Pass,Pass,Skip,Pass,
05-28-2016,00:54:20,44.0,4,180980072821,PASS,Pass,Pass,Pass,Pass,Pass,Pass,Pass,Pass,Skip,Pass,Pass,Pass,Pass,Pass,Pass,Pass,Pass,Pass,Pass,Pass,Pass,Pass,Pass,Pass,Pass,Pass,Pass,Pass,Pass,Pass,Pass,Pass,Pass,Pass,Pass,Pass,Pass,Pass,Pass,Skip,Pass,
05-28-2016,00:54:35,44.1,6,180980072822,PASS,Pass,Pass,Pass,Pass,Pass,Pass,Pass,Pass,Skip,Pass,Pass,Pass,Pass,Pass,Pass,Pass,Pass,Pass,Pass,Pass,Pass,Pass,Pass,Pass,Pass,Pass,Pass,Pass,Pass,Pass,Pass,Pass,Pass,Pass,Pass,Pass,Pass,Pass,Pass,Skip,Pass,
05-28-2016,00:55:06,44.6,1,180980072823,PASS,Pass,Pass,Pass,Pass,Pass,Pass,Pass,Pass,Skip,Pass,Pass,Pass,Pass,Pass,Pass,Pass,Pass,Pass,Pass,Pass,Pass,Pass,Pass,Pass,Pass,Pass,Pass,Pass,Pass,Pass,Pass,Pass,Pass,Pass,Pass,Pass,Pass,Pass,Pass,Skip,Pass,
05-28-2016,00:56:48,46.9,3,180980072824,PASS,Pass,Pass,Pass,Pass,Pass,Pass,Pass,Pass,Skip,Pass,Pass,Pass,Pass,Pass,Pass,Pass,Pass,Pass,Pass,Pass,Pass,Pass,Pass,Pass,Pass,Pass,Pass,Pass,Pass,Pass,Pass,Pass,Pass,Pass,Pass,Pass,Pass,Pass,Pass,Skip,Pass,
05-28-2016,00:57:03,48.5,5,180980072825,PASS,Pass,Pass,Pass,Pass,Pass,Pass,Pass,Pass,Skip,Pass,Pass,Pass,Pass,Pass,Pass,Pass,Pass,Pass,Pass,Pass,Pass,Pass,Pass,Pass,Pass,Pass,Pass,Pass,Pass,Pass,Pass,Pass,Pass,Pass,Pass,Pass,Pass,Pass,Pass,Skip,Pass,
05-28-2016,00:58:53,43.1,1,180980072826,PASS,Pass,Pass,Pass,Pass,Pass,Pass,Pass,Pass,Skip,Pass,Pass,Pass,Pass,Pass,Pass,Pass,Pass,Pass,Pass,Pass,Pass,Pass,Pass,Pass,Pass,Pass,Pass,Pass,Pass,Pass,Pass,Pass,Pass,Pass,Pass,Pass,Pass,Pass,Pass,Skip,Pass,
05-28-2016,01:03:45,43.4,1,180980072761,PASS,Pass,Pass,Pass,Pass,Pass,Pass,Pass,Pass,Skip,Pass,Pass,Pass,Pass,Pass,Pass,Pass,Pass,Pass,Pass,Pass,Pass,Pass,Pass,Pass,Pass,Pass,Pass,Pass,Pass,Pass,Pass,Pass,Pass,Pass,Pass,Pass,Pass,Pass,Pass,Skip,Pass,
05-28-2016,01:04:00,44.8,3,180980072762,PASS,Pass,Pass,Pass,Pass,Pass,Pass,Pass,Pass,Skip,Pass,Pass,Pass,Pass,Pass,Pass,Pass,Pass,Pass,Pass,Pass,Pass,Pass,Pass,Pass,Pass,Pass,Pass,Pass,Pass,Pass,Pass,Pass,Pass,Pass,Pass,Pass,Pass,Pass,Pass,Skip,Pass,
05-28-2016,01:04:28,45.3,5,180980072763,PASS,Pass,Pass,Pass,Pass,Pass,Pass,Pass,Pass,Skip,Pass,Pass,Pass,Pass,Pass,Pass,Pass,Pass,Pass,Pass,Pass,Pass,Pass,Pass,Pass,Pass,Pass,Pass,Pass,Pass,Pass,Pass,Pass,Pass,Pass,Pass,Pass,Pass,Pass,Pass,Skip,Pass,
05-28-2016,01:04:36,43.9,2,180980072764,PASS,Pass,Pass,Pass,Pass,Pass,Pass,Pass,Pass,Skip,Pass,Pass,Pass,Pass,Pass,Pass,Pass,Pass,Pass,Pass,Pass,Pass,Pass,Pass,Pass,Pass,Pass,Pass,Pass,Pass,Pass,Pass,Pass,Pass,Pass,Pass,Pass,Pass,Pass,Pass,Skip,Pass,
05-28-2016,01:05:23,45.6,4,180980072765,PASS,Pass,Pass,Pass,Pass,Pass,Pass,Pass,Pass,Skip,Pass,Pass,Pass,Pass,Pass,Pass,Pass,Pass,Pass,Pass,Pass,Pass,Pass,Pass,Pass,Pass,Pass,Pass,Pass,Pass,Pass,Pass,Pass,Pass,Pass,Pass,Pass,Pass,Pass,Pass,Skip,Pass,
05-28-2016,01:05:35,46.8,6,180980072766,PASS,Pass,Pass,Pass,Pass,Pass,Pass,Pass,Pass,Skip,Pass,Pass,Pass,Pass,Pass,Pass,Pass,Pass,Pass,Pass,Pass,Pass,Pass,Pass,Pass,Pass,Pass,Pass,Pass,Pass,Pass,Pass,Pass,Pass,Pass,Pass,Pass,Pass,Pass,Pass,Skip,Pass,
05-28-2016,01:05:54,46.9,1,180980072811,PASS,Pass,Pass,Pass,Pass,Pass,Pass,Pass,Pass,Skip,Pass,Pass,Pass,Pass,Pass,Pass,Pass,Pass,Pass,Pass,Pass,Pass,Pass,Pass,Pass,Pass,Pass,Pass,Pass,Pass,Pass,Pass,Pass,Pass,Pass,Pass,Pass,Pass,Pass,Pass,Skip,Pass,
05-28-2016,01:06:46,44.1,3,180980072812,PASS,Pass,Pass,Pass,Pass,Pass,Pass,Pass,Pass,Skip,Pass,Pass,Pass,Pass,Pass,Pass,Pass,Pass,Pass,Pass,Pass,Pass,Pass,Pass,Pass,Pass,Pass,Pass,Pass,Pass,Pass,Pass,Pass,Pass,Pass,Pass,Pass,Pass,Pass,Pass,Skip,Pass,
05-28-2016,01:06:58,46.0,5,180980072813,PASS,Pass,Pass,Pass,Pass,Pass,Pass,Pass,Pass,Skip,Pass,Pass,Pass,Pass,Pass,Pass,Pass,Pass,Pass,Pass,Pass,Pass,Pass,Pass,Pass,Pass,Pass,Pass,Pass,Pass,Pass,Pass,Pass,Pass,Pass,Pass,Pass,Pass,Pass,Pass,Skip,Pass,
05-28-2016,01:07:14,48.2,2,180980072814,PASS,Pass,Pass,Pass,Pass,Pass,Pass,Pass,Pass,Skip,Pass,Pass,Pass,Pass,Pass,Pass,Pass,Pass,Pass,Pass,Pass,Pass,Pass,Pass,Pass,Pass,Pass,Pass,Pass,Pass,Pass,Pass,Pass,Pass,Pass,Pass,Pass,Pass,Pass,Pass,Skip,Pass,
05-28-2016,01:07:31,44.6,4,180980072815,PASS,Pass,Pass,Pass,Pass,Pass,Pass,Pass,Pass,Skip,Pass,Pass,Pass,Pass,Pass,Pass,Pass,Pass,Pass,Pass,Pass,Pass,Pass,Pass,Pass,Pass,Pass,Pass,Pass,Pass,Pass,Pass,Pass,Pass,Pass,Pass,Pass,Pass,Pass,Pass,Skip,Pass,
05-28-2016,01:09:52,44.3,1,180980072816,PASS,Pass,Pass,Pass,Pass,Pass,Pass,Pass,Pass,Skip,Pass,Pass,Pass,Pass,Pass,Pass,Pass,Pass,Pass,Pass,Pass,Pass,Pass,Pass,Pass,Pass,Pass,Pass,Pass,Pass,Pass,Pass,Pass,Pass,Pass,Pass,Pass,Pass,Pass,Pass,Skip,Pass,
05-28-2016,01:10:08,49.1,3,180980072781,PASS,Pass,Pass,Pass,Pass,Pass,Pass,Pass,Pass,Skip,Pass,Pass,Pass,Pass,Pass,Pass,Pass,Pass,Pass,Pass,Pass,Pass,Pass,Pass,Pass,Pass,Pass,Pass,Pass,Pass,Pass,Pass,Pass,Pass,Pass,Pass,Pass,Pass,Pass,Pass,Skip,Pass,
05-28-2016,01:11:12,50.3,5,180980072782,PASS,Pass,Pass,Pass,Pass,Pass,Pass,Pass,Pass,Skip,Pass,Pass,Pass,Pass,Pass,Pass,Pass,Pass,Pass,Pass,Pass,Pass,Pass,Pass,Pass,Pass,Pass,Pass,Pass,Pass,Pass,Pass,Pass,Pass,Pass,Pass,Pass,Pass,Pass,Pass,Skip,Pass,
05-28-2016,01:11:17,44.1,2,180980072783,PASS,Pass,Pass,Pass,Pass,Pass,Pass,Pass,Pass,Skip,Pass,Pass,Pass,Pass,Pass,Pass,Pass,Pass,Pass,Pass,Pass,Pass,Pass,Pass,Pass,Pass,Pass,Pass,Pass,Pass,Pass,Pass,Pass,Pass,Pass,Pass,Pass,Pass,Pass,Pass,Skip,Pass,
05-28-2016,01:12:25,43.9,1,180980072784,PASS,Pass,Pass,Pass,Pass,Pass,Pass,Pass,Pass,Skip,Pass,Pass,Pass,Pass,Pass,Pass,Pass,Pass,Pass,Pass,Pass,Pass,Pass,Pass,Pass,Pass,Pass,Pass,Pass,Pass,Pass,Pass,Pass,Pass,Pass,Pass,Pass,Pass,Pass,Pass,Skip,Pass,
05-28-2016,01:12:40,48.8,3,180980072785,PASS,Pass,Pass,Pass,Pass,Pass,Pass,Pass,Pass,Skip,Pass,Pass,Pass,Pass,Pass,Pass,Pass,Pass,Pass,Pass,Pass,Pass,Pass,Pass,Pass,Pass,Pass,Pass,Pass,Pass,Pass,Pass,Pass,Pass,Pass,Pass,Pass,Pass,Pass,Pass,Skip,Pass,
05-28-2016,01:12:54,50.3,5,180980072786,PASS,Pass,Pass,Pass,Pass,Pass,Pass,Pass,Pass,Skip,Pass,Pass,Pass,Pass,Pass,Pass,Pass,Pass,Pass,Pass,Pass,Pass,Pass,Pass,Pass,Pass,Pass,Pass,Pass,Pass,Pass,Pass,Pass,Pass,Pass,Pass,Pass,Pass,Pass,Pass,Skip,Pass,
05-28-2016,01:13:10,44.7,2,180980072801,PASS,Pass,Pass,Pass,Pass,Pass,Pass,Pass,Pass,Skip,Pass,Pass,Pass,Pass,Pass,Pass,Pass,Pass,Pass,Pass,Pass,Pass,Pass,Pass,Pass,Pass,Pass,Pass,Pass,Pass,Pass,Pass,Pass,Pass,Pass,Pass,Pass,Pass,Pass,Pass,Skip,Pass,
05-28-2016,01:13:27,46.9,4,180980072802,PASS,Pass,Pass,Pass,Pass,Pass,Pass,Pass,Pass,Skip,Pass,Pass,Pass,Pass,Pass,Pass,Pass,Pass,Pass,Pass,Pass,Pass,Pass,Pass,Pass,Pass,Pass,Pass,Pass,Pass,Pass,Pass,Pass,Pass,Pass,Pass,Pass,Pass,Pass,Pass,Skip,Pass,
05-28-2016,01:15:07,47.7,1,180980072386,PASS,Pass,Pass,Pass,Pass,Pass,Pass,Pass,Pass,Skip,Pass,Pass,Pass,Pass,Pass,Pass,Pass,Pass,Pass,Pass,Pass,Pass,Pass,Pass,Pass,Pass,Pass,Pass,Pass,Pass,Pass,Pass,Pass,Pass,Pass,Pass,Pass,Pass,Pass,Pass,Skip,Pass,
05-28-2016,01:15:52,45.5,3,180980072803,PASS,Pass,Pass,Pass,Pass,Pass,Pass,Pass,Pass,Skip,Pass,Pass,Pass,Pass,Pass,Pass,Pass,Pass,Pass,Pass,Pass,Pass,Pass,Pass,Pass,Pass,Pass,Pass,Pass,Pass,Pass,Pass,Pass,Pass,Pass,Pass,Pass,Pass,Pass,Pass,Skip,Pass,
05-28-2016,01:16:01,44.0,2,180980072804,PASS,Pass,Pass,Pass,Pass,Pass,Pass,Pass,Pass,Skip,Pass,Pass,Pass,Pass,Pass,Pass,Pass,Pass,Pass,Pass,Pass,Pass,Pass,Pass,Pass,Pass,Pass,Pass,Pass,Pass,Pass,Pass,Pass,Pass,Pass,Pass,Pass,Pass,Pass,Pass,Skip,Pass,
05-28-2016,01:16:36,43.9,4,180980072805,PASS,Pass,Pass,Pass,Pass,Pass,Pass,Pass,Pass,Skip,Pass,Pass,Pass,Pass,Pass,Pass,Pass,Pass,Pass,Pass,Pass,Pass,Pass,Pass,Pass,Pass,Pass,Pass,Pass,Pass,Pass,Pass,Pass,Pass,Pass,Pass,Pass,Pass,Pass,Pass,Skip,Pass,
05-28-2016,01:17:45,44.1,1,180980072806,PASS,Pass,Pass,Pass,Pass,Pass,Pass,Pass,Pass,Skip,Pass,Pass,Pass,Pass,Pass,Pass,Pass,Pass,Pass,Pass,Pass,Pass,Pass,Pass,Pass,Pass,Pass,Pass,Pass,Pass,Pass,Pass,Pass,Pass,Pass,Pass,Pass,Pass,Pass,Pass,Skip,Pass,
05-28-2016,01:17:59,43.2,3,180980072741,PASS,Pass,Pass,Pass,Pass,Pass,Pass,Pass,Pass,Skip,Pass,Pass,Pass,Pass,Pass,Pass,Pass,Pass,Pass,Pass,Pass,Pass,Pass,Pass,Pass,Pass,Pass,Pass,Pass,Pass,Pass,Pass,Pass,Pass,Pass,Pass,Pass,Pass,Pass,Pass,Skip,Pass,
05-28-2016,01:18:27,46.3,5,180980072742,PASS,Pass,Pass,Pass,Pass,Pass,Pass,Pass,Pass,Skip,Pass,Pass,Pass,Pass,Pass,Pass,Pass,Pass,Pass,Pass,Pass,Pass,Pass,Pass,Pass,Pass,Pass,Pass,Pass,Pass,Pass,Pass,Pass,Pass,Pass,Pass,Pass,Pass,Pass,Pass,Skip,Pass,
05-28-2016,01:18:39,44.8,2,180980072743,PASS,Pass,Pass,Pass,Pass,Pass,Pass,Pass,Pass,Skip,Pass,Pass,Pass,Pass,Pass,Pass,Pass,Pass,Pass,Pass,Pass,Pass,Pass,Pass,Pass,Pass,Pass,Pass,Pass,Pass,Pass,Pass,Pass,Pass,Pass,Pass,Pass,Pass,Pass,Pass,Skip,Pass,
05-28-2016,01:18:51,44.8,4,180980072744,PASS,Pass,Pass,Pass,Pass,Pass,Pass,Pass,Pass,Skip,Pass,Pass,Pass,Pass,Pass,Pass,Pass,Pass,Pass,Pass,Pass,Pass,Pass,Pass,Pass,Pass,Pass,Pass,Pass,Pass,Pass,Pass,Pass,Pass,Pass,Pass,Pass,Pass,Pass,Pass,Skip,Pass,
05-28-2016,01:19:12,44.9,6,180980072745,PASS,Pass,Pass,Pass,Pass,Pass,Pass,Pass,Pass,Skip,Pass,Pass,Pass,Pass,Pass,Pass,Pass,Pass,Pass,Pass,Pass,Pass,Pass,Pass,Pass,Pass,Pass,Pass,Pass,Pass,Pass,Pass,Pass,Pass,Pass,Pass,Pass,Pass,Pass,Pass,Skip,Pass,
05-28-2016,01:19:30,45.4,1,180980072746,PASS,Pass,Pass,Pass,Pass,Pass,Pass,Pass,Pass,Skip,Pass,Pass,Pass,Pass,Pass,Pass,Pass,Pass,Pass,Pass,Pass,Pass,Pass,Pass,Pass,Pass,Pass,Pass,Pass,Pass,Pass,Pass,Pass,Pass,Pass,Pass,Pass,Pass,Pass,Pass,Skip,Pass,
05-28-2016,01:19:42,45.4,3,180980072671,PASS,Pass,Pass,Pass,Pass,Pass,Pass,Pass,Pass,Skip,Pass,Pass,Pass,Pass,Pass,Pass,Pass,Pass,Pass,Pass,Pass,Pass,Pass,Pass,Pass,Pass,Pass,Pass,Pass,Pass,Pass,Pass,Pass,Pass,Pass,Pass,Pass,Pass,Pass,Pass,Skip,Pass,
05-28-2016,01:19:57,44.0,5,180980072672,PASS,Pass,Pass,Pass,Pass,Pass,Pass,Pass,Pass,Skip,Pass,Pass,Pass,Pass,Pass,Pass,Pass,Pass,Pass,Pass,Pass,Pass,Pass,Pass,Pass,Pass,Pass,Pass,Pass,Pass,Pass,Pass,Pass,Pass,Pass,Pass,Pass,Pass,Pass,Pass,Skip,Pass,
05-28-2016,01:21:27,44.8,2,180980072673,PASS,Pass,Pass,Pass,Pass,Pass,Pass,Pass,Pass,Skip,Pass,Pass,Pass,Pass,Pass,Pass,Pass,Pass,Pass,Pass,Pass,Pass,Pass,Pass,Pass,Pass,Pass,Pass,Pass,Pass,Pass,Pass,Pass,Pass,Pass,Pass,Pass,Pass,Pass,Pass,Skip,Pass,
05-28-2016,01:22:49,48.4,3,180980072674,PASS,Pass,Pass,Pass,Pass,Pass,Pass,Pass,Pass,Skip,Pass,Pass,Pass,Pass,Pass,Pass,Pass,Pass,Pass,Pass,Pass,Pass,Pass,Pass,Pass,Pass,Pass,Pass,Pass,Pass,Pass,Pass,Pass,Pass,Pass,Pass,Pass,Pass,Pass,Pass,Skip,Pass,
05-28-2016,01:23:13,49.1,5,180980072676,PASS,Pass,Pass,Pass,Pass,Pass,Pass,Pass,Pass,Skip,Pass,Pass,Pass,Pass,Pass,Pass,Pass,Pass,Pass,Pass,Pass,Pass,Pass,Pass,Pass,Pass,Pass,Pass,Pass,Pass,Pass,Pass,Pass,Pass,Pass,Pass,Pass,Pass,Pass,Pass,Skip,Pass,
05-28-2016,01:23:37,47.7,4,180980072675,PASS,Pass,Pass,Pass,Pass,Pass,Pass,Pass,Pass,Skip,Pass,Pass,Pass,Pass,Pass,Pass,Pass,Pass,Pass,Pass,Pass,Pass,Pass,Pass,Pass,Pass,Pass,Pass,Pass,Pass,Pass,Pass,Pass,Pass,Pass,Pass,Pass,Pass,Pass,Pass,Skip,Pass,
05-28-2016,01:24:00,46.2,6,180980072681,PASS,Pass,Pass,Pass,Pass,Pass,Pass,Pass,Pass,Skip,Pass,Pass,Pass,Pass,Pass,Pass,Pass,Pass,Pass,Pass,Pass,Pass,Pass,Pass,Pass,Pass,Pass,Pass,Pass,Pass,Pass,Pass,Pass,Pass,Pass,Pass,Pass,Pass,Pass,Pass,Skip,Pass,
05-28-2016,01:25:36,46.1,1,180980072682,PASS,Pass,Pass,Pass,Pass,Pass,Pass,Pass,Pass,Skip,Pass,Pass,Pass,Pass,Pass,Pass,Pass,Pass,Pass,Pass,Pass,Pass,Pass,Pass,Pass,Pass,Pass,Pass,Pass,Pass,Pass,Pass,Pass,Pass,Pass,Pass,Pass,Pass,Pass,Pass,Skip,Pass,
05-28-2016,01:25:46,44.8,3,180980072683,PASS,Pass,Pass,Pass,Pass,Pass,Pass,Pass,Pass,Skip,Pass,Pass,Pass,Pass,Pass,Pass,Pass,Pass,Pass,Pass,Pass,Pass,Pass,Pass,Pass,Pass,Pass,Pass,Pass,Pass,Pass,Pass,Pass,Pass,Pass,Pass,Pass,Pass,Pass,Pass,Skip,Pass,
05-28-2016,01:26:11,51.1,5,180980072684,PASS,Pass,Pass,Pass,Pass,Pass,Pass,Pass,Pass,Skip,Pass,Pass,Pass,Pass,Pass,Pass,Pass,Pass,Pass,Pass,Pass,Pass,Pass,Pass,Pass,Pass,Pass,Pass,Pass,Pass,Pass,Pass,Pass,Pass,Pass,Pass,Pass,Pass,Pass,Pass,Skip,Pass,
05-28-2016,01:26:21,44.9,2,180980072685,PASS,Pass,Pass,Pass,Pass,Pass,Pass,Pass,Pass,Skip,Pass,Pass,Pass,Pass,Pass,Pass,Pass,Pass,Pass,Pass,Pass,Pass,Pass,Pass,Pass,Pass,Pass,Pass,Pass,Pass,Pass,Pass,Pass,Pass,Pass,Pass,Pass,Pass,Pass,Pass,Skip,Pass,
05-28-2016,01:26:31,44.9,4,180980072686,PASS,Pass,Pass,Pass,Pass,Pass,Pass,Pass,Pass,Skip,Pass,Pass,Pass,Pass,Pass,Pass,Pass,Pass,Pass,Pass,Pass,Pass,Pass,Pass,Pass,Pass,Pass,Pass,Pass,Pass,Pass,Pass,Pass,Pass,Pass,Pass,Pass,Pass,Pass,Pass,Skip,Pass,
05-28-2016,01:26:58,46.8,6,180980072991,PASS,Pass,Pass,Pass,Pass,Pass,Pass,Pass,Pass,Skip,Pass,Pass,Pass,Pass,Pass,Pass,Pass,Pass,Pass,Pass,Pass,Pass,Pass,Pass,Pass,Pass,Pass,Pass,Pass,Pass,Pass,Pass,Pass,Pass,Pass,Pass,Pass,Pass,Pass,Pass,Skip,Pass,
05-28-2016,01:27:06,44.8,1,180980072992,PASS,Pass,Pass,Pass,Pass,Pass,Pass,Pass,Pass,Skip,Pass,Pass,Pass,Pass,Pass,Pass,Pass,Pass,Pass,Pass,Pass,Pass,Pass,Pass,Pass,Pass,Pass,Pass,Pass,Pass,Pass,Pass,Pass,Pass,Pass,Pass,Pass,Pass,Pass,Pass,Skip,Pass,
05-28-2016,01:27:17,46.2,3,180980072993,PASS,Pass,Pass,Pass,Pass,Pass,Pass,Pass,Pass,Skip,Pass,Pass,Pass,Pass,Pass,Pass,Pass,Pass,Pass,Pass,Pass,Pass,Pass,Pass,Pass,Pass,Pass,Pass,Pass,Pass,Pass,Pass,Pass,Pass,Pass,Pass,Pass,Pass,Pass,Pass,Skip,Pass,
05-28-2016,01:27:43,44.8,5,180980072994,PASS,Pass,Pass,Pass,Pass,Pass,Pass,Pass,Pass,Skip,Pass,Pass,Pass,Pass,Pass,Pass,Pass,Pass,Pass,Pass,Pass,Pass,Pass,Pass,Pass,Pass,Pass,Pass,Pass,Pass,Pass,Pass,Pass,Pass,Pass,Pass,Pass,Pass,Pass,Pass,Skip,Pass,
05-28-2016,01:27:52,46.2,2,180980072995,PASS,Pass,Pass,Pass,Pass,Pass,Pass,Pass,Pass,Skip,Pass,Pass,Pass,Pass,Pass,Pass,Pass,Pass,Pass,Pass,Pass,Pass,Pass,Pass,Pass,Pass,Pass,Pass,Pass,Pass,Pass,Pass,Pass,Pass,Pass,Pass,Pass,Pass,Pass,Pass,Skip,Pass,
05-28-2016,01:28:05,46.0,4,180980072996,PASS,Pass,Pass,Pass,Pass,Pass,Pass,Pass,Pass,Skip,Pass,Pass,Pass,Pass,Pass,Pass,Pass,Pass,Pass,Pass,Pass,Pass,Pass,Pass,Pass,Pass,Pass,Pass,Pass,Pass,Pass,Pass,Pass,Pass,Pass,Pass,Pass,Pass,Pass,Pass,Skip,Pass,
05-28-2016,01:28:39,46.9,1,180980073001,PASS,Pass,Pass,Pass,Pass,Pass,Pass,Pass,Pass,Skip,Pass,Pass,Pass,Pass,Pass,Pass,Pass,Pass,Pass,Pass,Pass,Pass,Pass,Pass,Pass,Pass,Pass,Pass,Pass,Pass,Pass,Pass,Pass,Pass,Pass,Pass,Pass,Pass,Pass,Pass,Skip,Pass,
05-28-2016,01:28:53,47.6,3,180980073002,PASS,Pass,Pass,Pass,Pass,Pass,Pass,Pass,Pass,Skip,Pass,Pass,Pass,Pass,Pass,Pass,Pass,Pass,Pass,Pass,Pass,Pass,Pass,Pass,Pass,Pass,Pass,Pass,Pass,Pass,Pass,Pass,Pass,Pass,Pass,Pass,Pass,Pass,Pass,Pass,Skip,Pass,
05-28-2016,01:29:09,46.3,5,180980073003,PASS,Pass,Pass,Pass,Pass,Pass,Pass,Pass,Pass,Skip,Pass,Pass,Pass,Pass,Pass,Pass,Pass,Pass,Pass,Pass,Pass,Pass,Pass,Pass,Pass,Pass,Pass,Pass,Pass,Pass,Pass,Pass,Pass,Pass,Pass,Pass,Pass,Pass,Pass,Pass,Skip,Pass,
05-28-2016,01:29:27,46.0,2,180980073004,PASS,Pass,Pass,Pass,Pass,Pass,Pass,Pass,Pass,Skip,Pass,Pass,Pass,Pass,Pass,Pass,Pass,Pass,Pass,Pass,Pass,Pass,Pass,Pass,Pass,Pass,Pass,Pass,Pass,Pass,Pass,Pass,Pass,Pass,Pass,Pass,Pass,Pass,Pass,Pass,Skip,Pass,
05-28-2016,01:29:37,44.3,4,180980073005,PASS,Pass,Pass,Pass,Pass,Pass,Pass,Pass,Pass,Skip,Pass,Pass,Pass,Pass,Pass,Pass,Pass,Pass,Pass,Pass,Pass,Pass,Pass,Pass,Pass,Pass,Pass,Pass,Pass,Pass,Pass,Pass,Pass,Pass,Pass,Pass,Pass,Pass,Pass,Pass,Skip,Pass,
05-28-2016,01:30:01,45.5,6,180980073006,PASS,Pass,Pass,Pass,Pass,Pass,Pass,Pass,Pass,Skip,Pass,Pass,Pass,Pass,Pass,Pass,Pass,Pass,Pass,Pass,Pass,Pass,Pass,Pass,Pass,Pass,Pass,Pass,Pass,Pass,Pass,Pass,Pass,Pass,Pass,Pass,Pass,Pass,Pass,Pass,Skip,Pass,
05-28-2016,01:38:01,44.8,1,180980072701,PASS,Pass,Pass,Pass,Pass,Pass,Pass,Pass,Pass,Skip,Pass,Pass,Pass,Pass,Pass,Pass,Pass,Pass,Pass,Pass,Pass,Pass,Pass,Pass,Pass,Pass,Pass,Pass,Pass,Pass,Pass,Pass,Pass,Pass,Pass,Pass,Pass,Pass,Pass,Pass,Skip,Pass,
05-28-2016,01:38:15,43.4,3,180980072702,PASS,Pass,Pass,Pass,Pass,Pass,Pass,Pass,Pass,Skip,Pass,Pass,Pass,Pass,Pass,Pass,Pass,Pass,Pass,Pass,Pass,Pass,Pass,Pass,Pass,Pass,Pass,Pass,Pass,Pass,Pass,Pass,Pass,Pass,Pass,Pass,Pass,Pass,Pass,Pass,Skip,Pass,
05-28-2016,01:38:25,44.1,5,180980072703,PASS,Pass,Pass,Pass,Pass,Pass,Pass,Pass,Pass,Skip,Pass,Pass,Pass,Pass,Pass,Pass,Pass,Pass,Pass,Pass,Pass,Pass,Pass,Pass,Pass,Pass,Pass,Pass,Pass,Pass,Pass,Pass,Pass,Pass,Pass,Pass,Pass,Pass,Pass,Pass,Skip,Pass,
05-28-2016,01:38:47,45.4,2,180980072704,PASS,Pass,Pass,Pass,Pass,Pass,Pass,Pass,Pass,Skip,Pass,Pass,Pass,Pass,Pass,Pass,Pass,Pass,Pass,Pass,Pass,Pass,Pass,Pass,Pass,Pass,Pass,Pass,Pass,Pass,Pass,Pass,Pass,Pass,Pass,Pass,Pass,Pass,Pass,Pass,Skip,Pass,
05-28-2016,01:39:03,46.3,4,180980072705,PASS,Pass,Pass,Pass,Pass,Pass,Pass,Pass,Pass,Skip,Pass,Pass,Pass,Pass,Pass,Pass,Pass,Pass,Pass,Pass,Pass,Pass,Pass,Pass,Pass,Pass,Pass,Pass,Pass,Pass,Pass,Pass,Pass,Pass,Pass,Pass,Pass,Pass,Pass,Pass,Skip,Pass,
05-28-2016,01:39:16,44.6,6,180980072706,PASS,Pass,Pass,Pass,Pass,Pass,Pass,Pass,Pass,Skip,Pass,Pass,Pass,Pass,Pass,Pass,Pass,Pass,Pass,Pass,Pass,Pass,Pass,Pass,Pass,Pass,Pass,Pass,Pass,Pass,Pass,Pass,Pass,Pass,Pass,Pass,Pass,Pass,Pass,Pass,Skip,Pass,
05-28-2016,01:39:34,43.4,1,180980072691,PASS,Pass,Pass,Pass,Pass,Pass,Pass,Pass,Pass,Skip,Pass,Pass,Pass,Pass,Pass,Pass,Pass,Pass,Pass,Pass,Pass,Pass,Pass,Pass,Pass,Pass,Pass,Pass,Pass,Pass,Pass,Pass,Pass,Pass,Pass,Pass,Pass,Pass,Pass,Pass,Skip,Pass,
05-28-2016,01:39:50,47.5,3,180980072692,PASS,Pass,Pass,Pass,Pass,Pass,Pass,Pass,Pass,Skip,Pass,Pass,Pass,Pass,Pass,Pass,Pass,Pass,Pass,Pass,Pass,Pass,Pass,Pass,Pass,Pass,Pass,Pass,Pass,Pass,Pass,Pass,Pass,Pass,Pass,Pass,Pass,Pass,Pass,Pass,Skip,Pass,
05-28-2016,01:40:05,47.0,5,180980072693,PASS,Pass,Pass,Pass,Pass,Pass,Pass,Pass,Pass,Skip,Pass,Pass,Pass,Pass,Pass,Pass,Pass,Pass,Pass,Pass,Pass,Pass,Pass,Pass,Pass,Pass,Pass,Pass,Pass,Pass,Pass,Pass,Pass,Pass,Pass,Pass,Pass,Pass,Pass,Pass,Skip,Pass,
05-28-2016,01:40:18,43.9,2,180980072694,PASS,Pass,Pass,Pass,Pass,Pass,Pass,Pass,Pass,Skip,Pass,Pass,Pass,Pass,Pass,Pass,Pass,Pass,Pass,Pass,Pass,Pass,Pass,Pass,Pass,Pass,Pass,Pass,Pass,Pass,Pass,Pass,Pass,Pass,Pass,Pass,Pass,Pass,Pass,Pass,Skip,Pass,
05-28-2016,01:40:41,43.8,4,180980072695,PASS,Pass,Pass,Pass,Pass,Pass,Pass,Pass,Pass,Skip,Pass,Pass,Pass,Pass,Pass,Pass,Pass,Pass,Pass,Pass,Pass,Pass,Pass,Pass,Pass,Pass,Pass,Pass,Pass,Pass,Pass,Pass,Pass,Pass,Pass,Pass,Pass,Pass,Pass,Pass,Skip,Pass,
05-28-2016,01:41:08,44.8,1,180980072696,PASS,Pass,Pass,Pass,Pass,Pass,Pass,Pass,Pass,Skip,Pass,Pass,Pass,Pass,Pass,Pass,Pass,Pass,Pass,Pass,Pass,Pass,Pass,Pass,Pass,Pass,Pass,Pass,Pass,Pass,Pass,Pass,Pass,Pass,Pass,Pass,Pass,Pass,Pass,Pass,Skip,Pass,
05-28-2016,01:41:24,43.4,3,180980072711,PASS,Pass,Pass,Pass,Pass,Pass,Pass,Pass,Pass,Skip,Pass,Pass,Pass,Pass,Pass,Pass,Pass,Pass,Pass,Pass,Pass,Pass,Pass,Pass,Pass,Pass,Pass,Pass,Pass,Pass,Pass,Pass,Pass,Pass,Pass,Pass,Pass,Pass,Pass,Pass,Skip,Pass,
05-28-2016,01:41:34,44.8,5,180980072712,PASS,Pass,Pass,Pass,Pass,Pass,Pass,Pass,Pass,Skip,Pass,Pass,Pass,Pass,Pass,Pass,Pass,Pass,Pass,Pass,Pass,Pass,Pass,Pass,Pass,Pass,Pass,Pass,Pass,Pass,Pass,Pass,Pass,Pass,Pass,Pass,Pass,Pass,Pass,Pass,Skip,Pass,
05-28-2016,01:41:53,45.4,2,180980072713,PASS,Pass,Pass,Pass,Pass,Pass,Pass,Pass,Pass,Skip,Pass,Pass,Pass,Pass,Pass,Pass,Pass,Pass,Pass,Pass,Pass,Pass,Pass,Pass,Pass,Pass,Pass,Pass,Pass,Pass,Pass,Pass,Pass,Pass,Pass,Pass,Pass,Pass,Pass,Pass,Skip,Pass,
05-28-2016,01:42:10,45.5,4,180980072714,PASS,Pass,Pass,Pass,Pass,Pass,Pass,Pass,Pass,Skip,Pass,Pass,Pass,Pass,Pass,Pass,Pass,Pass,Pass,Pass,Pass,Pass,Pass,Pass,Pass,Pass,Pass,Pass,Pass,Pass,Pass,Pass,Pass,Pass,Pass,Pass,Pass,Pass,Pass,Pass,Skip,Pass,
05-28-2016,01:42:24,48.6,6,180980072715,PASS,Pass,Pass,Pass,Pass,Pass,Pass,Pass,Pass,Skip,Pass,Pass,Pass,Pass,Pass,Pass,Pass,Pass,Pass,Pass,Pass,Pass,Pass,Pass,Pass,Pass,Pass,Pass,Pass,Pass,Pass,Pass,Pass,Pass,Pass,Pass,Pass,Pass,Pass,Pass,Skip,Pass,
05-28-2016,01:42:49,43.3,1,180980072716,PASS,Pass,Pass,Pass,Pass,Pass,Pass,Pass,Pass,Skip,Pass,Pass,Pass,Pass,Pass,Pass,Pass,Pass,Pass,Pass,Pass,Pass,Pass,Pass,Pass,Pass,Pass,Pass,Pass,Pass,Pass,Pass,Pass,Pass,Pass,Pass,Pass,Pass,Pass,Pass,Skip,Pass,
05-28-2016,01:43:01,43.1,3,180980072721,PASS,Pass,Pass,Pass,Pass,Pass,Pass,Pass,Pass,Skip,Pass,Pass,Pass,Pass,Pass,Pass,Pass,Pass,Pass,Pass,Pass,Pass,Pass,Pass,Pass,Pass,Pass,Pass,Pass,Pass,Pass,Pass,Pass,Pass,Pass,Pass,Pass,Pass,Pass,Pass,Skip,Pass,
05-28-2016,01:43:15,43.2,5,180980072722,PASS,Pass,Pass,Pass,Pass,Pass,Pass,Pass,Pass,Skip,Pass,Pass,Pass,Pass,Pass,Pass,Pass,Pass,Pass,Pass,Pass,Pass,Pass,Pass,Pass,Pass,Pass,Pass,Pass,Pass,Pass,Pass,Pass,Pass,Pass,Pass,Pass,Pass,Pass,Pass,Skip,Pass,
05-28-2016,01:43:34,44.8,2,180980072723,PASS,Pass,Pass,Pass,Pass,Pass,Pass,Pass,Pass,Skip,Pass,Pass,Pass,Pass,Pass,Pass,Pass,Pass,Pass,Pass,Pass,Pass,Pass,Pass,Pass,Pass,Pass,Pass,Pass,Pass,Pass,Pass,Pass,Pass,Pass,Pass,Pass,Pass,Pass,Pass,Skip,Pass,
05-28-2016,01:43:48,44.7,4,180980072724,PASS,Pass,Pass,Pass,Pass,Pass,Pass,Pass,Pass,Skip,Pass,Pass,Pass,Pass,Pass,Pass,Pass,Pass,Pass,Pass,Pass,Pass,Pass,Pass,Pass,Pass,Pass,Pass,Pass,Pass,Pass,Pass,Pass,Pass,Pass,Pass,Pass,Pass,Pass,Pass,Skip,Pass,
05-28-2016,01:44:01,44.0,6,180980072725,PASS,Pass,Pass,Pass,Pass,Pass,Pass,Pass,Pass,Skip,Pass,Pass,Pass,Pass,Pass,Pass,Pass,Pass,Pass,Pass,Pass,Pass,Pass,Pass,Pass,Pass,Pass,Pass,Pass,Pass,Pass,Pass,Pass,Pass,Pass,Pass,Pass,Pass,Pass,Pass,Skip,Pass,
05-28-2016,01:44:32,46.5,1,180980072726,PASS,Pass,Pass,Pass,Pass,Pass,Pass,Pass,Pass,Skip,Pass,Pass,Pass,Pass,Pass,Pass,Pass,Pass,Pass,Pass,Pass,Pass,Pass,Pass,Pass,Pass,Pass,Pass,Pass,Pass,Pass,Pass,Pass,Pass,Pass,Pass,Pass,Pass,Pass,Pass,Skip,Pass,
05-28-2016,01:44:54,45.5,3,180980073041,PASS,Pass,Pass,Pass,Pass,Pass,Pass,Pass,Pass,Skip,Pass,Pass,Pass,Pass,Pass,Pass,Pass,Pass,Pass,Pass,Pass,Pass,Pass,Pass,Pass,Pass,Pass,Pass,Pass,Pass,Pass,Pass,Pass,Pass,Pass,Pass,Pass,Pass,Pass,Pass,Skip,Pass,
05-28-2016,01:45:02,46.2,5,180980073042,PASS,Pass,Pass,Pass,Pass,Pass,Pass,Pass,Pass,Skip,Pass,Pass,Pass,Pass,Pass,Pass,Pass,Pass,Pass,Pass,Pass,Pass,Pass,Pass,Pass,Pass,Pass,Pass,Pass,Pass,Pass,Pass,Pass,Pass,Pass,Pass,Pass,Pass,Pass,Pass,Skip,Pass,
05-28-2016,01:45:21,46.8,2,180980073043,PASS,Pass,Pass,Pass,Pass,Pass,Pass,Pass,Pass,Skip,Pass,Pass,Pass,Pass,Pass,Pass,Pass,Pass,Pass,Pass,Pass,Pass,Pass,Pass,Pass,Pass,Pass,Pass,Pass,Pass,Pass,Pass,Pass,Pass,Pass,Pass,Pass,Pass,Pass,Pass,Skip,Pass,
05-28-2016,01:45:39,44.1,4,180980073044,PASS,Pass,Pass,Pass,Pass,Pass,Pass,Pass,Pass,Skip,Pass,Pass,Pass,Pass,Pass,Pass,Pass,Pass,Pass,Pass,Pass,Pass,Pass,Pass,Pass,Pass,Pass,Pass,Pass,Pass,Pass,Pass,Pass,Pass,Pass,Pass,Pass,Pass,Pass,Pass,Skip,Pass,
05-28-2016,01:46:02,49.3,6,180980073045,PASS,Pass,Pass,Pass,Pass,Pass,Pass,Pass,Pass,Skip,Pass,Pass,Pass,Pass,Pass,Pass,Pass,Pass,Pass,Pass,Pass,Pass,Pass,Pass,Pass,Pass,Pass,Pass,Pass,Pass,Pass,Pass,Pass,Pass,Pass,Pass,Pass,Pass,Pass,Pass,Skip,Pass,
05-28-2016,01:46:06,43.2,1,180980073046,PASS,Pass,Pass,Pass,Pass,Pass,Pass,Pass,Pass,Skip,Pass,Pass,Pass,Pass,Pass,Pass,Pass,Pass,Pass,Pass,Pass,Pass,Pass,Pass,Pass,Pass,Pass,Pass,Pass,Pass,Pass,Pass,Pass,Pass,Pass,Pass,Pass,Pass,Pass,Pass,Skip,Pass,
05-28-2016,01:46:24,45.6,3,180980073061,PASS,Pass,Pass,Pass,Pass,Pass,Pass,Pass,Pass,Skip,Pass,Pass,Pass,Pass,Pass,Pass,Pass,Pass,Pass,Pass,Pass,Pass,Pass,Pass,Pass,Pass,Pass,Pass,Pass,Pass,Pass,Pass,Pass,Pass,Pass,Pass,Pass,Pass,Pass,Pass,Skip,Pass,
05-28-2016,01:46:49,46.9,5,180980073062,PASS,Pass,Pass,Pass,Pass,Pass,Pass,Pass,Pass,Skip,Pass,Pass,Pass,Pass,Pass,Pass,Pass,Pass,Pass,Pass,Pass,Pass,Pass,Pass,Pass,Pass,Pass,Pass,Pass,Pass,Pass,Pass,Pass,Pass,Pass,Pass,Pass,Pass,Pass,Pass,Skip,Pass,
05-28-2016,01:46:56,45.0,2,180980073063,PASS,Pass,Pass,Pass,Pass,Pass,Pass,Pass,Pass,Skip,Pass,Pass,Pass,Pass,Pass,Pass,Pass,Pass,Pass,Pass,Pass,Pass,Pass,Pass,Pass,Pass,Pass,Pass,Pass,Pass,Pass,Pass,Pass,Pass,Pass,Pass,Pass,Pass,Pass,Pass,Skip,Pass,
05-28-2016,01:47:16,45.5,4,180980073064,PASS,Pass,Pass,Pass,Pass,Pass,Pass,Pass,Pass,Skip,Pass,Pass,Pass,Pass,Pass,Pass,Pass,Pass,Pass,Pass,Pass,Pass,Pass,Pass,Pass,Pass,Pass,Pass,Pass,Pass,Pass,Pass,Pass,Pass,Pass,Pass,Pass,Pass,Pass,Pass,Skip,Pass,
05-28-2016,01:47:35,45.4,6,180980073065,PASS,Pass,Pass,Pass,Pass,Pass,Pass,Pass,Pass,Skip,Pass,Pass,Pass,Pass,Pass,Pass,Pass,Pass,Pass,Pass,Pass,Pass,Pass,Pass,Pass,Pass,Pass,Pass,Pass,Pass,Pass,Pass,Pass,Pass,Pass,Pass,Pass,Pass,Pass,Pass,Skip,Pass,
05-28-2016,01:47:57,47.1,1,180980073066,PASS,Pass,Pass,Pass,Pass,Pass,Pass,Pass,Pass,Skip,Pass,Pass,Pass,Pass,Pass,Pass,Pass,Pass,Pass,Pass,Pass,Pass,Pass,Pass,Pass,Pass,Pass,Pass,Pass,Pass,Pass,Pass,Pass,Pass,Pass,Pass,Pass,Pass,Pass,Pass,Skip,Pass,
05-28-2016,01:48:03,44.9,3,180980073051,PASS,Pass,Pass,Pass,Pass,Pass,Pass,Pass,Pass,Skip,Pass,Pass,Pass,Pass,Pass,Pass,Pass,Pass,Pass,Pass,Pass,Pass,Pass,Pass,Pass,Pass,Pass,Pass,Pass,Pass,Pass,Pass,Pass,Pass,Pass,Pass,Pass,Pass,Pass,Pass,Skip,Pass,
05-28-2016,01:48:23,45.5,5,180980073052,PASS,Pass,Pass,Pass,Pass,Pass,Pass,Pass,Pass,Skip,Pass,Pass,Pass,Pass,Pass,Pass,Pass,Pass,Pass,Pass,Pass,Pass,Pass,Pass,Pass,Pass,Pass,Pass,Pass,Pass,Pass,Pass,Pass,Pass,Pass,Pass,Pass,Pass,Pass,Pass,Skip,Pass,
05-28-2016,01:48:40,43.1,2,180980073053,PASS,Pass,Pass,Pass,Pass,Pass,Pass,Pass,Pass,Skip,Pass,Pass,Pass,Pass,Pass,Pass,Pass,Pass,Pass,Pass,Pass,Pass,Pass,Pass,Pass,Pass,Pass,Pass,Pass,Pass,Pass,Pass,Pass,Pass,Pass,Pass,Pass,Pass,Pass,Pass,Skip,Pass,
05-28-2016,01:48:56,49.0,4,180980073054,PASS,Pass,Pass,Pass,Pass,Pass,Pass,Pass,Pass,Skip,Pass,Pass,Pass,Pass,Pass,Pass,Pass,Pass,Pass,Pass,Pass,Pass,Pass,Pass,Pass,Pass,Pass,Pass,Pass,Pass,Pass,Pass,Pass,Pass,Pass,Pass,Pass,Pass,Pass,Pass,Skip,Pass,
05-28-2016,01:49:27,46.9,1,180980073055,PASS,Pass,Pass,Pass,Pass,Pass,Pass,Pass,Pass,Skip,Pass,Pass,Pass,Pass,Pass,Pass,Pass,Pass,Pass,Pass,Pass,Pass,Pass,Pass,Pass,Pass,Pass,Pass,Pass,Pass,Pass,Pass,Pass,Pass,Pass,Pass,Pass,Pass,Pass,Pass,Skip,Pass,
05-28-2016,01:49:42,46.0,3,180980073056,PASS,Pass,Pass,Pass,Pass,Pass,Pass,Pass,Pass,Skip,Pass,Pass,Pass,Pass,Pass,Pass,Pass,Pass,Pass,Pass,Pass,Pass,Pass,Pass,Pass,Pass,Pass,Pass,Pass,Pass,Pass,Pass,Pass,Pass,Pass,Pass,Pass,Pass,Pass,Pass,Skip,Pass,
05-28-2016,01:51:17,44.0,1,180980073021,PASS,Pass,Pass,Pass,Pass,Pass,Pass,Pass,Pass,Skip,Pass,Pass,Pass,Pass,Pass,Pass,Pass,Pass,Pass,Pass,Pass,Pass,Pass,Pass,Pass,Pass,Pass,Pass,Pass,Pass,Pass,Pass,Pass,Pass,Pass,Pass,Pass,Pass,Pass,Pass,Skip,Pass,
05-28-2016,01:51:32,47.0,3,180980073022,PASS,Pass,Pass,Pass,Pass,Pass,Pass,Pass,Pass,Skip,Pass,Pass,Pass,Pass,Pass,Pass,Pass,Pass,Pass,Pass,Pass,Pass,Pass,Pass,Pass,Pass,Pass,Pass,Pass,Pass,Pass,Pass,Pass,Pass,Pass,Pass,Pass,Pass,Pass,Pass,Skip,Pass,
05-28-2016,01:51:38,45.3,5,180980073023,PASS,Pass,Pass,Pass,Pass,Pass,Pass,Pass,Pass,Skip,Pass,Pass,Pass,Pass,Pass,Pass,Pass,Pass,Pass,Pass,Pass,Pass,Pass,Pass,Pass,Pass,Pass,Pass,Pass,Pass,Pass,Pass,Pass,Pass,Pass,Pass,Pass,Pass,Pass,Pass,Skip,Pass,
05-28-2016,01:52:02,44.7,2,180980073024,PASS,Pass,Pass,Pass,Pass,Pass,Pass,Pass,Pass,Skip,Pass,Pass,Pass,Pass,Pass,Pass,Pass,Pass,Pass,Pass,Pass,Pass,Pass,Pass,Pass,Pass,Pass,Pass,Pass,Pass,Pass,Pass,Pass,Pass,Pass,Pass,Pass,Pass,Pass,Pass,Skip,Pass,
05-28-2016,01:52:16,44.2,4,180980073025,PASS,Pass,Pass,Pass,Pass,Pass,Pass,Pass,Pass,Skip,Pass,Pass,Pass,Pass,Pass,Pass,Pass,Pass,Pass,Pass,Pass,Pass,Pass,Pass,Pass,Pass,Pass,Pass,Pass,Pass,Pass,Pass,Pass,Pass,Pass,Pass,Pass,Pass,Pass,Pass,Skip,Pass,
05-28-2016,01:52:22,44.0,6,180980073026,PASS,Pass,Pass,Pass,Pass,Pass,Pass,Pass,Pass,Skip,Pass,Pass,Pass,Pass,Pass,Pass,Pass,Pass,Pass,Pass,Pass,Pass,Pass,Pass,Pass,Pass,Pass,Pass,Pass,Pass,Pass,Pass,Pass,Pass,Pass,Pass,Pass,Pass,Pass,Pass,Skip,Pass,
05-28-2016,01:52:47,44.8,1,180980073111,PASS,Pass,Pass,Pass,Pass,Pass,Pass,Pass,Pass,Skip,Pass,Pass,Pass,Pass,Pass,Pass,Pass,Pass,Pass,Pass,Pass,Pass,Pass,Pass,Pass,Pass,Pass,Pass,Pass,Pass,Pass,Pass,Pass,Pass,Pass,Pass,Pass,Pass,Pass,Pass,Skip,Pass,
05-28-2016,01:53:01,44.8,3,180980073112,PASS,Pass,Pass,Pass,Pass,Pass,Pass,Pass,Pass,Skip,Pass,Pass,Pass,Pass,Pass,Pass,Pass,Pass,Pass,Pass,Pass,Pass,Pass,Pass,Pass,Pass,Pass,Pass,Pass,Pass,Pass,Pass,Pass,Pass,Pass,Pass,Pass,Pass,Pass,Pass,Skip,Pass,
05-28-2016,01:53:10,43.3,5,180980073113,PASS,Pass,Pass,Pass,Pass,Pass,Pass,Pass,Pass,Skip,Pass,Pass,Pass,Pass,Pass,Pass,Pass,Pass,Pass,Pass,Pass,Pass,Pass,Pass,Pass,Pass,Pass,Pass,Pass,Pass,Pass,Pass,Pass,Pass,Pass,Pass,Pass,Pass,Pass,Pass,Skip,Pass,
05-28-2016,01:53:38,50.9,2,180980073114,PASS,Pass,Pass,Pass,Pass,Pass,Pass,Pass,Pass,Skip,Pass,Pass,Pass,Pass,Pass,Pass,Pass,Pass,Pass,Pass,Pass,Pass,Pass,Pass,Pass,Pass,Pass,Pass,Pass,Pass,Pass,Pass,Pass,Pass,Pass,Pass,Pass,Pass,Pass,Pass,Skip,Pass,
05-28-2016,01:53:46,44.8,4,180980073115,PASS,Pass,Pass,Pass,Pass,Pass,Pass,Pass,Pass,Skip,Pass,Pass,Pass,Pass,Pass,Pass,Pass,Pass,Pass,Pass,Pass,Pass,Pass,Pass,Pass,Pass,Pass,Pass,Pass,Pass,Pass,Pass,Pass,Pass,Pass,Pass,Pass,Pass,Pass,Pass,Skip,Pass,
05-28-2016,01:54:26,44.0,1,180980073116,PASS,Pass,Pass,Pass,Pass,Pass,Pass,Pass,Pass,Skip,Pass,Pass,Pass,Pass,Pass,Pass,Pass,Pass,Pass,Pass,Pass,Pass,Pass,Pass,Pass,Pass,Pass,Pass,Pass,Pass,Pass,Pass,Pass,Pass,Pass,Pass,Pass,Pass,Pass,Pass,Skip,Pass,
05-28-2016,01:54:34,44.8,3,180980073131,PASS,Pass,Pass,Pass,Pass,Pass,Pass,Pass,Pass,Skip,Pass,Pass,Pass,Pass,Pass,Pass,Pass,Pass,Pass,Pass,Pass,Pass,Pass,Pass,Pass,Pass,Pass,Pass,Pass,Pass,Pass,Pass,Pass,Pass,Pass,Pass,Pass,Pass,Pass,Pass,Skip,Pass,
05-28-2016,01:54:48,45.4,5,180980073132,PASS,Pass,Pass,Pass,Pass,Pass,Pass,Pass,Pass,Skip,Pass,Pass,Pass,Pass,Pass,Pass,Pass,Pass,Pass,Pass,Pass,Pass,Pass,Pass,Pass,Pass,Pass,Pass,Pass,Pass,Pass,Pass,Pass,Pass,Pass,Pass,Pass,Pass,Pass,Pass,Skip,Pass,
05-28-2016,01:55:10,44.1,2,180980073133,PASS,Pass,Pass,Pass,Pass,Pass,Pass,Pass,Pass,Skip,Pass,Pass,Pass,Pass,Pass,Pass,Pass,Pass,Pass,Pass,Pass,Pass,Pass,Pass,Pass,Pass,Pass,Pass,Pass,Pass,Pass,Pass,Pass,Pass,Pass,Pass,Pass,Pass,Pass,Pass,Skip,Pass,
05-28-2016,01:55:17,43.2,4,180980073134,PASS,Pass,Pass,Pass,Pass,Pass,Pass,Pass,Pass,Skip,Pass,Pass,Pass,Pass,Pass,Pass,Pass,Pass,Pass,Pass,Pass,Pass,Pass,Pass,Pass,Pass,Pass,Pass,Pass,Pass,Pass,Pass,Pass,Pass,Pass,Pass,Pass,Pass,Pass,Pass,Skip,Pass,
05-28-2016,01:55:32,44.7,6,180980073135,PASS,Pass,Pass,Pass,Pass,Pass,Pass,Pass,Pass,Skip,Pass,Pass,Pass,Pass,Pass,Pass,Pass,Pass,Pass,Pass,Pass,Pass,Pass,Pass,Pass,Pass,Pass,Pass,Pass,Pass,Pass,Pass,Pass,Pass,Pass,Pass,Pass,Pass,Pass,Pass,Skip,Pass,
05-28-2016,01:55:55,44.2,1,180980073136,PASS,Pass,Pass,Pass,Pass,Pass,Pass,Pass,Pass,Skip,Pass,Pass,Pass,Pass,Pass,Pass,Pass,Pass,Pass,Pass,Pass,Pass,Pass,Pass,Pass,Pass,Pass,Pass,Pass,Pass,Pass,Pass,Pass,Pass,Pass,Pass,Pass,Pass,Pass,Pass,Skip,Pass,
05-28-2016,01:57:10,43.2,3,180980073071,PASS,Pass,Pass,Pass,Pass,Pass,Pass,Pass,Pass,Skip,Pass,Pass,Pass,Pass,Pass,Pass,Pass,Pass,Pass,Pass,Pass,Pass,Pass,Pass,Pass,Pass,Pass,Pass,Pass,Pass,Pass,Pass,Pass,Pass,Pass,Pass,Pass,Pass,Pass,Pass,Skip,Pass,
05-28-2016,01:57:20,44.6,5,180980073072,PASS,Pass,Pass,Pass,Pass,Pass,Pass,Pass,Pass,Skip,Pass,Pass,Pass,Pass,Pass,Pass,Pass,Pass,Pass,Pass,Pass,Pass,Pass,Pass,Pass,Pass,Pass,Pass,Pass,Pass,Pass,Pass,Pass,Pass,Pass,Pass,Pass,Pass,Pass,Pass,Skip,Pass,
05-28-2016,01:57:36,44.8,2,180980073073,PASS,Pass,Pass,Pass,Pass,Pass,Pass,Pass,Pass,Skip,Pass,Pass,Pass,Pass,Pass,Pass,Pass,Pass,Pass,Pass,Pass,Pass,Pass,Pass,Pass,Pass,Pass,Pass,Pass,Pass,Pass,Pass,Pass,Pass,Pass,Pass,Pass,Pass,Pass,Pass,Skip,Pass,
05-28-2016,01:57:56,45.5,4,180980073074,PASS,Pass,Pass,Pass,Pass,Pass,Pass,Pass,Pass,Skip,Pass,Pass,Pass,Pass,Pass,Pass,Pass,Pass,Pass,Pass,Pass,Pass,Pass,Pass,Pass,Pass,Pass,Pass,Pass,Pass,Pass,Pass,Pass,Pass,Pass,Pass,Pass,Pass,Pass,Pass,Skip,Pass,
05-28-2016,01:58:08,46.8,6,180980073075,PASS,Pass,Pass,Pass,Pass,Pass,Pass,Pass,Pass,Skip,Pass,Pass,Pass,Pass,Pass,Pass,Pass,Pass,Pass,Pass,Pass,Pass,Pass,Pass,Pass,Pass,Pass,Pass,Pass,Pass,Pass,Pass,Pass,Pass,Pass,Pass,Pass,Pass,Pass,Pass,Skip,Pass,
05-28-2016,01:58:20,43.3,1,180980073076,PASS,Pass,Pass,Pass,Pass,Pass,Pass,Pass,Pass,Skip,Pass,Pass,Pass,Pass,Pass,Pass,Pass,Pass,Pass,Pass,Pass,Pass,Pass,Pass,Pass,Pass,Pass,Pass,Pass,Pass,Pass,Pass,Pass,Pass,Pass,Pass,Pass,Pass,Pass,Pass,Skip,Pass,
05-28-2016,01:58:39,43.5,3,180980073031,PASS,Pass,Pass,Pass,Pass,Pass,Pass,Pass,Pass,Skip,Pass,Pass,Pass,Pass,Pass,Pass,Pass,Pass,Pass,Pass,Pass,Pass,Pass,Pass,Pass,Pass,Pass,Pass,Pass,Pass,Pass,Pass,Pass,Pass,Pass,Pass,Pass,Pass,Pass,Pass,Skip,Pass,
05-28-2016,01:58:57,48.9,5,180980073032,PASS,Pass,Pass,Pass,Pass,Pass,Pass,Pass,Pass,Skip,Pass,Pass,Pass,Pass,Pass,Pass,Pass,Pass,Pass,Pass,Pass,Pass,Pass,Pass,Pass,Pass,Pass,Pass,Pass,Pass,Pass,Pass,Pass,Pass,Pass,Pass,Pass,Pass,Pass,Pass,Skip,Pass,
05-28-2016,01:59:07,44.1,2,180980073033,PASS,Pass,Pass,Pass,Pass,Pass,Pass,Pass,Pass,Skip,Pass,Pass,Pass,Pass,Pass,Pass,Pass,Pass,Pass,Pass,Pass,Pass,Pass,Pass,Pass,Pass,Pass,Pass,Pass,Pass,Pass,Pass,Pass,Pass,Pass,Pass,Pass,Pass,Pass,Pass,Skip,Pass,
05-28-2016,01:59:28,48.5,4,180980073034,PASS,Pass,Pass,Pass,Pass,Pass,Pass,Pass,Pass,Skip,Pass,Pass,Pass,Pass,Pass,Pass,Pass,Pass,Pass,Pass,Pass,Pass,Pass,Pass,Pass,Pass,Pass,Pass,Pass,Pass,Pass,Pass,Pass,Pass,Pass,Pass,Pass,Pass,Pass,Pass,Skip,Pass,
05-28-2016,01:59:43,45.6,6,180980073035,PASS,Pass,Pass,Pass,Pass,Pass,Pass,Pass,Pass,Skip,Pass,Pass,Pass,Pass,Pass,Pass,Pass,Pass,Pass,Pass,Pass,Pass,Pass,Pass,Pass,Pass,Pass,Pass,Pass,Pass,Pass,Pass,Pass,Pass,Pass,Pass,Pass,Pass,Pass,Pass,Skip,Pass,
05-28-2016,02:00:27,48.9,1,180980073036,PASS,Pass,Pass,Pass,Pass,Pass,Pass,Pass,Pass,Skip,Pass,Pass,Pass,Pass,Pass,Pass,Pass,Pass,Pass,Pass,Pass,Pass,Pass,Pass,Pass,Pass,Pass,Pass,Pass,Pass,Pass,Pass,Pass,Pass,Pass,Pass,Pass,Pass,Pass,Pass,Skip,Pass,
05-28-2016,02:00:49,43.1,5,180980073091,PASS,Pass,Pass,Pass,Pass,Pass,Pass,Pass,Pass,Skip,Pass,Pass,Pass,Pass,Pass,Pass,Pass,Pass,Pass,Pass,Pass,Pass,Pass,Pass,Pass,Pass,Pass,Pass,Pass,Pass,Pass,Pass,Pass,Pass,Pass,Pass,Pass,Pass,Pass,Pass,Skip,Pass,
05-28-2016,02:00:50,45.5,3,180980073092,PASS,Pass,Pass,Pass,Pass,Pass,Pass,Pass,Pass,Skip,Pass,Pass,Pass,Pass,Pass,Pass,Pass,Pass,Pass,Pass,Pass,Pass,Pass,Pass,Pass,Pass,Pass,Pass,Pass,Pass,Pass,Pass,Pass,Pass,Pass,Pass,Pass,Pass,Pass,Pass,Skip,Pass,
05-28-2016,02:01:11,44.0,2,180980073093,PASS,Pass,Pass,Pass,Pass,Pass,Pass,Pass,Pass,Skip,Pass,Pass,Pass,Pass,Pass,Pass,Pass,Pass,Pass,Pass,Pass,Pass,Pass,Pass,Pass,Pass,Pass,Pass,Pass,Pass,Pass,Pass,Pass,Pass,Pass,Pass,Pass,Pass,Pass,Pass,Skip,Pass,
05-28-2016,02:01:32,43.4,6,180980073095,PASS,Pass,Pass,Pass,Pass,Pass,Pass,Pass,Pass,Skip,Pass,Pass,Pass,Pass,Pass,Pass,Pass,Pass,Pass,Pass,Pass,Pass,Pass,Pass,Pass,Pass,Pass,Pass,Pass,Pass,Pass,Pass,Pass,Pass,Pass,Pass,Pass,Pass,Pass,Pass,Skip,Pass,
05-28-2016,02:01:35,44.7,4,180980073094,PASS,Pass,Pass,Pass,Pass,Pass,Pass,Pass,Pass,Skip,Pass,Pass,Pass,Pass,Pass,Pass,Pass,Pass,Pass,Pass,Pass,Pass,Pass,Pass,Pass,Pass,Pass,Pass,Pass,Pass,Pass,Pass,Pass,Pass,Pass,Pass,Pass,Pass,Pass,Pass,Skip,Pass,
05-28-2016,02:01:55,44.1,1,180980073096,PASS,Pass,Pass,Pass,Pass,Pass,Pass,Pass,Pass,Skip,Pass,Pass,Pass,Pass,Pass,Pass,Pass,Pass,Pass,Pass,Pass,Pass,Pass,Pass,Pass,Pass,Pass,Pass,Pass,Pass,Pass,Pass,Pass,Pass,Pass,Pass,Pass,Pass,Pass,Pass,Skip,Pass,
05-28-2016,02:02:17,44.5,5,180980073142,PASS,Pass,Pass,Pass,Pass,Pass,Pass,Pass,Pass,Skip,Pass,Pass,Pass,Pass,Pass,Pass,Pass,Pass,Pass,Pass,Pass,Pass,Pass,Pass,Pass,Pass,Pass,Pass,Pass,Pass,Pass,Pass,Pass,Pass,Pass,Pass,Pass,Pass,Pass,Pass,Skip,Pass,
05-28-2016,02:02:20,44.9,3,180980073141,PASS,Pass,Pass,Pass,Pass,Pass,Pass,Pass,Pass,Skip,Pass,Pass,Pass,Pass,Pass,Pass,Pass,Pass,Pass,Pass,Pass,Pass,Pass,Pass,Pass,Pass,Pass,Pass,Pass,Pass,Pass,Pass,Pass,Pass,Pass,Pass,Pass,Pass,Pass,Pass,Skip,Pass,
05-28-2016,02:02:40,44.7,2,180980073143,PASS,Pass,Pass,Pass,Pass,Pass,Pass,Pass,Pass,Skip,Pass,Pass,Pass,Pass,Pass,Pass,Pass,Pass,Pass,Pass,Pass,Pass,Pass,Pass,Pass,Pass,Pass,Pass,Pass,Pass,Pass,Pass,Pass,Pass,Pass,Pass,Pass,Pass,Pass,Pass,Skip,Pass,
05-28-2016,02:03:07,46.6,4,180980073144,PASS,Pass,Pass,Pass,Pass,Pass,Pass,Pass,Pass,Skip,Pass,Pass,Pass,Pass,Pass,Pass,Pass,Pass,Pass,Pass,Pass,Pass,Pass,Pass,Pass,Pass,Pass,Pass,Pass,Pass,Pass,Pass,Pass,Pass,Pass,Pass,Pass,Pass,Pass,Pass,Skip,Pass,
05-28-2016,02:03:09,44.9,6,180980073145,PASS,Pass,Pass,Pass,Pass,Pass,Pass,Pass,Pass,Skip,Pass,Pass,Pass,Pass,Pass,Pass,Pass,Pass,Pass,Pass,Pass,Pass,Pass,Pass,Pass,Pass,Pass,Pass,Pass,Pass,Pass,Pass,Pass,Pass,Pass,Pass,Pass,Pass,Pass,Pass,Skip,Pass,
05-28-2016,02:03:27,43.8,1,180980073146,PASS,Pass,Pass,Pass,Pass,Pass,Pass,Pass,Pass,Skip,Pass,Pass,Pass,Pass,Pass,Pass,Pass,Pass,Pass,Pass,Pass,Pass,Pass,Pass,Pass,Pass,Pass,Pass,Pass,Pass,Pass,Pass,Pass,Pass,Pass,Pass,Pass,Pass,Pass,Pass,Skip,Pass,
05-28-2016,02:03:53,46.2,3,180980073151,PASS,Pass,Pass,Pass,Pass,Pass,Pass,Pass,Pass,Skip,Pass,Pass,Pass,Pass,Pass,Pass,Pass,Pass,Pass,Pass,Pass,Pass,Pass,Pass,Pass,Pass,Pass,Pass,Pass,Pass,Pass,Pass,Pass,Pass,Pass,Pass,Pass,Pass,Pass,Pass,Skip,Pass,
05-28-2016,02:04:00,48.9,5,180980073152,PASS,Pass,Pass,Pass,Pass,Pass,Pass,Pass,Pass,Skip,Pass,Pass,Pass,Pass,Pass,Pass,Pass,Pass,Pass,Pass,Pass,Pass,Pass,Pass,Pass,Pass,Pass,Pass,Pass,Pass,Pass,Pass,Pass,Pass,Pass,Pass,Pass,Pass,Pass,Pass,Skip,Pass,
05-28-2016,02:06:31,43.9,1,180980073153,PASS,Pass,Pass,Pass,Pass,Pass,Pass,Pass,Pass,Skip,Pass,Pass,Pass,Pass,Pass,Pass,Pass,Pass,Pass,Pass,Pass,Pass,Pass,Pass,Pass,Pass,Pass,Pass,Pass,Pass,Pass,Pass,Pass,Pass,Pass,Pass,Pass,Pass,Pass,Pass,Skip,Pass,
05-28-2016,02:06:42,44.0,3,180980073154,PASS,Pass,Pass,Pass,Pass,Pass,Pass,Pass,Pass,Skip,Pass,Pass,Pass,Pass,Pass,Pass,Pass,Pass,Pass,Pass,Pass,Pass,Pass,Pass,Pass,Pass,Pass,Pass,Pass,Pass,Pass,Pass,Pass,Pass,Pass,Pass,Pass,Pass,Pass,Pass,Skip,Pass,
05-28-2016,02:06:56,45.5,5,180980073155,PASS,Pass,Pass,Pass,Pass,Pass,Pass,Pass,Pass,Skip,Pass,Pass,Pass,Pass,Pass,Pass,Pass,Pass,Pass,Pass,Pass,Pass,Pass,Pass,Pass,Pass,Pass,Pass,Pass,Pass,Pass,Pass,Pass,Pass,Pass,Pass,Pass,Pass,Pass,Pass,Skip,Pass,
05-28-2016,02:07:19,45.6,2,180980073156,PASS,Pass,Pass,Pass,Pass,Pass,Pass,Pass,Pass,Skip,Pass,Pass,Pass,Pass,Pass,Pass,Pass,Pass,Pass,Pass,Pass,Pass,Pass,Pass,Pass,Pass,Pass,Pass,Pass,Pass,Pass,Pass,Pass,Pass,Pass,Pass,Pass,Pass,Pass,Pass,Skip,Pass,
05-28-2016,02:07:32,45.3,4,180980073171,PASS,Pass,Pass,Pass,Pass,Pass,Pass,Pass,Pass,Skip,Pass,Pass,Pass,Pass,Pass,Pass,Pass,Pass,Pass,Pass,Pass,Pass,Pass,Pass,Pass,Pass,Pass,Pass,Pass,Pass,Pass,Pass,Pass,Pass,Pass,Pass,Pass,Pass,Pass,Pass,Skip,Pass,
05-28-2016,02:07:44,44.7,6,180980073172,PASS,Pass,Pass,Pass,Pass,Pass,Pass,Pass,Pass,Skip,Pass,Pass,Pass,Pass,Pass,Pass,Pass,Pass,Pass,Pass,Pass,Pass,Pass,Pass,Pass,Pass,Pass,Pass,Pass,Pass,Pass,Pass,Pass,Pass,Pass,Pass,Pass,Pass,Pass,Pass,Skip,Pass,
05-28-2016,02:08:03,44.0,1,180980073173,PASS,Pass,Pass,Pass,Pass,Pass,Pass,Pass,Pass,Skip,Pass,Pass,Pass,Pass,Pass,Pass,Pass,Pass,Pass,Pass,Pass,Pass,Pass,Pass,Pass,Pass,Pass,Pass,Pass,Pass,Pass,Pass,Pass,Pass,Pass,Pass,Pass,Pass,Pass,Pass,Skip,Pass,
05-28-2016,02:08:18,45.5,3,180980073174,PASS,Pass,Pass,Pass,Pass,Pass,Pass,Pass,Pass,Skip,Pass,Pass,Pass,Pass,Pass,Pass,Pass,Pass,Pass,Pass,Pass,Pass,Pass,Pass,Pass,Pass,Pass,Pass,Pass,Pass,Pass,Pass,Pass,Pass,Pass,Pass,Pass,Pass,Pass,Pass,Skip,Pass,
05-28-2016,02:08:39,45.4,5,180980073175,PASS,Pass,Pass,Pass,Pass,Pass,Pass,Pass,Pass,Skip,Pass,Pass,Pass,Pass,Pass,Pass,Pass,Pass,Pass,Pass,Pass,Pass,Pass,Pass,Pass,Pass,Pass,Pass,Pass,Pass,Pass,Pass,Pass,Pass,Pass,Pass,Pass,Pass,Pass,Pass,Skip,Pass,
05-28-2016,02:08:58,44.2,2,180980073176,PASS,Pass,Pass,Pass,Pass,Pass,Pass,Pass,Pass,Skip,Pass,Pass,Pass,Pass,Pass,Pass,Pass,Pass,Pass,Pass,Pass,Pass,Pass,Pass,Pass,Pass,Pass,Pass,Pass,Pass,Pass,Pass,Pass,Pass,Pass,Pass,Pass,Pass,Pass,Pass,Skip,Pass,
05-28-2016,02:09:03,43.6,4,180980071841,PASS,Pass,Pass,Pass,Pass,Pass,Pass,Pass,Pass,Skip,Pass,Pass,Pass,Pass,Pass,Pass,Pass,Pass,Pass,Pass,Pass,Pass,Pass,Pass,Pass,Pass,Pass,Pass,Pass,Pass,Pass,Pass,Pass,Pass,Pass,Pass,Pass,Pass,Pass,Pass,Skip,Pass,
05-28-2016,02:09:52,44.2,2,180980071842,PASS,Pass,Pass,Pass,Pass,Pass,Pass,Pass,Pass,Skip,Pass,Pass,Pass,Pass,Pass,Pass,Pass,Pass,Pass,Pass,Pass,Pass,Pass,Pass,Pass,Pass,Pass,Pass,Pass,Pass,Pass,Pass,Pass,Pass,Pass,Pass,Pass,Pass,Pass,Pass,Skip,Pass,
05-28-2016,02:10:02,46.1,6,180980071843,PASS,Pass,Pass,Pass,Pass,Pass,Pass,Pass,Pass,Skip,Pass,Pass,Pass,Pass,Pass,Pass,Pass,Pass,Pass,Pass,Pass,Pass,Pass,Pass,Pass,Pass,Pass,Pass,Pass,Pass,Pass,Pass,Pass,Pass,Pass,Pass,Pass,Pass,Pass,Pass,Skip,Pass,
05-28-2016,02:10:35,43.4,1,180980071844,PASS,Pass,Pass,Pass,Pass,Pass,Pass,Pass,Pass,Skip,Pass,Pass,Pass,Pass,Pass,Pass,Pass,Pass,Pass,Pass,Pass,Pass,Pass,Pass,Pass,Pass,Pass,Pass,Pass,Pass,Pass,Pass,Pass,Pass,Pass,Pass,Pass,Pass,Pass,Pass,Skip,Pass,
05-28-2016,02:11:01,45.6,3,180980071845,PASS,Pass,Pass,Pass,Pass,Pass,Pass,Pass,Pass,Skip,Pass,Pass,Pass,Pass,Pass,Pass,Pass,Pass,Pass,Pass,Pass,Pass,Pass,Pass,Pass,Pass,Pass,Pass,Pass,Pass,Pass,Pass,Pass,Pass,Pass,Pass,Pass,Pass,Pass,Pass,Skip,Pass,
05-28-2016,02:12:23,44.8,5,180980071846,PASS,Pass,Pass,Pass,Pass,Pass,Pass,Pass,Pass,Skip,Pass,Pass,Pass,Pass,Pass,Pass,Pass,Pass,Pass,Pass,Pass,Pass,Pass,Pass,Pass,Pass,Pass,Pass,Pass,Pass,Pass,Pass,Pass,Pass,Pass,Pass,Pass,Pass,Pass,Pass,Skip,Pass,
05-28-2016,02:12:30,43.1,1,180980071831,PASS,Pass,Pass,Pass,Pass,Pass,Pass,Pass,Pass,Skip,Pass,Pass,Pass,Pass,Pass,Pass,Pass,Pass,Pass,Pass,Pass,Pass,Pass,Pass,Pass,Pass,Pass,Pass,Pass,Pass,Pass,Pass,Pass,Pass,Pass,Pass,Pass,Pass,Pass,Pass,Skip,Pass,
05-28-2016,02:12:47,44.2,3,180980071832,PASS,Pass,Pass,Pass,Pass,Pass,Pass,Pass,Pass,Skip,Pass,Pass,Pass,Pass,Pass,Pass,Pass,Pass,Pass,Pass,Pass,Pass,Pass,Pass,Pass,Pass,Pass,Pass,Pass,Pass,Pass,Pass,Pass,Pass,Pass,Pass,Pass,Pass,Pass,Pass,Skip,Pass,
05-28-2016,02:13:25,45.0,5,180980071833,PASS,Pass,Pass,Pass,Pass,Pass,Pass,Pass,Pass,Skip,Pass,Pass,Pass,Pass,Pass,Pass,Pass,Pass,Pass,Pass,Pass,Pass,Pass,Pass,Pass,Pass,Pass,Pass,Pass,Pass,Pass,Pass,Pass,Pass,Pass,Pass,Pass,Pass,Pass,Pass,Skip,Pass,
05-28-2016,02:13:28,43.9,1,180980071834,PASS,Pass,Pass,Pass,Pass,Pass,Pass,Pass,Pass,Skip,Pass,Pass,Pass,Pass,Pass,Pass,Pass,Pass,Pass,Pass,Pass,Pass,Pass,Pass,Pass,Pass,Pass,Pass,Pass,Pass,Pass,Pass,Pass,Pass,Pass,Pass,Pass,Pass,Pass,Pass,Skip,Pass,
05-28-2016,02:13:48,45.3,3,180980071835,PASS,Pass,Pass,Pass,Pass,Pass,Pass,Pass,Pass,Skip,Pass,Pass,Pass,Pass,Pass,Pass,Pass,Pass,Pass,Pass,Pass,Pass,Pass,Pass,Pass,Pass,Pass,Pass,Pass,Pass,Pass,Pass,Pass,Pass,Pass,Pass,Pass,Pass,Pass,Pass,Skip,Pass,
05-28-2016,02:14:13,45.5,2,180980071836,PASS,Pass,Pass,Pass,Pass,Pass,Pass,Pass,Pass,Skip,Pass,Pass,Pass,Pass,Pass,Pass,Pass,Pass,Pass,Pass,Pass,Pass,Pass,Pass,Pass,Pass,Pass,Pass,Pass,Pass,Pass,Pass,Pass,Pass,Pass,Pass,Pass,Pass,Pass,Pass,Skip,Pass,
05-28-2016,02:35:25,46.9,1,171680055561,PASS,Pass,Pass,Pass,Pass,Pass,Pass,Pass,Pass,Skip,Pass,Pass,Pass,Pass,Pass,Pass,Pass,Pass,Pass,Pass,Pass,Pass,Pass,Pass,Pass,Pass,Pass,Pass,Pass,Pass,Pass,Pass,Pass,Pass,Pass,Pass,Pass,Pass,Pass,Pass,Skip,Pass,
05-28-2016,02:35:49,45.0,3,171680055562,PASS,Pass,Pass,Pass,Pass,Pass,Pass,Pass,Pass,Skip,Pass,Pass,Pass,Pass,Pass,Pass,Pass,Pass,Pass,Pass,Pass,Pass,Pass,Pass,Pass,Pass,Pass,Pass,Pass,Pass,Pass,Pass,Pass,Pass,Pass,Pass,Pass,Pass,Pass,Pass,Skip,Pass,
05-28-2016,02:36:03,45.1,5,171680055563,PASS,Pass,Pass,Pass,Pass,Pass,Pass,Pass,Pass,Skip,Pass,Pass,Pass,Pass,Pass,Pass,Pass,Pass,Pass,Pass,Pass,Pass,Pass,Pass,Pass,Pass,Pass,Pass,Pass,Pass,Pass,Pass,Pass,Pass,Pass,Pass,Pass,Pass,Pass,Pass,Skip,Pass,
05-28-2016,02:36:32,44.1,2,171680055564,PASS,Pass,Pass,Pass,Pass,Pass,Pass,Pass,Pass,Skip,Pass,Pass,Pass,Pass,Pass,Pass,Pass,Pass,Pass,Pass,Pass,Pass,Pass,Pass,Pass,Pass,Pass,Pass,Pass,Pass,Pass,Pass,Pass,Pass,Pass,Pass,Pass,Pass,Pass,Pass,Skip,Pass,
05-28-2016,02:36:49,46.5,4,171680055565,PASS,Pass,Pass,Pass,Pass,Pass,Pass,Pass,Pass,Skip,Pass,Pass,Pass,Pass,Pass,Pass,Pass,Pass,Pass,Pass,Pass,Pass,Pass,Pass,Pass,Pass,Pass,Pass,Pass,Pass,Pass,Pass,Pass,Pass,Pass,Pass,Pass,Pass,Pass,Pass,Skip,Pass,
05-28-2016,02:37:11,47.7,6,171680055566,PASS,Pass,Pass,Pass,Pass,Pass,Pass,Pass,Pass,Skip,Pass,Pass,Pass,Pass,Pass,Pass,Pass,Pass,Pass,Pass,Pass,Pass,Pass,Pass,Pass,Pass,Pass,Pass,Pass,Pass,Pass,Pass,Pass,Pass,Pass,Pass,Pass,Pass,Pass,Pass,Skip,Pass,
05-28-2016,02:37:26,48.4,1,171680055551,PASS,Pass,Pass,Pass,Pass,Pass,Pass,Pass,Pass,Skip,Pass,Pass,Pass,Pass,Pass,Pass,Pass,Pass,Pass,Pass,Pass,Pass,Pass,Pass,Pass,Pass,Pass,Pass,Pass,Pass,Pass,Pass,Pass,Pass,Pass,Pass,Pass,Pass,Pass,Pass,Skip,Pass,
05-28-2016,02:37:43,46.3,3,171680055552,PASS,Pass,Pass,Pass,Pass,Pass,Pass,Pass,Pass,Skip,Pass,Pass,Pass,Pass,Pass,Pass,Pass,Pass,Pass,Pass,Pass,Pass,Pass,Pass,Pass,Pass,Pass,Pass,Pass,Pass,Pass,Pass,Pass,Pass,Pass,Pass,Pass,Pass,Pass,Pass,Skip,Pass,
05-28-2016,02:38:14,56.0,5,171680055553,PASS,Pass,Pass,Pass,Pass,Pass,Pass,Pass,Pass,Skip,Pass,Pass,Pass,Pass,Pass,Pass,Pass,Pass,Pass,Pass,Pass,Pass,Pass,Pass,Pass,Pass,Pass,Pass,Pass,Pass,Pass,Pass,Pass,Pass,Pass,Pass,Pass,Pass,Pass,Pass,Skip,Pass,
05-28-2016,02:38:22,46.3,2,171680055554,PASS,Pass,Pass,Pass,Pass,Pass,Pass,Pass,Pass,Skip,Pass,Pass,Pass,Pass,Pass,Pass,Pass,Pass,Pass,Pass,Pass,Pass,Pass,Pass,Pass,Pass,Pass,Pass,Pass,Pass,Pass,Pass,Pass,Pass,Pass,Pass,Pass,Pass,Pass,Pass,Skip,Pass,
05-28-2016,02:38:43,46.3,4,171680055555,PASS,Pass,Pass,Pass,Pass,Pass,Pass,Pass,Pass,Skip,Pass,Pass,Pass,Pass,Pass,Pass,Pass,Pass,Pass,Pass,Pass,Pass,Pass,Pass,Pass,Pass,Pass,Pass,Pass,Pass,Pass,Pass,Pass,Pass,Pass,Pass,Pass,Pass,Pass,Pass,Skip,Pass,
05-28-2016,02:39:06,45.7,6,171680055556,PASS,Pass,Pass,Pass,Pass,Pass,Pass,Pass,Pass,Skip,Pass,Pass,Pass,Pass,Pass,Pass,Pass,Pass,Pass,Pass,Pass,Pass,Pass,Pass,Pass,Pass,Pass,Pass,Pass,Pass,Pass,Pass,Pass,Pass,Pass,Pass,Pass,Pass,Pass,Pass,Skip,Pass,
05-28-2016,02:39:22,47.3,1,171680055541,PASS,Pass,Pass,Pass,Pass,Pass,Pass,Pass,Pass,Skip,Pass,Pass,Pass,Pass,Pass,Pass,Pass,Pass,Pass,Pass,Pass,Pass,Pass,Pass,Pass,Pass,Pass,Pass,Pass,Pass,Pass,Pass,Pass,Pass,Pass,Pass,Pass,Pass,Pass,Pass,Skip,Pass,
05-28-2016,02:39:41,46.6,3,171680055542,PASS,Pass,Pass,Pass,Pass,Pass,Pass,Pass,Pass,Skip,Pass,Pass,Pass,Pass,Pass,Pass,Pass,Pass,Pass,Pass,Pass,Pass,Pass,Pass,Pass,Pass,Pass,Pass,Pass,Pass,Pass,Pass,Pass,Pass,Pass,Pass,Pass,Pass,Pass,Pass,Skip,Pass,
05-28-2016,02:40:12,51.5,5,171680055543,PASS,Pass,Pass,Pass,Pass,Pass,Pass,Pass,Pass,Skip,Pass,Pass,Pass,Pass,Pass,Pass,Pass,Pass,Pass,Pass,Pass,Pass,Pass,Pass,Pass,Pass,Pass,Pass,Pass,Pass,Pass,Pass,Pass,Pass,Pass,Pass,Pass,Pass,Pass,Pass,Skip,Pass,
05-28-2016,02:40:23,47.3,2,171680055544,PASS,Pass,Pass,Pass,Pass,Pass,Pass,Pass,Pass,Skip,Pass,Pass,Pass,Pass,Pass,Pass,Pass,Pass,Pass,Pass,Pass,Pass,Pass,Pass,Pass,Pass,Pass,Pass,Pass,Pass,Pass,Pass,Pass,Pass,Pass,Pass,Pass,Pass,Pass,Pass,Skip,Pass,
05-28-2016,02:40:41,47.2,4,171680055545,PASS,Pass,Pass,Pass,Pass,Pass,Pass,Pass,Pass,Skip,Pass,Pass,Pass,Pass,Pass,Pass,Pass,Pass,Pass,Pass,Pass,Pass,Pass,Pass,Pass,Pass,Pass,Pass,Pass,Pass,Pass,Pass,Pass,Pass,Pass,Pass,Pass,Pass,Pass,Pass,Skip,Pass,
05-28-2016,02:41:02,47.2,6,171680055546,PASS,Pass,Pass,Pass,Pass,Pass,Pass,Pass,Pass,Skip,Pass,Pass,Pass,Pass,Pass,Pass,Pass,Pass,Pass,Pass,Pass,Pass,Pass,Pass,Pass,Pass,Pass,Pass,Pass,Pass,Pass,Pass,Pass,Pass,Pass,Pass,Pass,Pass,Pass,Pass,Skip,Pass,
05-28-2016,02:41:27,45.5,1,171680055531,PASS,Pass,Pass,Pass,Pass,Pass,Pass,Pass,Pass,Skip,Pass,Pass,Pass,Pass,Pass,Pass,Pass,Pass,Pass,Pass,Pass,Pass,Pass,Pass,Pass,Pass,Pass,Pass,Pass,Pass,Pass,Pass,Pass,Pass,Pass,Pass,Pass,Pass,Pass,Pass,Skip,Pass,
05-28-2016,02:41:40,44.9,3,171680055532,PASS,Pass,Pass,Pass,Pass,Pass,Pass,Pass,Pass,Skip,Pass,Pass,Pass,Pass,Pass,Pass,Pass,Pass,Pass,Pass,Pass,Pass,Pass,Pass,Pass,Pass,Pass,Pass,Pass,Pass,Pass,Pass,Pass,Pass,Pass,Pass,Pass,Pass,Pass,Pass,Skip,Pass,
05-28-2016,02:41:59,45.4,5,171680055533,PASS,Pass,Pass,Pass,Pass,Pass,Pass,Pass,Pass,Skip,Pass,Pass,Pass,Pass,Pass,Pass,Pass,Pass,Pass,Pass,Pass,Pass,Pass,Pass,Pass,Pass,Pass,Pass,Pass,Pass,Pass,Pass,Pass,Pass,Pass,Pass,Pass,Pass,Pass,Pass,Skip,Pass,
05-28-2016,02:42:33,45.3,2,171680055534,PASS,Pass,Pass,Pass,Pass,Pass,Pass,Pass,Pass,Skip,Pass,Pass,Pass,Pass,Pass,Pass,Pass,Pass,Pass,Pass,Pass,Pass,Pass,Pass,Pass,Pass,Pass,Pass,Pass,Pass,Pass,Pass,Pass,Pass,Pass,Pass,Pass,Pass,Pass,Pass,Skip,Pass,
05-28-2016,02:42:39,45.6,4,171680055535,PASS,Pass,Pass,Pass,Pass,Pass,Pass,Pass,Pass,Skip,Pass,Pass,Pass,Pass,Pass,Pass,Pass,Pass,Pass,Pass,Pass,Pass,Pass,Pass,Pass,Pass,Pass,Pass,Pass,Pass,Pass,Pass,Pass,Pass,Pass,Pass,Pass,Pass,Pass,Pass,Skip,Pass,
05-28-2016,02:43:01,46.5,6,171680055536,PASS,Pass,Pass,Pass,Pass,Pass,Pass,Pass,Pass,Skip,Pass,Pass,Pass,Pass,Pass,Pass,Pass,Pass,Pass,Pass,Pass,Pass,Pass,Pass,Pass,Pass,Pass,Pass,Pass,Pass,Pass,Pass,Pass,Pass,Pass,Pass,Pass,Pass,Pass,Pass,Skip,Pass,
05-28-2016,02:43:18,44.2,1,171680055521,PASS,Pass,Pass,Pass,Pass,Pass,Pass,Pass,Pass,Skip,Pass,Pass,Pass,Pass,Pass,Pass,Pass,Pass,Pass,Pass,Pass,Pass,Pass,Pass,Pass,Pass,Pass,Pass,Pass,Pass,Pass,Pass,Pass,Pass,Pass,Pass,Pass,Pass,Pass,Pass,Skip,Pass,
05-28-2016,02:43:46,45.9,3,171680055522,PASS,Pass,Pass,Pass,Pass,Pass,Pass,Pass,Pass,Skip,Pass,Pass,Pass,Pass,Pass,Pass,Pass,Pass,Pass,Pass,Pass,Pass,Pass,Pass,Pass,Pass,Pass,Pass,Pass,Pass,Pass,Pass,Pass,Pass,Pass,Pass,Pass,Pass,Pass,Pass,Skip,Pass,
05-28-2016,02:44:03,45.6,5,171680055523,PASS,Pass,Pass,Pass,Pass,Pass,Pass,Pass,Pass,Skip,Pass,Pass,Pass,Pass,Pass,Pass,Pass,Pass,Pass,Pass,Pass,Pass,Pass,Pass,Pass,Pass,Pass,Pass,Pass,Pass,Pass,Pass,Pass,Pass,Pass,Pass,Pass,Pass,Pass,Pass,Skip,Pass,
05-28-2016,02:44:35,44.0,1,171680055524,PASS,Pass,Pass,Pass,Pass,Pass,Pass,Pass,Pass,Skip,Pass,Pass,Pass,Pass,Pass,Pass,Pass,Pass,Pass,Pass,Pass,Pass,Pass,Pass,Pass,Pass,Pass,Pass,Pass,Pass,Pass,Pass,Pass,Pass,Pass,Pass,Pass,Pass,Pass,Pass,Skip,Pass,
05-28-2016,02:46:24,44.4,3,171680055525,PASS,Pass,Pass,Pass,Pass,Pass,Pass,Pass,Pass,Skip,Pass,Pass,Pass,Pass,Pass,Pass,Pass,Pass,Pass,Pass,Pass,Pass,Pass,Pass,Pass,Pass,Pass,Pass,Pass,Pass,Pass,Pass,Pass,Pass,Pass,Pass,Pass,Pass,Pass,Pass,Skip,Pass,
05-28-2016,02:46:47,44.1,5,171680055526,PASS,Pass,Pass,Pass,Pass,Pass,Pass,Pass,Pass,Skip,Pass,Pass,Pass,Pass,Pass,Pass,Pass,Pass,Pass,Pass,Pass,Pass,Pass,Pass,Pass,Pass,Pass,Pass,Pass,Pass,Pass,Pass,Pass,Pass,Pass,Pass,Pass,Pass,Pass,Pass,Skip,Pass,
05-28-2016,02:47:34,45.0,2,171680055511,PASS,Pass,Pass,Pass,Pass,Pass,Pass,Pass,Pass,Skip,Pass,Pass,Pass,Pass,Pass,Pass,Pass,Pass,Pass,Pass,Pass,Pass,Pass,Pass,Pass,Pass,Pass,Pass,Pass,Pass,Pass,Pass,Pass,Pass,Pass,Pass,Pass,Pass,Pass,Pass,Skip,Pass,
05-28-2016,02:47:55,45.2,4,171680055512,PASS,Pass,Pass,Pass,Pass,Pass,Pass,Pass,Pass,Skip,Pass,Pass,Pass,Pass,Pass,Pass,Pass,Pass,Pass,Pass,Pass,Pass,Pass,Pass,Pass,Pass,Pass,Pass,Pass,Pass,Pass,Pass,Pass,Pass,Pass,Pass,Pass,Pass,Pass,Pass,Skip,Pass,
05-28-2016,02:48:15,45.1,6,171680055513,PASS,Pass,Pass,Pass,Pass,Pass,Pass,Pass,Pass,Skip,Pass,Pass,Pass,Pass,Pass,Pass,Pass,Pass,Pass,Pass,Pass,Pass,Pass,Pass,Pass,Pass,Pass,Pass,Pass,Pass,Pass,Pass,Pass,Pass,Pass,Pass,Pass,Pass,Pass,Pass,Skip,Pass,
05-28-2016,02:48:35,47.0,1,171680055514,PASS,Pass,Pass,Pass,Pass,Pass,Pass,Pass,Pass,Skip,Pass,Pass,Pass,Pass,Pass,Pass,Pass,Pass,Pass,Pass,Pass,Pass,Pass,Pass,Pass,Pass,Pass,Pass,Pass,Pass,Pass,Pass,Pass,Pass,Pass,Pass,Pass,Pass,Pass,Pass,Skip,Pass,
05-28-2016,02:48:54,44.9,3,171680055515,PASS,Pass,Pass,Pass,Pass,Pass,Pass,Pass,Pass,Skip,Pass,Pass,Pass,Pass,Pass,Pass,Pass,Pass,Pass,Pass,Pass,Pass,Pass,Pass,Pass,Pass,Pass,Pass,Pass,Pass,Pass,Pass,Pass,Pass,Pass,Pass,Pass,Pass,Pass,Pass,Skip,Pass,
05-28-2016,02:49:19,48.6,5,171680055516,PASS,Pass,Pass,Pass,Pass,Pass,Pass,Pass,Pass,Skip,Pass,Pass,Pass,Pass,Pass,Pass,Pass,Pass,Pass,Pass,Pass,Pass,Pass,Pass,Pass,Pass,Pass,Pass,Pass,Pass,Pass,Pass,Pass,Pass,Pass,Pass,Pass,Pass,Pass,Pass,Skip,Pass,
05-28-2016,02:49:46,47.4,1,171680055501,PASS,Pass,Pass,Pass,Pass,Pass,Pass,Pass,Pass,Skip,Pass,Pass,Pass,Pass,Pass,Pass,Pass,Pass,Pass,Pass,Pass,Pass,Pass,Pass,Pass,Pass,Pass,Pass,Pass,Pass,Pass,Pass,Pass,Pass,Pass,Pass,Pass,Pass,Pass,Pass,Skip,Pass,
05-28-2016,02:50:06,50.8,3,171680055502,PASS,Pass,Pass,Pass,Pass,Pass,Pass,Pass,Pass,Skip,Pass,Pass,Pass,Pass,Pass,Pass,Pass,Pass,Pass,Pass,Pass,Pass,Pass,Pass,Pass,Pass,Pass,Pass,Pass,Pass,Pass,Pass,Pass,Pass,Pass,Pass,Pass,Pass,Pass,Pass,Skip,Pass,
05-28-2016,02:50:34,48.0,2,171680055503,PASS,Pass,Pass,Pass,Pass,Pass,Pass,Pass,Pass,Skip,Pass,Pass,Pass,Pass,Pass,Pass,Pass,Pass,Pass,Pass,Pass,Pass,Pass,Pass,Pass,Pass,Pass,Pass,Pass,Pass,Pass,Pass,Pass,Pass,Pass,Pass,Pass,Pass,Pass,Pass,Skip,Pass,
05-28-2016,02:50:53,47.6,4,171680055504,PASS,Pass,Pass,Pass,Pass,Pass,Pass,Pass,Pass,Skip,Pass,Pass,Pass,Pass,Pass,Pass,Pass,Pass,Pass,Pass,Pass,Pass,Pass,Pass,Pass,Pass,Pass,Pass,Pass,Pass,Pass,Pass,Pass,Pass,Pass,Pass,Pass,Pass,Pass,Pass,Skip,Pass,
05-28-2016,02:51:04,47.6,6,171680055505,PASS,Pass,Pass,Pass,Pass,Pass,Pass,Pass,Pass,Skip,Pass,Pass,Pass,Pass,Pass,Pass,Pass,Pass,Pass,Pass,Pass,Pass,Pass,Pass,Pass,Pass,Pass,Pass,Pass,Pass,Pass,Pass,Pass,Pass,Pass,Pass,Pass,Pass,Pass,Pass,Skip,Pass,
05-28-2016,02:51:20,45.7,1,171680055506,PASS,Pass,Pass,Pass,Pass,Pass,Pass,Pass,Pass,Skip,Pass,Pass,Pass,Pass,Pass,Pass,Pass,Pass,Pass,Pass,Pass,Pass,Pass,Pass,Pass,Pass,Pass,Pass,Pass,Pass,Pass,Pass,Pass,Pass,Pass,Pass,Pass,Pass,Pass,Pass,Skip,Pass,
05-28-2016,02:51:58,46.3,3,171680055471,PASS,Pass,Pass,Pass,Pass,Pass,Pass,Pass,Pass,Skip,Pass,Pass,Pass,Pass,Pass,Pass,Pass,Pass,Pass,Pass,Pass,Pass,Pass,Pass,Pass,Pass,Pass,Pass,Pass,Pass,Pass,Pass,Pass,Pass,Pass,Pass,Pass,Pass,Pass,Pass,Skip,Pass,
05-28-2016,02:52:08,45.0,5,171680055472,PASS,Pass,Pass,Pass,Pass,Pass,Pass,Pass,Pass,Skip,Pass,Pass,Pass,Pass,Pass,Pass,Pass,Pass,Pass,Pass,Pass,Pass,Pass,Pass,Pass,Pass,Pass,Pass,Pass,Pass,Pass,Pass,Pass,Pass,Pass,Pass,Pass,Pass,Pass,Pass,Skip,Pass,
05-28-2016,02:52:26,44.1,2,171680055473,PASS,Pass,Pass,Pass,Pass,Pass,Pass,Pass,Pass,Skip,Pass,Pass,Pass,Pass,Pass,Pass,Pass,Pass,Pass,Pass,Pass,Pass,Pass,Pass,Pass,Pass,Pass,Pass,Pass,Pass,Pass,Pass,Pass,Pass,Pass,Pass,Pass,Pass,Pass,Pass,Skip,Pass,
05-28-2016,02:52:52,44.4,4,171680055474,PASS,Pass,Pass,Pass,Pass,Pass,Pass,Pass,Pass,Skip,Pass,Pass,Pass,Pass,Pass,Pass,Pass,Pass,Pass,Pass,Pass,Pass,Pass,Pass,Pass,Pass,Pass,Pass,Pass,Pass,Pass,Pass,Pass,Pass,Pass,Pass,Pass,Pass,Pass,Pass,Skip,Pass,
05-28-2016,02:53:31,45.0,1,171680055476,PASS,Pass,Pass,Pass,Pass,Pass,Pass,Pass,Pass,Skip,Pass,Pass,Pass,Pass,Pass,Pass,Pass,Pass,Pass,Pass,Pass,Pass,Pass,Pass,Pass,Pass,Pass,Pass,Pass,Pass,Pass,Pass,Pass,Pass,Pass,Pass,Pass,Pass,Pass,Pass,Skip,Pass,
05-28-2016,02:53:52,45.4,3,171680055481,PASS,Pass,Pass,Pass,Pass,Pass,Pass,Pass,Pass,Skip,Pass,Pass,Pass,Pass,Pass,Pass,Pass,Pass,Pass,Pass,Pass,Pass,Pass,Pass,Pass,Pass,Pass,Pass,Pass,Pass,Pass,Pass,Pass,Pass,Pass,Pass,Pass,Pass,Pass,Pass,Skip,Pass,
05-28-2016,02:54:13,45.7,5,171680055482,PASS,Pass,Pass,Pass,Pass,Pass,Pass,Pass,Pass,Skip,Pass,Pass,Pass,Pass,Pass,Pass,Pass,Pass,Pass,Pass,Pass,Pass,Pass,Pass,Pass,Pass,Pass,Pass,Pass,Pass,Pass,Pass,Pass,Pass,Pass,Pass,Pass,Pass,Pass,Pass,Skip,Pass,
05-28-2016,02:54:37,46.4,2,171680055483,PASS,Pass,Pass,Pass,Pass,Pass,Pass,Pass,Pass,Skip,Pass,Pass,Pass,Pass,Pass,Pass,Pass,Pass,Pass,Pass,Pass,Pass,Pass,Pass,Pass,Pass,Pass,Pass,Pass,Pass,Pass,Pass,Pass,Pass,Pass,Pass,Pass,Pass,Pass,Pass,Skip,Pass,
05-28-2016,02:55:00,44.8,4,171680055484,PASS,Pass,Pass,Pass,Pass,Pass,Pass,Pass,Pass,Skip,Pass,Pass,Pass,Pass,Pass,Pass,Pass,Pass,Pass,Pass,Pass,Pass,Pass,Pass,Pass,Pass,Pass,Pass,Pass,Pass,Pass,Pass,Pass,Pass,Pass,Pass,Pass,Pass,Pass,Pass,Skip,Pass,
05-28-2016,02:55:15,46.5,6,171680055485,PASS,Pass,Pass,Pass,Pass,Pass,Pass,Pass,Pass,Skip,Pass,Pass,Pass,Pass,Pass,Pass,Pass,Pass,Pass,Pass,Pass,Pass,Pass,Pass,Pass,Pass,Pass,Pass,Pass,Pass,Pass,Pass,Pass,Pass,Pass,Pass,Pass,Pass,Pass,Pass,Skip,Pass,
05-28-2016,02:55:31,45.2,1,171680055486,PASS,Pass,Pass,Pass,Pass,Pass,Pass,Pass,Pass,Skip,Pass,Pass,Pass,Pass,Pass,Pass,Pass,Pass,Pass,Pass,Pass,Pass,Pass,Pass,Pass,Pass,Pass,Pass,Pass,Pass,Pass,Pass,Pass,Pass,Pass,Pass,Pass,Pass,Pass,Pass,Skip,Pass,
05-28-2016,02:55:52,46.4,3,171680055651,PASS,Pass,Pass,Pass,Pass,Pass,Pass,Pass,Pass,Skip,Pass,Pass,Pass,Pass,Pass,Pass,Pass,Pass,Pass,Pass,Pass,Pass,Pass,Pass,Pass,Pass,Pass,Pass,Pass,Pass,Pass,Pass,Pass,Pass,Pass,Pass,Pass,Pass,Pass,Pass,Skip,Pass,
05-28-2016,02:56:13,47.1,5,171680055652,PASS,Pass,Pass,Pass,Pass,Pass,Pass,Pass,Pass,Skip,Pass,Pass,Pass,Pass,Pass,Pass,Pass,Pass,Pass,Pass,Pass,Pass,Pass,Pass,Pass,Pass,Pass,Pass,Pass,Pass,Pass,Pass,Pass,Pass,Pass,Pass,Pass,Pass,Pass,Pass,Skip,Pass,
05-28-2016,02:56:39,49.3,2,171680055653,PASS,Pass,Pass,Pass,Pass,Pass,Pass,Pass,Pass,Skip,Pass,Pass,Pass,Pass,Pass,Pass,Pass,Pass,Pass,Pass,Pass,Pass,Pass,Pass,Pass,Pass,Pass,Pass,Pass,Pass,Pass,Pass,Pass,Pass,Pass,Pass,Pass,Pass,Pass,Pass,Skip,Pass,
05-28-2016,02:56:50,44.2,4,171680055654,PASS,Pass,Pass,Pass,Pass,Pass,Pass,Pass,Pass,Skip,Pass,Pass,Pass,Pass,Pass,Pass,Pass,Pass,Pass,Pass,Pass,Pass,Pass,Pass,Pass,Pass,Pass,Pass,Pass,Pass,Pass,Pass,Pass,Pass,Pass,Pass,Pass,Pass,Pass,Pass,Skip,Pass,
05-28-2016,02:57:12,45.9,6,171680055655,PASS,Pass,Pass,Pass,Pass,Pass,Pass,Pass,Pass,Skip,Pass,Pass,Pass,Pass,Pass,Pass,Pass,Pass,Pass,Pass,Pass,Pass,Pass,Pass,Pass,Pass,Pass,Pass,Pass,Pass,Pass,Pass,Pass,Pass,Pass,Pass,Pass,Pass,Pass,Pass,Skip,Pass,
05-28-2016,02:57:34,49.1,1,171680055656,PASS,Pass,Pass,Pass,Pass,Pass,Pass,Pass,Pass,Skip,Pass,Pass,Pass,Pass,Pass,Pass,Pass,Pass,Pass,Pass,Pass,Pass,Pass,Pass,Pass,Pass,Pass,Pass,Pass,Pass,Pass,Pass,Pass,Pass,Pass,Pass,Pass,Pass,Pass,Pass,Skip,Pass,
05-28-2016,02:58:02,48.0,3,171680055661,PASS,Pass,Pass,Pass,Pass,Pass,Pass,Pass,Pass,Skip,Pass,Pass,Pass,Pass,Pass,Pass,Pass,Pass,Pass,Pass,Pass,Pass,Pass,Pass,Pass,Pass,Pass,Pass,Pass,Pass,Pass,Pass,Pass,Pass,Pass,Pass,Pass,Pass,Pass,Pass,Skip,Pass,
05-28-2016,02:58:41,50.7,5,171680055662,PASS,Pass,Pass,Pass,Pass,Pass,Pass,Pass,Pass,Skip,Pass,Pass,Pass,Pass,Pass,Pass,Pass,Pass,Pass,Pass,Pass,Pass,Pass,Pass,Pass,Pass,Pass,Pass,Pass,Pass,Pass,Pass,Pass,Pass,Pass,Pass,Pass,Pass,Pass,Pass,Skip,Pass,
05-28-2016,02:58:52,45.9,2,171680055663,PASS,Pass,Pass,Pass,Pass,Pass,Pass,Pass,Pass,Skip,Pass,Pass,Pass,Pass,Pass,Pass,Pass,Pass,Pass,Pass,Pass,Pass,Pass,Pass,Pass,Pass,Pass,Pass,Pass,Pass,Pass,Pass,Pass,Pass,Pass,Pass,Pass,Pass,Pass,Pass,Skip,Pass,
05-28-2016,02:59:06,46.4,4,171680055664,PASS,Pass,Pass,Pass,Pass,Pass,Pass,Pass,Pass,Skip,Pass,Pass,Pass,Pass,Pass,Pass,Pass,Pass,Pass,Pass,Pass,Pass,Pass,Pass,Pass,Pass,Pass,Pass,Pass,Pass,Pass,Pass,Pass,Pass,Pass,Pass,Pass,Pass,Pass,Pass,Skip,Pass,
05-28-2016,02:59:32,50.5,6,171680055665,PASS,Pass,Pass,Pass,Pass,Pass,Pass,Pass,Pass,Skip,Pass,Pass,Pass,Pass,Pass,Pass,Pass,Pass,Pass,Pass,Pass,Pass,Pass,Pass,Pass,Pass,Pass,Pass,Pass,Pass,Pass,Pass,Pass,Pass,Pass,Pass,Pass,Pass,Pass,Pass,Skip,Pass,
05-28-2016,03:35:42,45.0,1,171680055666,PASS,Pass,Pass,Pass,Pass,Pass,Pass,Pass,Pass,Skip,Pass,Pass,Pass,Pass,Pass,Pass,Pass,Pass,Pass,Pass,Pass,Pass,Pass,Pass,Pass,Pass,Pass,Pass,Pass,Pass,Pass,Pass,Pass,Pass,Pass,Pass,Pass,Pass,Pass,Pass,Skip,Pass,
05-28-2016,03:35:47,46.5,3,171680055671,PASS,Pass,Pass,Pass,Pass,Pass,Pass,Pass,Pass,Skip,Pass,Pass,Pass,Pass,Pass,Pass,Pass,Pass,Pass,Pass,Pass,Pass,Pass,Pass,Pass,Pass,Pass,Pass,Pass,Pass,Pass,Pass,Pass,Pass,Pass,Pass,Pass,Pass,Pass,Pass,Skip,Pass,
05-28-2016,03:36:33,45.8,5,171680055672,PASS,Pass,Pass,Pass,Pass,Pass,Pass,Pass,Pass,Skip,Pass,Pass,Pass,Pass,Pass,Pass,Pass,Pass,Pass,Pass,Pass,Pass,Pass,Pass,Pass,Pass,Pass,Pass,Pass,Pass,Pass,Pass,Pass,Pass,Pass,Pass,Pass,Pass,Pass,Pass,Skip,Pass,
05-28-2016,03:36:53,47.0,2,171680055673,PASS,Pass,Pass,Pass,Pass,Pass,Pass,Pass,Pass,Skip,Pass,Pass,Pass,Pass,Pass,Pass,Pass,Pass,Pass,Pass,Pass,Pass,Pass,Pass,Pass,Pass,Pass,Pass,Pass,Pass,Pass,Pass,Pass,Pass,Pass,Pass,Pass,Pass,Pass,Pass,Skip,Pass,
05-28-2016,03:37:12,45.9,4,171680055674,PASS,Pass,Pass,Pass,Pass,Pass,Pass,Pass,Pass,Skip,Pass,Pass,Pass,Pass,Pass,Pass,Pass,Pass,Pass,Pass,Pass,Pass,Pass,Pass,Pass,Pass,Pass,Pass,Pass,Pass,Pass,Pass,Pass,Pass,Pass,Pass,Pass,Pass,Pass,Pass,Skip,Pass,
05-28-2016,03:37:31,45.7,6,171680055675,PASS,Pass,Pass,Pass,Pass,Pass,Pass,Pass,Pass,Skip,Pass,Pass,Pass,Pass,Pass,Pass,Pass,Pass,Pass,Pass,Pass,Pass,Pass,Pass,Pass,Pass,Pass,Pass,Pass,Pass,Pass,Pass,Pass,Pass,Pass,Pass,Pass,Pass,Pass,Pass,Skip,Pass,
05-28-2016,03:37:56,49.2,1,171680055676,PASS,Pass,Pass,Pass,Pass,Pass,Pass,Pass,Pass,Skip,Pass,Pass,Pass,Pass,Pass,Pass,Pass,Pass,Pass,Pass,Pass,Pass,Pass,Pass,Pass,Pass,Pass,Pass,Pass,Pass,Pass,Pass,Pass,Pass,Pass,Pass,Pass,Pass,Pass,Pass,Skip,Pass,
05-28-2016,03:38:13,47.2,3,171680055681,PASS,Pass,Pass,Pass,Pass,Pass,Pass,Pass,Pass,Skip,Pass,Pass,Pass,Pass,Pass,Pass,Pass,Pass,Pass,Pass,Pass,Pass,Pass,Pass,Pass,Pass,Pass,Pass,Pass,Pass,Pass,Pass,Pass,Pass,Pass,Pass,Pass,Pass,Pass,Pass,Skip,Pass,
05-28-2016,03:38:41,56.2,5,171680055682,PASS,Pass,Pass,Pass,Pass,Pass,Pass,Pass,Pass,Skip,Pass,Pass,Pass,Pass,Pass,Pass,Pass,Pass,Pass,Pass,Pass,Pass,Pass,Pass,Pass,Pass,Pass,Pass,Pass,Pass,Pass,Pass,Pass,Pass,Pass,Pass,Pass,Pass,Pass,Pass,Skip,Pass,
05-28-2016,03:38:52,46.1,2,171680055683,PASS,Pass,Pass,Pass,Pass,Pass,Pass,Pass,Pass,Skip,Pass,Pass,Pass,Pass,Pass,Pass,Pass,Pass,Pass,Pass,Pass,Pass,Pass,Pass,Pass,Pass,Pass,Pass,Pass,Pass,Pass,Pass,Pass,Pass,Pass,Pass,Pass,Pass,Pass,Pass,Skip,Pass,
05-28-2016,03:39:09,44.1,4,171680055684,PASS,Pass,Pass,Pass,Pass,Pass,Pass,Pass,Pass,Skip,Pass,Pass,Pass,Pass,Pass,Pass,Pass,Pass,Pass,Pass,Pass,Pass,Pass,Pass,Pass,Pass,Pass,Pass,Pass,Pass,Pass,Pass,Pass,Pass,Pass,Pass,Pass,Pass,Pass,Pass,Skip,Pass,
05-28-2016,03:39:37,49.8,6,171680055685,PASS,Pass,Pass,Pass,Pass,Pass,Pass,Pass,Pass,Skip,Pass,Pass,Pass,Pass,Pass,Pass,Pass,Pass,Pass,Pass,Pass,Pass,Pass,Pass,Pass,Pass,Pass,Pass,Pass,Pass,Pass,Pass,Pass,Pass,Pass,Pass,Pass,Pass,Pass,Pass,Skip,Pass,
05-28-2016,03:39:58,47.8,1,171680055686,PASS,Pass,Pass,Pass,Pass,Pass,Pass,Pass,Pass,Skip,Pass,Pass,Pass,Pass,Pass,Pass,Pass,Pass,Pass,Pass,Pass,Pass,Pass,Pass,Pass,Pass,Pass,Pass,Pass,Pass,Pass,Pass,Pass,Pass,Pass,Pass,Pass,Pass,Pass,Pass,Skip,Pass,
05-28-2016,03:40:14,46.4,3,171680055491,PASS,Pass,Pass,Pass,Pass,Pass,Pass,Pass,Pass,Skip,Pass,Pass,Pass,Pass,Pass,Pass,Pass,Pass,Pass,Pass,Pass,Pass,Pass,Pass,Pass,Pass,Pass,Pass,Pass,Pass,Pass,Pass,Pass,Pass,Pass,Pass,Pass,Pass,Pass,Pass,Skip,Pass,
05-28-2016,03:40:31,45.2,5,171680055492,PASS,Pass,Pass,Pass,Pass,Pass,Pass,Pass,Pass,Skip,Pass,Pass,Pass,Pass,Pass,Pass,Pass,Pass,Pass,Pass,Pass,Pass,Pass,Pass,Pass,Pass,Pass,Pass,Pass,Pass,Pass,Pass,Pass,Pass,Pass,Pass,Pass,Pass,Pass,Pass,Skip,Pass,
05-28-2016,03:40:55,48.1,2,171680055493,PASS,Pass,Pass,Pass,Pass,Pass,Pass,Pass,Pass,Skip,Pass,Pass,Pass,Pass,Pass,Pass,Pass,Pass,Pass,Pass,Pass,Pass,Pass,Pass,Pass,Pass,Pass,Pass,Pass,Pass,Pass,Pass,Pass,Pass,Pass,Pass,Pass,Pass,Pass,Pass,Skip,Pass,
05-28-2016,03:41:14,47.3,4,171680055494,PASS,Pass,Pass,Pass,Pass,Pass,Pass,Pass,Pass,Skip,Pass,Pass,Pass,Pass,Pass,Pass,Pass,Pass,Pass,Pass,Pass,Pass,Pass,Pass,Pass,Pass,Pass,Pass,Pass,Pass,Pass,Pass,Pass,Pass,Pass,Pass,Pass,Pass,Pass,Pass,Skip,Pass,
05-28-2016,03:41:29,45.1,6,171680055495,PASS,Pass,Pass,Pass,Pass,Pass,Pass,Pass,Pass,Skip,Pass,Pass,Pass,Pass,Pass,Pass,Pass,Pass,Pass,Pass,Pass,Pass,Pass,Pass,Pass,Pass,Pass,Pass,Pass,Pass,Pass,Pass,Pass,Pass,Pass,Pass,Pass,Pass,Pass,Pass,Skip,Pass,
05-28-2016,03:42:20,45.9,1,171680055496,PASS,Pass,Pass,Pass,Pass,Pass,Pass,Pass,Pass,Skip,Pass,Pass,Pass,Pass,Pass,Pass,Pass,Pass,Pass,Pass,Pass,Pass,Pass,Pass,Pass,Pass,Pass,Pass,Pass,Pass,Pass,Pass,Pass,Pass,Pass,Pass,Pass,Pass,Pass,Pass,Skip,Pass,
05-28-2016,03:42:58,46.8,3,171680055701,PASS,Pass,Pass,Pass,Pass,Pass,Pass,Pass,Pass,Skip,Pass,Pass,Pass,Pass,Pass,Pass,Pass,Pass,Pass,Pass,Pass,Pass,Pass,Pass,Pass,Pass,Pass,Pass,Pass,Pass,Pass,Pass,Pass,Pass,Pass,Pass,Pass,Pass,Pass,Pass,Skip,Pass,
05-28-2016,03:43:24,52.3,5,171680055702,PASS,Pass,Pass,Pass,Pass,Pass,Pass,Pass,Pass,Skip,Pass,Pass,Pass,Pass,Pass,Pass,Pass,Pass,Pass,Pass,Pass,Pass,Pass,Pass,Pass,Pass,Pass,Pass,Pass,Pass,Pass,Pass,Pass,Pass,Pass,Pass,Pass,Pass,Pass,Pass,Skip,Pass,
05-28-2016,03:43:43,49.8,2,171680055703,PASS,Pass,Pass,Pass,Pass,Pass,Pass,Pass,Pass,Skip,Pass,Pass,Pass,Pass,Pass,Pass,Pass,Pass,Pass,Pass,Pass,Pass,Pass,Pass,Pass,Pass,Pass,Pass,Pass,Pass,Pass,Pass,Pass,Pass,Pass,Pass,Pass,Pass,Pass,Pass,Skip,Pass,
05-28-2016,03:43:53,45.5,4,171680055704,PASS,Pass,Pass,Pass,Pass,Pass,Pass,Pass,Pass,Skip,Pass,Pass,Pass,Pass,Pass,Pass,Pass,Pass,Pass,Pass,Pass,Pass,Pass,Pass,Pass,Pass,Pass,Pass,Pass,Pass,Pass,Pass,Pass,Pass,Pass,Pass,Pass,Pass,Pass,Pass,Skip,Pass,
05-28-2016,03:44:21,54.4,6,171680055705,PASS,Pass,Pass,Pass,Pass,Pass,Pass,Pass,Pass,Skip,Pass,Pass,Pass,Pass,Pass,Pass,Pass,Pass,Pass,Pass,Pass,Pass,Pass,Pass,Pass,Pass,Pass,Pass,Pass,Pass,Pass,Pass,Pass,Pass,Pass,Pass,Pass,Pass,Pass,Pass,Skip,Pass,
05-28-2016,03:45:02,51.4,1,171680055706,PASS,Pass,Pass,Pass,Pass,Pass,Pass,Pass,Pass,Skip,Pass,Pass,Pass,Pass,Pass,Pass,Pass,Pass,Pass,Pass,Pass,Pass,Pass,Pass,Pass,Pass,Pass,Pass,Pass,Pass,Pass,Pass,Pass,Pass,Pass,Pass,Pass,Pass,Pass,Pass,Skip,Pass,
05-28-2016,03:45:18,45.7,3,171680055711,PASS,Pass,Pass,Pass,Pass,Pass,Pass,Pass,Pass,Skip,Pass,Pass,Pass,Pass,Pass,Pass,Pass,Pass,Pass,Pass,Pass,Pass,Pass,Pass,Pass,Pass,Pass,Pass,Pass,Pass,Pass,Pass,Pass,Pass,Pass,Pass,Pass,Pass,Pass,Pass,Skip,Pass,
05-28-2016,03:45:39,48.7,5,171680055712,PASS,Pass,Pass,Pass,Pass,Pass,Pass,Pass,Pass,Skip,Pass,Pass,Pass,Pass,Pass,Pass,Pass,Pass,Pass,Pass,Pass,Pass,Pass,Pass,Pass,Pass,Pass,Pass,Pass,Pass,Pass,Pass,Pass,Pass,Pass,Pass,Pass,Pass,Pass,Pass,Skip,Pass,
05-28-2016,03:46:01,51.6,2,171680055713,PASS,Pass,Pass,Pass,Pass,Pass,Pass,Pass,Pass,Skip,Pass,Pass,Pass,Pass,Pass,Pass,Pass,Pass,Pass,Pass,Pass,Pass,Pass,Pass,Pass,Pass,Pass,Pass,Pass,Pass,Pass,Pass,Pass,Pass,Pass,Pass,Pass,Pass,Pass,Pass,Skip,Pass,
05-28-2016,03:46:19,50.8,4,171680055714,PASS,Pass,Pass,Pass,Pass,Pass,Pass,Pass,Pass,Skip,Pass,Pass,Pass,Pass,Pass,Pass,Pass,Pass,Pass,Pass,Pass,Pass,Pass,Pass,Pass,Pass,Pass,Pass,Pass,Pass,Pass,Pass,Pass,Pass,Pass,Pass,Pass,Pass,Pass,Pass,Skip,Pass,
05-28-2016,03:46:36,47.8,6,171680055715,PASS,Pass,Pass,Pass,Pass,Pass,Pass,Pass,Pass,Skip,Pass,Pass,Pass,Pass,Pass,Pass,Pass,Pass,Pass,Pass,Pass,Pass,Pass,Pass,Pass,Pass,Pass,Pass,Pass,Pass,Pass,Pass,Pass,Pass,Pass,Pass,Pass,Pass,Pass,Pass,Skip,Pass,
05-28-2016,03:46:56,49.2,1,171680055716,PASS,Pass,Pass,Pass,Pass,Pass,Pass,Pass,Pass,Skip,Pass,Pass,Pass,Pass,Pass,Pass,Pass,Pass,Pass,Pass,Pass,Pass,Pass,Pass,Pass,Pass,Pass,Pass,Pass,Pass,Pass,Pass,Pass,Pass,Pass,Pass,Pass,Pass,Pass,Pass,Skip,Pass,
05-28-2016,03:47:24,57.3,3,171680055691,PASS,Pass,Pass,Pass,Pass,Pass,Pass,Pass,Pass,Skip,Pass,Pass,Pass,Pass,Pass,Pass,Pass,Pass,Pass,Pass,Pass,Pass,Pass,Pass,Pass,Pass,Pass,Pass,Pass,Pass,Pass,Pass,Pass,Pass,Pass,Pass,Pass,Pass,Pass,Pass,Skip,Pass,
05-28-2016,03:47:50,52.9,5,171680055692,PASS,Pass,Pass,Pass,Pass,Pass,Pass,Pass,Pass,Skip,Pass,Pass,Pass,Pass,Pass,Pass,Pass,Pass,Pass,Pass,Pass,Pass,Pass,Pass,Pass,Pass,Pass,Pass,Pass,Pass,Pass,Pass,Pass,Pass,Pass,Pass,Pass,Pass,Pass,Pass,Skip,Pass,
05-28-2016,03:48:18,46.5,2,171680055693,PASS,Pass,Pass,Pass,Pass,Pass,Pass,Pass,Pass,Skip,Pass,Pass,Pass,Pass,Pass,Pass,Pass,Pass,Pass,Pass,Pass,Pass,Pass,Pass,Pass,Pass,Pass,Pass,Pass,Pass,Pass,Pass,Pass,Pass,Pass,Pass,Pass,Pass,Pass,Pass,Skip,Pass,
05-28-2016,03:48:49,49.6,4,171680055694,PASS,Pass,Pass,Pass,Pass,Pass,Pass,Pass,Pass,Skip,Pass,Pass,Pass,Pass,Pass,Pass,Pass,Pass,Pass,Pass,Pass,Pass,Pass,Pass,Pass,Pass,Pass,Pass,Pass,Pass,Pass,Pass,Pass,Pass,Pass,Pass,Pass,Pass,Pass,Pass,Skip,Pass,
05-28-2016,03:49:04,57.7,6,171680055695,PASS,Pass,Pass,Pass,Pass,Pass,Pass,Pass,Pass,Skip,Pass,Pass,Pass,Pass,Pass,Pass,Pass,Pass,Pass,Pass,Pass,Pass,Pass,Pass,Pass,Pass,Pass,Pass,Pass,Pass,Pass,Pass,Pass,Pass,Pass,Pass,Pass,Pass,Pass,Pass,Skip,Pass,
05-28-2016,03:49:23,51.1,1,171680055696,PASS,Pass,Pass,Pass,Pass,Pass,Pass,Pass,Pass,Skip,Pass,Pass,Pass,Pass,Pass,Pass,Pass,Pass,Pass,Pass,Pass,Pass,Pass,Pass,Pass,Pass,Pass,Pass,Pass,Pass,Pass,Pass,Pass,Pass,Pass,Pass,Pass,Pass,Pass,Pass,Skip,Pass,
05-28-2016,03:49:37,45.7,3,171680055721,PASS,Pass,Pass,Pass,Pass,Pass,Pass,Pass,Pass,Skip,Pass,Pass,Pass,Pass,Pass,Pass,Pass,Pass,Pass,Pass,Pass,Pass,Pass,Pass,Pass,Pass,Pass,Pass,Pass,Pass,Pass,Pass,Pass,Pass,Pass,Pass,Pass,Pass,Pass,Pass,Skip,Pass,
05-28-2016,03:50:01,48.4,5,171680055722,PASS,Pass,Pass,Pass,Pass,Pass,Pass,Pass,Pass,Skip,Pass,Pass,Pass,Pass,Pass,Pass,Pass,Pass,Pass,Pass,Pass,Pass,Pass,Pass,Pass,Pass,Pass,Pass,Pass,Pass,Pass,Pass,Pass,Pass,Pass,Pass,Pass,Pass,Pass,Pass,Skip,Pass,
05-28-2016,03:50:21,48.5,2,171680055723,PASS,Pass,Pass,Pass,Pass,Pass,Pass,Pass,Pass,Skip,Pass,Pass,Pass,Pass,Pass,Pass,Pass,Pass,Pass,Pass,Pass,Pass,Pass,Pass,Pass,Pass,Pass,Pass,Pass,Pass,Pass,Pass,Pass,Pass,Pass,Pass,Pass,Pass,Pass,Pass,Skip,Pass,
05-28-2016,03:50:42,50.8,4,171680055724,PASS,Pass,Pass,Pass,Pass,Pass,Pass,Pass,Pass,Skip,Pass,Pass,Pass,Pass,Pass,Pass,Pass,Pass,Pass,Pass,Pass,Pass,Pass,Pass,Pass,Pass,Pass,Pass,Pass,Pass,Pass,Pass,Pass,Pass,Pass,Pass,Pass,Pass,Pass,Pass,Skip,Pass,
05-28-2016,03:51:03,50.7,6,171680055725,PASS,Pass,Pass,Pass,Pass,Pass,Pass,Pass,Pass,Skip,Pass,Pass,Pass,Pass,Pass,Pass,Pass,Pass,Pass,Pass,Pass,Pass,Pass,Pass,Pass,Pass,Pass,Pass,Pass,Pass,Pass,Pass,Pass,Pass,Pass,Pass,Pass,Pass,Pass,Pass,Skip,Pass,
05-28-2016,03:51:18,45.8,1,171680055726,PASS,Pass,Pass,Pass,Pass,Pass,Pass,Pass,Pass,Skip,Pass,Pass,Pass,Pass,Pass,Pass,Pass,Pass,Pass,Pass,Pass,Pass,Pass,Pass,Pass,Pass,Pass,Pass,Pass,Pass,Pass,Pass,Pass,Pass,Pass,Pass,Pass,Pass,Pass,Pass,Skip,Pass,
05-28-2016,03:51:38,47.5,3,171680055361,PASS,Pass,Pass,Pass,Pass,Pass,Pass,Pass,Pass,Skip,Pass,Pass,Pass,Pass,Pass,Pass,Pass,Pass,Pass,Pass,Pass,Pass,Pass,Pass,Pass,Pass,Pass,Pass,Pass,Pass,Pass,Pass,Pass,Pass,Pass,Pass,Pass,Pass,Pass,Pass,Skip,Pass,
05-28-2016,03:52:09,44.9,5,171680055362,PASS,Pass,Pass,Pass,Pass,Pass,Pass,Pass,Pass,Skip,Pass,Pass,Pass,Pass,Pass,Pass,Pass,Pass,Pass,Pass,Pass,Pass,Pass,Pass,Pass,Pass,Pass,Pass,Pass,Pass,Pass,Pass,Pass,Pass,Pass,Pass,Pass,Pass,Pass,Pass,Skip,Pass,
05-28-2016,03:52:24,51.5,2,171680055363,PASS,Pass,Pass,Pass,Pass,Pass,Pass,Pass,Pass,Skip,Pass,Pass,Pass,Pass,Pass,Pass,Pass,Pass,Pass,Pass,Pass,Pass,Pass,Pass,Pass,Pass,Pass,Pass,Pass,Pass,Pass,Pass,Pass,Pass,Pass,Pass,Pass,Pass,Pass,Pass,Skip,Pass,
05-28-2016,03:52:37,46.3,4,171680055364,PASS,Pass,Pass,Pass,Pass,Pass,Pass,Pass,Pass,Skip,Pass,Pass,Pass,Pass,Pass,Pass,Pass,Pass,Pass,Pass,Pass,Pass,Pass,Pass,Pass,Pass,Pass,Pass,Pass,Pass,Pass,Pass,Pass,Pass,Pass,Pass,Pass,Pass,Pass,Pass,Skip,Pass,
05-28-2016,03:52:57,46.0,6,171680055365,PASS,Pass,Pass,Pass,Pass,Pass,Pass,Pass,Pass,Skip,Pass,Pass,Pass,Pass,Pass,Pass,Pass,Pass,Pass,Pass,Pass,Pass,Pass,Pass,Pass,Pass,Pass,Pass,Pass,Pass,Pass,Pass,Pass,Pass,Pass,Pass,Pass,Pass,Pass,Pass,Skip,Pass,
05-28-2016,03:53:12,46.6,1,171680055366,PASS,Pass,Pass,Pass,Pass,Pass,Pass,Pass,Pass,Skip,Pass,Pass,Pass,Pass,Pass,Pass,Pass,Pass,Pass,Pass,Pass,Pass,Pass,Pass,Pass,Pass,Pass,Pass,Pass,Pass,Pass,Pass,Pass,Pass,Pass,Pass,Pass,Pass,Pass,Pass,Skip,Pass,
05-28-2016,03:53:37,44.9,3,171680055611,PASS,Pass,Pass,Pass,Pass,Pass,Pass,Pass,Pass,Skip,Pass,Pass,Pass,Pass,Pass,Pass,Pass,Pass,Pass,Pass,Pass,Pass,Pass,Pass,Pass,Pass,Pass,Pass,Pass,Pass,Pass,Pass,Pass,Pass,Pass,Pass,Pass,Pass,Pass,Pass,Skip,Pass,
05-28-2016,03:53:56,44.9,5,171680055612,PASS,Pass,Pass,Pass,Pass,Pass,Pass,Pass,Pass,Skip,Pass,Pass,Pass,Pass,Pass,Pass,Pass,Pass,Pass,Pass,Pass,Pass,Pass,Pass,Pass,Pass,Pass,Pass,Pass,Pass,Pass,Pass,Pass,Pass,Pass,Pass,Pass,Pass,Pass,Pass,Skip,Pass,
05-28-2016,03:54:13,47.9,2,171680055613,PASS,Pass,Pass,Pass,Pass,Pass,Pass,Pass,Pass,Skip,Pass,Pass,Pass,Pass,Pass,Pass,Pass,Pass,Pass,Pass,Pass,Pass,Pass,Pass,Pass,Pass,Pass,Pass,Pass,Pass,Pass,Pass,Pass,Pass,Pass,Pass,Pass,Pass,Pass,Pass,Skip,Pass,
05-28-2016,03:54:49,46.3,3,171680055614,PASS,Pass,Pass,Pass,Pass,Pass,Pass,Pass,Pass,Skip,Pass,Pass,Pass,Pass,Pass,Pass,Pass,Pass,Pass,Pass,Pass,Pass,Pass,Pass,Pass,Pass,Pass,Pass,Pass,Pass,Pass,Pass,Pass,Pass,Pass,Pass,Pass,Pass,Pass,Pass,Skip,Pass,
05-28-2016,03:55:27,46.2,2,171680055615,PASS,Pass,Pass,Pass,Pass,Pass,Pass,Pass,Pass,Skip,Pass,Pass,Pass,Pass,Pass,Pass,Pass,Pass,Pass,Pass,Pass,Pass,Pass,Pass,Pass,Pass,Pass,Pass,Pass,Pass,Pass,Pass,Pass,Pass,Pass,Pass,Pass,Pass,Pass,Pass,Skip,Pass,
05-28-2016,03:55:59,56.1,4,171680055616,PASS,Pass,Pass,Pass,Pass,Pass,Pass,Pass,Pass,Skip,Pass,Pass,Pass,Pass,Pass,Pass,Pass,Pass,Pass,Pass,Pass,Pass,Pass,Pass,Pass,Pass,Pass,Pass,Pass,Pass,Pass,Pass,Pass,Pass,Pass,Pass,Pass,Pass,Pass,Pass,Skip,Pass,
05-28-2016,03:56:33,57.9,6,171680055741,PASS,Pass,Pass,Pass,Pass,Pass,Pass,Pass,Pass,Skip,Pass,Pass,Pass,Pass,Pass,Pass,Pass,Pass,Pass,Pass,Pass,Pass,Pass,Pass,Pass,Pass,Pass,Pass,Pass,Pass,Pass,Pass,Pass,Pass,Pass,Pass,Pass,Pass,Pass,Pass,Skip,Pass,
05-28-2016,03:56:40,47.8,1,171680055742,PASS,Pass,Pass,Pass,Pass,Pass,Pass,Pass,Pass,Skip,Pass,Pass,Pass,Pass,Pass,Pass,Pass,Pass,Pass,Pass,Pass,Pass,Pass,Pass,Pass,Pass,Pass,Pass,Pass,Pass,Pass,Pass,Pass,Pass,Pass,Pass,Pass,Pass,Pass,Pass,Skip,Pass,
05-28-2016,04:06:31,49.2,2,171680055743,PASS,Pass,Pass,Pass,Pass,Pass,Pass,Pass,Pass,Skip,Pass,Pass,Pass,Pass,Pass,Pass,Pass,Pass,Pass,Pass,Pass,Pass,Pass,Pass,Pass,Pass,Pass,Pass,Pass,Pass,Pass,Pass,Pass,Pass,Pass,Pass,Pass,Pass,Pass,Pass,Skip,Pass,
05-28-2016,04:06:35,50.7,4,171680055744,PASS,Pass,Pass,Pass,Pass,Pass,Pass,Pass,Pass,Skip,Pass,Pass,Pass,Pass,Pass,Pass,Pass,Pass,Pass,Pass,Pass,Pass,Pass,Pass,Pass,Pass,Pass,Pass,Pass,Pass,Pass,Pass,Pass,Pass,Pass,Pass,Pass,Pass,Pass,Pass,Skip,Pass,
05-28-2016,04:08:51,50.6,1,171680055745,PASS,Pass,Pass,Pass,Pass,Pass,Pass,Pass,Pass,Skip,Pass,Pass,Pass,Pass,Pass,Pass,Pass,Pass,Pass,Pass,Pass,Pass,Pass,Pass,Pass,Pass,Pass,Pass,Pass,Pass,Pass,Pass,Pass,Pass,Pass,Pass,Pass,Pass,Pass,Pass,Skip,Pass,
05-28-2016,04:09:21,58.1,3,171680055746,PASS,Pass,Pass,Pass,Pass,Pass,Pass,Pass,Pass,Skip,Pass,Pass,Pass,Pass,Pass,Pass,Pass,Pass,Pass,Pass,Pass,Pass,Pass,Pass,Pass,Pass,Pass,Pass,Pass,Pass,Pass,Pass,Pass,Pass,Pass,Pass,Pass,Pass,Pass,Pass,Skip,Pass,
05-28-2016,04:09:41,57.8,5,171680055751,PASS,Pass,Pass,Pass,Pass,Pass,Pass,Pass,Pass,Skip,Pass,Pass,Pass,Pass,Pass,Pass,Pass,Pass,Pass,Pass,Pass,Pass,Pass,Pass,Pass,Pass,Pass,Pass,Pass,Pass,Pass,Pass,Pass,Pass,Pass,Pass,Pass,Pass,Pass,Pass,Skip,Pass,
05-28-2016,04:09:54,55.7,2,171680055752,PASS,Pass,Pass,Pass,Pass,Pass,Pass,Pass,Pass,Skip,Pass,Pass,Pass,Pass,Pass,Pass,Pass,Pass,Pass,Pass,Pass,Pass,Pass,Pass,Pass,Pass,Pass,Pass,Pass,Pass,Pass,Pass,Pass,Pass,Pass,Pass,Pass,Pass,Pass,Pass,Skip,Pass,
05-28-2016,04:10:06,44.8,4,171680055753,PASS,Pass,Pass,Pass,Pass,Pass,Pass,Pass,Pass,Skip,Pass,Pass,Pass,Pass,Pass,Pass,Pass,Pass,Pass,Pass,Pass,Pass,Pass,Pass,Pass,Pass,Pass,Pass,Pass,Pass,Pass,Pass,Pass,Pass,Pass,Pass,Pass,Pass,Pass,Pass,Skip,Pass,
05-28-2016,04:10:34,52.9,6,171680055754,PASS,Pass,Pass,Pass,Pass,Pass,Pass,Pass,Pass,Skip,Pass,Pass,Pass,Pass,Pass,Pass,Pass,Pass,Pass,Pass,Pass,Pass,Pass,Pass,Pass,Pass,Pass,Pass,Pass,Pass,Pass,Pass,Pass,Pass,Pass,Pass,Pass,Pass,Pass,Pass,Skip,Pass,
05-28-2016,04:10:48,49.4,1,171680055755,PASS,Pass,Pass,Pass,Pass,Pass,Pass,Pass,Pass,Skip,Pass,Pass,Pass,Pass,Pass,Pass,Pass,Pass,Pass,Pass,Pass,Pass,Pass,Pass,Pass,Pass,Pass,Pass,Pass,Pass,Pass,Pass,Pass,Pass,Pass,Pass,Pass,Pass,Pass,Pass,Skip,Pass,
05-28-2016,04:11:07,48.6,3,171680055756,PASS,Pass,Pass,Pass,Pass,Pass,Pass,Pass,Pass,Skip,Pass,Pass,Pass,Pass,Pass,Pass,Pass,Pass,Pass,Pass,Pass,Pass,Pass,Pass,Pass,Pass,Pass,Pass,Pass,Pass,Pass,Pass,Pass,Pass,Pass,Pass,Pass,Pass,Pass,Pass,Skip,Pass,
05-28-2016,04:11:27,48.3,5,171680055731,PASS,Pass,Pass,Pass,Pass,Pass,Pass,Pass,Pass,Skip,Pass,Pass,Pass,Pass,Pass,Pass,Pass,Pass,Pass,Pass,Pass,Pass,Pass,Pass,Pass,Pass,Pass,Pass,Pass,Pass,Pass,Pass,Pass,Pass,Pass,Pass,Pass,Pass,Pass,Pass,Skip,Pass,
05-28-2016,04:11:45,46.6,2,171680055732,PASS,Pass,Pass,Pass,Pass,Pass,Pass,Pass,Pass,Skip,Pass,Pass,Pass,Pass,Pass,Pass,Pass,Pass,Pass,Pass,Pass,Pass,Pass,Pass,Pass,Pass,Pass,Pass,Pass,Pass,Pass,Pass,Pass,Pass,Pass,Pass,Pass,Pass,Pass,Pass,Skip,Pass,
05-28-2016,04:12:11,51.7,4,171680055733,PASS,Pass,Pass,Pass,Pass,Pass,Pass,Pass,Pass,Skip,Pass,Pass,Pass,Pass,Pass,Pass,Pass,Pass,Pass,Pass,Pass,Pass,Pass,Pass,Pass,Pass,Pass,Pass,Pass,Pass,Pass,Pass,Pass,Pass,Pass,Pass,Pass,Pass,Pass,Pass,Skip,Pass,
05-28-2016,04:12:27,47.2,6,171680055734,PASS,Pass,Pass,Pass,Pass,Pass,Pass,Pass,Pass,Skip,Pass,Pass,Pass,Pass,Pass,Pass,Pass,Pass,Pass,Pass,Pass,Pass,Pass,Pass,Pass,Pass,Pass,Pass,Pass,Pass,Pass,Pass,Pass,Pass,Pass,Pass,Pass,Pass,Pass,Pass,Skip,Pass,
05-28-2016,04:12:43,46.4,1,171680055735,PASS,Pass,Pass,Pass,Pass,Pass,Pass,Pass,Pass,Skip,Pass,Pass,Pass,Pass,Pass,Pass,Pass,Pass,Pass,Pass,Pass,Pass,Pass,Pass,Pass,Pass,Pass,Pass,Pass,Pass,Pass,Pass,Pass,Pass,Pass,Pass,Pass,Pass,Pass,Pass,Skip,Pass,
05-28-2016,04:13:08,46.4,3,171680055736,PASS,Pass,Pass,Pass,Pass,Pass,Pass,Pass,Pass,Skip,Pass,Pass,Pass,Pass,Pass,Pass,Pass,Pass,Pass,Pass,Pass,Pass,Pass,Pass,Pass,Pass,Pass,Pass,Pass,Pass,Pass,Pass,Pass,Pass,Pass,Pass,Pass,Pass,Pass,Pass,Skip,Pass,
05-28-2016,04:13:30,56.6,5,171680055791,PASS,Pass,Pass,Pass,Pass,Pass,Pass,Pass,Pass,Skip,Pass,Pass,Pass,Pass,Pass,Pass,Pass,Pass,Pass,Pass,Pass,Pass,Pass,Pass,Pass,Pass,Pass,Pass,Pass,Pass,Pass,Pass,Pass,Pass,Pass,Pass,Pass,Pass,Pass,Pass,Skip,Pass,
05-28-2016,04:13:42,48.4,2,171680055792,PASS,Pass,Pass,Pass,Pass,Pass,Pass,Pass,Pass,Skip,Pass,Pass,Pass,Pass,Pass,Pass,Pass,Pass,Pass,Pass,Pass,Pass,Pass,Pass,Pass,Pass,Pass,Pass,Pass,Pass,Pass,Pass,Pass,Pass,Pass,Pass,Pass,Pass,Pass,Pass,Skip,Pass,
05-28-2016,04:14:30,47.8,1,171680055793,PASS,Pass,Pass,Pass,Pass,Pass,Pass,Pass,Pass,Skip,Pass,Pass,Pass,Pass,Pass,Pass,Pass,Pass,Pass,Pass,Pass,Pass,Pass,Pass,Pass,Pass,Pass,Pass,Pass,Pass,Pass,Pass,Pass,Pass,Pass,Pass,Pass,Pass,Pass,Pass,Skip,Pass,
05-28-2016,04:14:38,48.0,3,171680055794,PASS,Pass,Pass,Pass,Pass,Pass,Pass,Pass,Pass,Skip,Pass,Pass,Pass,Pass,Pass,Pass,Pass,Pass,Pass,Pass,Pass,Pass,Pass,Pass,Pass,Pass,Pass,Pass,Pass,Pass,Pass,Pass,Pass,Pass,Pass,Pass,Pass,Pass,Pass,Pass,Skip,Pass,
05-28-2016,04:14:56,49.7,5,171680055795,PASS,Pass,Pass,Pass,Pass,Pass,Pass,Pass,Pass,Skip,Pass,Pass,Pass,Pass,Pass,Pass,Pass,Pass,Pass,Pass,Pass,Pass,Pass,Pass,Pass,Pass,Pass,Pass,Pass,Pass,Pass,Pass,Pass,Pass,Pass,Pass,Pass,Pass,Pass,Pass,Skip,Pass,
05-28-2016,04:15:18,47.0,2,171680055796,PASS,Pass,Pass,Pass,Pass,Pass,Pass,Pass,Pass,Skip,Pass,Pass,Pass,Pass,Pass,Pass,Pass,Pass,Pass,Pass,Pass,Pass,Pass,Pass,Pass,Pass,Pass,Pass,Pass,Pass,Pass,Pass,Pass,Pass,Pass,Pass,Pass,Pass,Pass,Pass,Skip,Pass,
05-28-2016,04:16:26,44.4,1,171680055821,PASS,Pass,Pass,Pass,Pass,Pass,Pass,Pass,Pass,Skip,Pass,Pass,Pass,Pass,Pass,Pass,Pass,Pass,Pass,Pass,Pass,Pass,Pass,Pass,Pass,Pass,Pass,Pass,Pass,Pass,Pass,Pass,Pass,Pass,Pass,Pass,Pass,Pass,Pass,Pass,Skip,Pass,
05-28-2016,04:16:59,47.1,3,171680055822,PASS,Pass,Pass,Pass,Pass,Pass,Pass,Pass,Pass,Skip,Pass,Pass,Pass,Pass,Pass,Pass,Pass,Pass,Pass,Pass,Pass,Pass,Pass,Pass,Pass,Pass,Pass,Pass,Pass,Pass,Pass,Pass,Pass,Pass,Pass,Pass,Pass,Pass,Pass,Pass,Skip,Pass,
05-28-2016,04:17:04,44.7,5,171680055823,PASS,Pass,Pass,Pass,Pass,Pass,Pass,Pass,Pass,Skip,Pass,Pass,Pass,Pass,Pass,Pass,Pass,Pass,Pass,Pass,Pass,Pass,Pass,Pass,Pass,Pass,Pass,Pass,Pass,Pass,Pass,Pass,Pass,Pass,Pass,Pass,Pass,Pass,Pass,Pass,Skip,Pass,
05-28-2016,04:17:30,51.0,2,171680055824,PASS,Pass,Pass,Pass,Pass,Pass,Pass,Pass,Pass,Skip,Pass,Pass,Pass,Pass,Pass,Pass,Pass,Pass,Pass,Pass,Pass,Pass,Pass,Pass,Pass,Pass,Pass,Pass,Pass,Pass,Pass,Pass,Pass,Pass,Pass,Pass,Pass,Pass,Pass,Pass,Skip,Pass,
05-28-2016,04:18:17,46.3,1,171680055825,PASS,Pass,Pass,Pass,Pass,Pass,Pass,Pass,Pass,Skip,Pass,Pass,Pass,Pass,Pass,Pass,Pass,Pass,Pass,Pass,Pass,Pass,Pass,Pass,Pass,Pass,Pass,Pass,Pass,Pass,Pass,Pass,Pass,Pass,Pass,Pass,Pass,Pass,Pass,Pass,Skip,Pass,
05-28-2016,04:18:33,46.5,3,171680055826,PASS,Pass,Pass,Pass,Pass,Pass,Pass,Pass,Pass,Skip,Pass,Pass,Pass,Pass,Pass,Pass,Pass,Pass,Pass,Pass,Pass,Pass,Pass,Pass,Pass,Pass,Pass,Pass,Pass,Pass,Pass,Pass,Pass,Pass,Pass,Pass,Pass,Pass,Pass,Pass,Skip,Pass,
05-28-2016,04:18:55,47.7,5,171680055831,PASS,Pass,Pass,Pass,Pass,Pass,Pass,Pass,Pass,Skip,Pass,Pass,Pass,Pass,Pass,Pass,Pass,Pass,Pass,Pass,Pass,Pass,Pass,Pass,Pass,Pass,Pass,Pass,Pass,Pass,Pass,Pass,Pass,Pass,Pass,Pass,Pass,Pass,Pass,Pass,Skip,Pass,
05-28-2016,04:19:34,46.6,1,171680055833,PASS,Pass,Pass,Pass,Pass,Pass,Pass,Pass,Pass,Skip,Pass,Pass,Pass,Pass,Pass,Pass,Pass,Pass,Pass,Pass,Pass,Pass,Pass,Pass,Pass,Pass,Pass,Pass,Pass,Pass,Pass,Pass,Pass,Pass,Pass,Pass,Pass,Pass,Pass,Pass,Skip,Pass,
05-28-2016,04:19:41,45.7,6,171680055832,PASS,Pass,Pass,Pass,Pass,Pass,Pass,Pass,Pass,Skip,Pass,Pass,Pass,Pass,Pass,Pass,Pass,Pass,Pass,Pass,Pass,Pass,Pass,Pass,Pass,Pass,Pass,Pass,Pass,Pass,Pass,Pass,Pass,Pass,Pass,Pass,Pass,Pass,Pass,Pass,Skip,Pass,
05-28-2016,04:20:55,58.0,2,171680055834,PASS,Pass,Pass,Pass,Pass,Pass,Pass,Pass,Pass,Skip,Pass,Pass,Pass,Pass,Pass,Pass,Pass,Pass,Pass,Pass,Pass,Pass,Pass,Pass,Pass,Pass,Pass,Pass,Pass,Pass,Pass,Pass,Pass,Pass,Pass,Pass,Pass,Pass,Pass,Pass,Skip,Pass,
05-28-2016,04:21:29,49.3,4,171680055835,PASS,Pass,Pass,Pass,Pass,Pass,Pass,Pass,Pass,Skip,Pass,Pass,Pass,Pass,Pass,Pass,Pass,Pass,Pass,Pass,Pass,Pass,Pass,Pass,Pass,Pass,Pass,Pass,Pass,Pass,Pass,Pass,Pass,Pass,Pass,Pass,Pass,Pass,Pass,Pass,Skip,Pass,
05-28-2016,04:21:48,49.2,6,171680055836,PASS,Pass,Pass,Pass,Pass,Pass,Pass,Pass,Pass,Skip,Pass,Pass,Pass,Pass,Pass,Pass,Pass,Pass,Pass,Pass,Pass,Pass,Pass,Pass,Pass,Pass,Pass,Pass,Pass,Pass,Pass,Pass,Pass,Pass,Pass,Pass,Pass,Pass,Pass,Pass,Skip,Pass,
05-28-2016,04:22:07,44.9,1,171680055811,PASS,Pass,Pass,Pass,Pass,Pass,Pass,Pass,Pass,Skip,Pass,Pass,Pass,Pass,Pass,Pass,Pass,Pass,Pass,Pass,Pass,Pass,Pass,Pass,Pass,Pass,Pass,Pass,Pass,Pass,Pass,Pass,Pass,Pass,Pass,Pass,Pass,Pass,Pass,Pass,Skip,Pass,
05-28-2016,04:22:21,45.7,3,171680055812,PASS,Pass,Pass,Pass,Pass,Pass,Pass,Pass,Pass,Skip,Pass,Pass,Pass,Pass,Pass,Pass,Pass,Pass,Pass,Pass,Pass,Pass,Pass,Pass,Pass,Pass,Pass,Pass,Pass,Pass,Pass,Pass,Pass,Pass,Pass,Pass,Pass,Pass,Pass,Pass,Skip,Pass,
05-28-2016,04:22:41,45.6,5,171680055813,PASS,Pass,Pass,Pass,Pass,Pass,Pass,Pass,Pass,Skip,Pass,Pass,Pass,Pass,Pass,Pass,Pass,Pass,Pass,Pass,Pass,Pass,Pass,Pass,Pass,Pass,Pass,Pass,Pass,Pass,Pass,Pass,Pass,Pass,Pass,Pass,Pass,Pass,Pass,Pass,Skip,Pass,
05-28-2016,04:23:05,47.1,2,171680055814,PASS,Pass,Pass,Pass,Pass,Pass,Pass,Pass,Pass,Skip,Pass,Pass,Pass,Pass,Pass,Pass,Pass,Pass,Pass,Pass,Pass,Pass,Pass,Pass,Pass,Pass,Pass,Pass,Pass,Pass,Pass,Pass,Pass,Pass,Pass,Pass,Pass,Pass,Pass,Pass,Skip,Pass,
05-28-2016,04:26:41,44.0,3,171680055816,PASS,Pass,Pass,Pass,Pass,Pass,Pass,Pass,Pass,Skip,Pass,Pass,Pass,Pass,Pass,Pass,Pass,Pass,Pass,Pass,Pass,Pass,Pass,Pass,Pass,Pass,Pass,Pass,Pass,Pass,Pass,Pass,Pass,Pass,Pass,Pass,Pass,Pass,Pass,Pass,Skip,Pass,
05-28-2016,04:26:43,47.2,1,171680055815,PASS,Pass,Pass,Pass,Pass,Pass,Pass,Pass,Pass,Skip,Pass,Pass,Pass,Pass,Pass,Pass,Pass,Pass,Pass,Pass,Pass,Pass,Pass,Pass,Pass,Pass,Pass,Pass,Pass,Pass,Pass,Pass,Pass,Pass,Pass,Pass,Pass,Pass,Pass,Pass,Skip,Pass,
05-28-2016,04:27:36,45.3,2,171680055781,PASS,Pass,Pass,Pass,Pass,Pass,Pass,Pass,Pass,Skip,Pass,Pass,Pass,Pass,Pass,Pass,Pass,Pass,Pass,Pass,Pass,Pass,Pass,Pass,Pass,Pass,Pass,Pass,Pass,Pass,Pass,Pass,Pass,Pass,Pass,Pass,Pass,Pass,Pass,Pass,Skip,Pass,
05-28-2016,04:28:00,49.1,4,171680055782,PASS,Pass,Pass,Pass,Pass,Pass,Pass,Pass,Pass,Skip,Pass,Pass,Pass,Pass,Pass,Pass,Pass,Pass,Pass,Pass,Pass,Pass,Pass,Pass,Pass,Pass,Pass,Pass,Pass,Pass,Pass,Pass,Pass,Pass,Pass,Pass,Pass,Pass,Pass,Pass,Skip,Pass,
05-28-2016,04:28:22,48.7,6,171680055783,PASS,Pass,Pass,Pass,Pass,Pass,Pass,Pass,Pass,Skip,Pass,Pass,Pass,Pass,Pass,Pass,Pass,Pass,Pass,Pass,Pass,Pass,Pass,Pass,Pass,Pass,Pass,Pass,Pass,Pass,Pass,Pass,Pass,Pass,Pass,Pass,Pass,Pass,Pass,Pass,Skip,Pass,
05-28-2016,04:28:37,44.7,1,171680055784,PASS,Pass,Pass,Pass,Pass,Pass,Pass,Pass,Pass,Skip,Pass,Pass,Pass,Pass,Pass,Pass,Pass,Pass,Pass,Pass,Pass,Pass,Pass,Pass,Pass,Pass,Pass,Pass,Pass,Pass,Pass,Pass,Pass,Pass,Pass,Pass,Pass,Pass,Pass,Pass,Skip,Pass,
05-28-2016,04:29:02,48.6,3,171680055785,PASS,Pass,Pass,Pass,Pass,Pass,Pass,Pass,Pass,Skip,Pass,Pass,Pass,Pass,Pass,Pass,Pass,Pass,Pass,Pass,Pass,Pass,Pass,Pass,Pass,Pass,Pass,Pass,Pass,Pass,Pass,Pass,Pass,Pass,Pass,Pass,Pass,Pass,Pass,Pass,Skip,Pass,
05-28-2016,04:29:19,47.0,5,171680055786,PASS,Pass,Pass,Pass,Pass,Pass,Pass,Pass,Pass,Skip,Pass,Pass,Pass,Pass,Pass,Pass,Pass,Pass,Pass,Pass,Pass,Pass,Pass,Pass,Pass,Pass,Pass,Pass,Pass,Pass,Pass,Pass,Pass,Pass,Pass,Pass,Pass,Pass,Pass,Pass,Skip,Pass,
05-28-2016,04:29:44,49.8,2,171680055771,PASS,Pass,Pass,Pass,Pass,Pass,Pass,Pass,Pass,Skip,Pass,Pass,Pass,Pass,Pass,Pass,Pass,Pass,Pass,Pass,Pass,Pass,Pass,Pass,Pass,Pass,Pass,Pass,Pass,Pass,Pass,Pass,Pass,Pass,Pass,Pass,Pass,Pass,Pass,Pass,Skip,Pass,
05-28-2016,04:30:02,44.3,4,171680055772,PASS,Pass,Pass,Pass,Pass,Pass,Pass,Pass,Pass,Skip,Pass,Pass,Pass,Pass,Pass,Pass,Pass,Pass,Pass,Pass,Pass,Pass,Pass,Pass,Pass,Pass,Pass,Pass,Pass,Pass,Pass,Pass,Pass,Pass,Pass,Pass,Pass,Pass,Pass,Pass,Skip,Pass,
05-28-2016,04:30:27,50.2,6,171680055773,PASS,Pass,Pass,Pass,Pass,Pass,Pass,Pass,Pass,Skip,Pass,Pass,Pass,Pass,Pass,Pass,Pass,Pass,Pass,Pass,Pass,Pass,Pass,Pass,Pass,Pass,Pass,Pass,Pass,Pass,Pass,Pass,Pass,Pass,Pass,Pass,Pass,Pass,Pass,Pass,Skip,Pass,
05-28-2016,04:30:34,46.1,1,171680055774,PASS,Pass,Pass,Pass,Pass,Pass,Pass,Pass,Pass,Skip,Pass,Pass,Pass,Pass,Pass,Pass,Pass,Pass,Pass,Pass,Pass,Pass,Pass,Pass,Pass,Pass,Pass,Pass,Pass,Pass,Pass,Pass,Pass,Pass,Pass,Pass,Pass,Pass,Pass,Pass,Skip,Pass,
05-28-2016,04:32:06,47.2,1,171680055775,PASS,Pass,Pass,Pass,Pass,Pass,Pass,Pass,Pass,Skip,Pass,Pass,Pass,Pass,Pass,Pass,Pass,Pass,Pass,Pass,Pass,Pass,Pass,Pass,Pass,Pass,Pass,Pass,Pass,Pass,Pass,Pass,Pass,Pass,Pass,Pass,Pass,Pass,Pass,Pass,Skip,Pass,
05-28-2016,04:32:21,52.0,3,171680055776,PASS,Pass,Pass,Pass,Pass,Pass,Pass,Pass,Pass,Skip,Pass,Pass,Pass,Pass,Pass,Pass,Pass,Pass,Pass,Pass,Pass,Pass,Pass,Pass,Pass,Pass,Pass,Pass,Pass,Pass,Pass,Pass,Pass,Pass,Pass,Pass,Pass,Pass,Pass,Pass,Skip,Pass,
05-28-2016,04:36:03,50.3,5,171680055841,PASS,Pass,Pass,Pass,Pass,Pass,Pass,Pass,Pass,Skip,Pass,Pass,Pass,Pass,Pass,Pass,Pass,Pass,Pass,Pass,Pass,Pass,Pass,Pass,Pass,Pass,Pass,Pass,Pass,Pass,Pass,Pass,Pass,Pass,Pass,Pass,Pass,Pass,Pass,Pass,Skip,Pass,
05-28-2016,04:36:34,47.8,2,171680055842,PASS,Pass,Pass,Pass,Pass,Pass,Pass,Pass,Pass,Skip,Pass,Pass,Pass,Pass,Pass,Pass,Pass,Pass,Pass,Pass,Pass,Pass,Pass,Pass,Pass,Pass,Pass,Pass,Pass,Pass,Pass,Pass,Pass,Pass,Pass,Pass,Pass,Pass,Pass,Pass,Skip,Pass,
05-28-2016,04:37:07,49.5,4,171680055843,PASS,Pass,Pass,Pass,Pass,Pass,Pass,Pass,Pass,Skip,Pass,Pass,Pass,Pass,Pass,Pass,Pass,Pass,Pass,Pass,Pass,Pass,Pass,Pass,Pass,Pass,Pass,Pass,Pass,Pass,Pass,Pass,Pass,Pass,Pass,Pass,Pass,Pass,Pass,Pass,Skip,Pass,
05-28-2016,04:37:29,48.7,6,171680055844,PASS,Pass,Pass,Pass,Pass,Pass,Pass,Pass,Pass,Skip,Pass,Pass,Pass,Pass,Pass,Pass,Pass,Pass,Pass,Pass,Pass,Pass,Pass,Pass,Pass,Pass,Pass,Pass,Pass,Pass,Pass,Pass,Pass,Pass,Pass,Pass,Pass,Pass,Pass,Pass,Skip,Pass,
05-28-2016,04:37:51,44.1,1,171680055845,PASS,Pass,Pass,Pass,Pass,Pass,Pass,Pass,Pass,Skip,Pass,Pass,Pass,Pass,Pass,Pass,Pass,Pass,Pass,Pass,Pass,Pass,Pass,Pass,Pass,Pass,Pass,Pass,Pass,Pass,Pass,Pass,Pass,Pass,Pass,Pass,Pass,Pass,Pass,Pass,Skip,Pass,
05-28-2016,04:38:16,48.5,3,171680055846,PASS,Pass,Pass,Pass,Pass,Pass,Pass,Pass,Pass,Skip,Pass,Pass,Pass,Pass,Pass,Pass,Pass,Pass,Pass,Pass,Pass,Pass,Pass,Pass,Pass,Pass,Pass,Pass,Pass,Pass,Pass,Pass,Pass,Pass,Pass,Pass,Pass,Pass,Pass,Pass,Skip,Pass,
05-28-2016,04:38:32,45.0,5,171680055341,PASS,Pass,Pass,Pass,Pass,Pass,Pass,Pass,Pass,Skip,Pass,Pass,Pass,Pass,Pass,Pass,Pass,Pass,Pass,Pass,Pass,Pass,Pass,Pass,Pass,Pass,Pass,Pass,Pass,Pass,Pass,Pass,Pass,Pass,Pass,Pass,Pass,Pass,Pass,Pass,Skip,Pass,
05-28-2016,04:38:53,46.6,2,171680055342,PASS,Pass,Pass,Pass,Pass,Pass,Pass,Pass,Pass,Skip,Pass,Pass,Pass,Pass,Pass,Pass,Pass,Pass,Pass,Pass,Pass,Pass,Pass,Pass,Pass,Pass,Pass,Pass,Pass,Pass,Pass,Pass,Pass,Pass,Pass,Pass,Pass,Pass,Pass,Pass,Skip,Pass,
05-28-2016,04:39:13,45.9,4,171680055343,PASS,Pass,Pass,Pass,Pass,Pass,Pass,Pass,Pass,Skip,Pass,Pass,Pass,Pass,Pass,Pass,Pass,Pass,Pass,Pass,Pass,Pass,Pass,Pass,Pass,Pass,Pass,Pass,Pass,Pass,Pass,Pass,Pass,Pass,Pass,Pass,Pass,Pass,Pass,Pass,Skip,Pass,
05-28-2016,04:39:32,44.8,6,171680055344,PASS,Pass,Pass,Pass,Pass,Pass,Pass,Pass,Pass,Skip,Pass,Pass,Pass,Pass,Pass,Pass,Pass,Pass,Pass,Pass,Pass,Pass,Pass,Pass,Pass,Pass,Pass,Pass,Pass,Pass,Pass,Pass,Pass,Pass,Pass,Pass,Pass,Pass,Pass,Pass,Skip,Pass,
05-28-2016,04:39:53,46.6,1,171680055345,PASS,Pass,Pass,Pass,Pass,Pass,Pass,Pass,Pass,Skip,Pass,Pass,Pass,Pass,Pass,Pass,Pass,Pass,Pass,Pass,Pass,Pass,Pass,Pass,Pass,Pass,Pass,Pass,Pass,Pass,Pass,Pass,Pass,Pass,Pass,Pass,Pass,Pass,Pass,Pass,Skip,Pass,
05-28-2016,04:40:13,45.8,3,171680055346,PASS,Pass,Pass,Pass,Pass,Pass,Pass,Pass,Pass,Skip,Pass,Pass,Pass,Pass,Pass,Pass,Pass,Pass,Pass,Pass,Pass,Pass,Pass,Pass,Pass,Pass,Pass,Pass,Pass,Pass,Pass,Pass,Pass,Pass,Pass,Pass,Pass,Pass,Pass,Pass,Skip,Pass,
05-28-2016,04:40:38,44.5,2,171680055221,PASS,Pass,Pass,Pass,Pass,Pass,Pass,Pass,Pass,Skip,Pass,Pass,Pass,Pass,Pass,Pass,Pass,Pass,Pass,Pass,Pass,Pass,Pass,Pass,Pass,Pass,Pass,Pass,Pass,Pass,Pass,Pass,Pass,Pass,Pass,Pass,Pass,Pass,Pass,Pass,Skip,Pass,
05-28-2016,04:40:52,45.0,5,171680055222,PASS,Pass,Pass,Pass,Pass,Pass,Pass,Pass,Pass,Skip,Pass,Pass,Pass,Pass,Pass,Pass,Pass,Pass,Pass,Pass,Pass,Pass,Pass,Pass,Pass,Pass,Pass,Pass,Pass,Pass,Pass,Pass,Pass,Pass,Pass,Pass,Pass,Pass,Pass,Pass,Skip,Pass,
05-28-2016,04:41:13,45.2,4,171680055223,PASS,Pass,Pass,Pass,Pass,Pass,Pass,Pass,Pass,Skip,Pass,Pass,Pass,Pass,Pass,Pass,Pass,Pass,Pass,Pass,Pass,Pass,Pass,Pass,Pass,Pass,Pass,Pass,Pass,Pass,Pass,Pass,Pass,Pass,Pass,Pass,Pass,Pass,Pass,Pass,Skip,Pass,
05-28-2016,04:41:54,47.7,1,171680055225,PASS,Pass,Pass,Pass,Pass,Pass,Pass,Pass,Pass,Skip,Pass,Pass,Pass,Pass,Pass,Pass,Pass,Pass,Pass,Pass,Pass,Pass,Pass,Pass,Pass,Pass,Pass,Pass,Pass,Pass,Pass,Pass,Pass,Pass,Pass,Pass,Pass,Pass,Pass,Pass,Skip,Pass,
05-28-2016,04:41:57,44.8,3,171680055224,PASS,Pass,Pass,Pass,Pass,Pass,Pass,Pass,Pass,Skip,Pass,Pass,Pass,Pass,Pass,Pass,Pass,Pass,Pass,Pass,Pass,Pass,Pass,Pass,Pass,Pass,Pass,Pass,Pass,Pass,Pass,Pass,Pass,Pass,Pass,Pass,Pass,Pass,Pass,Pass,Skip,Pass,
05-28-2016,04:42:10,45.4,5,171680055226,PASS,Pass,Pass,Pass,Pass,Pass,Pass,Pass,Pass,Skip,Pass,Pass,Pass,Pass,Pass,Pass,Pass,Pass,Pass,Pass,Pass,Pass,Pass,Pass,Pass,Pass,Pass,Pass,Pass,Pass,Pass,Pass,Pass,Pass,Pass,Pass,Pass,Pass,Pass,Pass,Skip,Pass,
05-28-2016,04:42:41,47.1,2,171680055201,PASS,Pass,Pass,Pass,Pass,Pass,Pass,Pass,Pass,Skip,Pass,Pass,Pass,Pass,Pass,Pass,Pass,Pass,Pass,Pass,Pass,Pass,Pass,Pass,Pass,Pass,Pass,Pass,Pass,Pass,Pass,Pass,Pass,Pass,Pass,Pass,Pass,Pass,Pass,Pass,Skip,Pass,
05-28-2016,04:42:54,49.6,4,171680055202,PASS,Pass,Pass,Pass,Pass,Pass,Pass,Pass,Pass,Skip,Pass,Pass,Pass,Pass,Pass,Pass,Pass,Pass,Pass,Pass,Pass,Pass,Pass,Pass,Pass,Pass,Pass,Pass,Pass,Pass,Pass,Pass,Pass,Pass,Pass,Pass,Pass,Pass,Pass,Pass,Skip,Pass,
05-28-2016,04:43:15,45.7,6,171680055203,PASS,Pass,Pass,Pass,Pass,Pass,Pass,Pass,Pass,Skip,Pass,Pass,Pass,Pass,Pass,Pass,Pass,Pass,Pass,Pass,Pass,Pass,Pass,Pass,Pass,Pass,Pass,Pass,Pass,Pass,Pass,Pass,Pass,Pass,Pass,Pass,Pass,Pass,Pass,Pass,Skip,Pass,
05-28-2016,04:43:31,45.9,1,171680055204,PASS,Pass,Pass,Pass,Pass,Pass,Pass,Pass,Pass,Skip,Pass,Pass,Pass,Pass,Pass,Pass,Pass,Pass,Pass,Pass,Pass,Pass,Pass,Pass,Pass,Pass,Pass,Pass,Pass,Pass,Pass,Pass,Pass,Pass,Pass,Pass,Pass,Pass,Pass,Pass,Skip,Pass,
05-28-2016,04:43:53,50.0,3,171680055205,PASS,Pass,Pass,Pass,Pass,Pass,Pass,Pass,Pass,Skip,Pass,Pass,Pass,Pass,Pass,Pass,Pass,Pass,Pass,Pass,Pass,Pass,Pass,Pass,Pass,Pass,Pass,Pass,Pass,Pass,Pass,Pass,Pass,Pass,Pass,Pass,Pass,Pass,Pass,Pass,Skip,Pass,
05-28-2016,04:44:17,46.8,5,171680055206,PASS,Pass,Pass,Pass,Pass,Pass,Pass,Pass,Pass,Skip,Pass,Pass,Pass,Pass,Pass,Pass,Pass,Pass,Pass,Pass,Pass,Pass,Pass,Pass,Pass,Pass,Pass,Pass,Pass,Pass,Pass,Pass,Pass,Pass,Pass,Pass,Pass,Pass,Pass,Pass,Skip,Pass,
05-28-2016,04:49:27,47.1,1,171680055851,PASS,Pass,Pass,Pass,Pass,Pass,Pass,Pass,Pass,Skip,Pass,Pass,Pass,Pass,Pass,Pass,Pass,Pass,Pass,Pass,Pass,Pass,Pass,Pass,Pass,Pass,Pass,Pass,Pass,Pass,Pass,Pass,Pass,Pass,Pass,Pass,Pass,Pass,Pass,Pass,Skip,Pass,
05-28-2016,04:50:57,47.8,1,171680055852,PASS,Pass,Pass,Pass,Pass,Pass,Pass,Pass,Pass,Skip,Pass,Pass,Pass,Pass,Pass,Pass,Pass,Pass,Pass,Pass,Pass,Pass,Pass,Pass,Pass,Pass,Pass,Pass,Pass,Pass,Pass,Pass,Pass,Pass,Pass,Pass,Pass,Pass,Pass,Pass,Skip,Pass,
05-28-2016,04:51:00,49.4,3,171680055854,PASS,Pass,Pass,Pass,Pass,Pass,Pass,Pass,Pass,Skip,Pass,Pass,Pass,Pass,Pass,Pass,Pass,Pass,Pass,Pass,Pass,Pass,Pass,Pass,Pass,Pass,Pass,Pass,Pass,Pass,Pass,Pass,Pass,Pass,Pass,Pass,Pass,Pass,Pass,Pass,Skip,Pass,
05-28-2016,04:51:24,54.3,5,171680055855,PASS,Pass,Pass,Pass,Pass,Pass,Pass,Pass,Pass,Skip,Pass,Pass,Pass,Pass,Pass,Pass,Pass,Pass,Pass,Pass,Pass,Pass,Pass,Pass,Pass,Pass,Pass,Pass,Pass,Pass,Pass,Pass,Pass,Pass,Pass,Pass,Pass,Pass,Pass,Pass,Skip,Pass,
05-28-2016,04:51:44,46.9,2,171680055856,PASS,Pass,Pass,Pass,Pass,Pass,Pass,Pass,Pass,Skip,Pass,Pass,Pass,Pass,Pass,Pass,Pass,Pass,Pass,Pass,Pass,Pass,Pass,Pass,Pass,Pass,Pass,Pass,Pass,Pass,Pass,Pass,Pass,Pass,Pass,Pass,Pass,Pass,Pass,Pass,Skip,Pass,
05-28-2016,04:52:39,46.3,1,171680055801,PASS,Pass,Pass,Pass,Pass,Pass,Pass,Pass,Pass,Skip,Pass,Pass,Pass,Pass,Pass,Pass,Pass,Pass,Pass,Pass,Pass,Pass,Pass,Pass,Pass,Pass,Pass,Pass,Pass,Pass,Pass,Pass,Pass,Pass,Pass,Pass,Pass,Pass,Pass,Pass,Skip,Pass,
05-28-2016,04:53:47,47.2,1,171680055802,PASS,Pass,Pass,Pass,Pass,Pass,Pass,Pass,Pass,Skip,Pass,Pass,Pass,Pass,Pass,Pass,Pass,Pass,Pass,Pass,Pass,Pass,Pass,Pass,Pass,Pass,Pass,Pass,Pass,Pass,Pass,Pass,Pass,Pass,Pass,Pass,Pass,Pass,Pass,Pass,Skip,Pass,
05-28-2016,04:54:09,48.0,3,171680055803,PASS,Pass,Pass,Pass,Pass,Pass,Pass,Pass,Pass,Skip,Pass,Pass,Pass,Pass,Pass,Pass,Pass,Pass,Pass,Pass,Pass,Pass,Pass,Pass,Pass,Pass,Pass,Pass,Pass,Pass,Pass,Pass,Pass,Pass,Pass,Pass,Pass,Pass,Pass,Pass,Skip,Pass,
05-28-2016,04:54:31,50.5,5,171680055804,PASS,Pass,Pass,Pass,Pass,Pass,Pass,Pass,Pass,Skip,Pass,Pass,Pass,Pass,Pass,Pass,Pass,Pass,Pass,Pass,Pass,Pass,Pass,Pass,Pass,Pass,Pass,Pass,Pass,Pass,Pass,Pass,Pass,Pass,Pass,Pass,Pass,Pass,Pass,Pass,Skip,Pass,
05-28-2016,04:54:45,45.2,2,171680055805,PASS,Pass,Pass,Pass,Pass,Pass,Pass,Pass,Pass,Skip,Pass,Pass,Pass,Pass,Pass,Pass,Pass,Pass,Pass,Pass,Pass,Pass,Pass,Pass,Pass,Pass,Pass,Pass,Pass,Pass,Pass,Pass,Pass,Pass,Pass,Pass,Pass,Pass,Pass,Pass,Skip,Pass,
05-28-2016,04:55:15,49.2,4,171680055806,PASS,Pass,Pass,Pass,Pass,Pass,Pass,Pass,Pass,Skip,Pass,Pass,Pass,Pass,Pass,Pass,Pass,Pass,Pass,Pass,Pass,Pass,Pass,Pass,Pass,Pass,Pass,Pass,Pass,Pass,Pass,Pass,Pass,Pass,Pass,Pass,Pass,Pass,Pass,Pass,Skip,Pass,
05-28-2016,04:55:28,46.6,6,171680055871,PASS,Pass,Pass,Pass,Pass,Pass,Pass,Pass,Pass,Skip,Pass,Pass,Pass,Pass,Pass,Pass,Pass,Pass,Pass,Pass,Pass,Pass,Pass,Pass,Pass,Pass,Pass,Pass,Pass,Pass,Pass,Pass,Pass,Pass,Pass,Pass,Pass,Pass,Pass,Pass,Skip,Pass,
05-28-2016,04:55:46,44.8,1,171680055872,PASS,Pass,Pass,Pass,Pass,Pass,Pass,Pass,Pass,Skip,Pass,Pass,Pass,Pass,Pass,Pass,Pass,Pass,Pass,Pass,Pass,Pass,Pass,Pass,Pass,Pass,Pass,Pass,Pass,Pass,Pass,Pass,Pass,Pass,Pass,Pass,Pass,Pass,Pass,Pass,Skip,Pass,
05-28-2016,04:56:08,48.4,3,171680055873,PASS,Pass,Pass,Pass,Pass,Pass,Pass,Pass,Pass,Skip,Pass,Pass,Pass,Pass,Pass,Pass,Pass,Pass,Pass,Pass,Pass,Pass,Pass,Pass,Pass,Pass,Pass,Pass,Pass,Pass,Pass,Pass,Pass,Pass,Pass,Pass,Pass,Pass,Pass,Pass,Skip,Pass,
05-28-2016,04:56:27,47.0,5,171680055874,PASS,Pass,Pass,Pass,Pass,Pass,Pass,Pass,Pass,Skip,Pass,Pass,Pass,Pass,Pass,Pass,Pass,Pass,Pass,Pass,Pass,Pass,Pass,Pass,Pass,Pass,Pass,Pass,Pass,Pass,Pass,Pass,Pass,Pass,Pass,Pass,Pass,Pass,Pass,Pass,Skip,Pass,
05-28-2016,04:57:22,44.3,2,171680055875,PASS,Pass,Pass,Pass,Pass,Pass,Pass,Pass,Pass,Skip,Pass,Pass,Pass,Pass,Pass,Pass,Pass,Pass,Pass,Pass,Pass,Pass,Pass,Pass,Pass,Pass,Pass,Pass,Pass,Pass,Pass,Pass,Pass,Pass,Pass,Pass,Pass,Pass,Pass,Pass,Skip,Pass,
05-28-2016,04:57:38,44.8,4,171680055876,PASS,Pass,Pass,Pass,Pass,Pass,Pass,Pass,Pass,Skip,Pass,Pass,Pass,Pass,Pass,Pass,Pass,Pass,Pass,Pass,Pass,Pass,Pass,Pass,Pass,Pass,Pass,Pass,Pass,Pass,Pass,Pass,Pass,Pass,Pass,Pass,Pass,Pass,Pass,Pass,Skip,Pass,
05-28-2016,04:58:31,52.3,6,171680055861,PASS,Pass,Pass,Pass,Pass,Pass,Pass,Pass,Pass,Skip,Pass,Pass,Pass,Pass,Pass,Pass,Pass,Pass,Pass,Pass,Pass,Pass,Pass,Pass,Pass,Pass,Pass,Pass,Pass,Pass,Pass,Pass,Pass,Pass,Pass,Pass,Pass,Pass,Pass,Pass,Skip,Pass,
05-28-2016,04:58:46,49.2,1,171680055862,PASS,Pass,Pass,Pass,Pass,Pass,Pass,Pass,Pass,Skip,Pass,Pass,Pass,Pass,Pass,Pass,Pass,Pass,Pass,Pass,Pass,Pass,Pass,Pass,Pass,Pass,Pass,Pass,Pass,Pass,Pass,Pass,Pass,Pass,Pass,Pass,Pass,Pass,Pass,Pass,Skip,Pass,
05-28-2016,04:59:34,54.5,3,171680055863,PASS,Pass,Pass,Pass,Pass,Pass,Pass,Pass,Pass,Skip,Pass,Pass,Pass,Pass,Pass,Pass,Pass,Pass,Pass,Pass,Pass,Pass,Pass,Pass,Pass,Pass,Pass,Pass,Pass,Pass,Pass,Pass,Pass,Pass,Pass,Pass,Pass,Pass,Pass,Pass,Skip,Pass,
05-28-2016,04:59:45,50.9,2,171680055864,PASS,Pass,Pass,Pass,Pass,Pass,Pass,Pass,Pass,Skip,Pass,Pass,Pass,Pass,Pass,Pass,Pass,Pass,Pass,Pass,Pass,Pass,Pass,Pass,Pass,Pass,Pass,Pass,Pass,Pass,Pass,Pass,Pass,Pass,Pass,Pass,Pass,Pass,Pass,Pass,Skip,Pass,
05-28-2016,05:16:24,52.3,1,171680055865,PASS,Pass,Pass,Pass,Pass,Pass,Pass,Pass,Pass,Skip,Pass,Pass,Pass,Pass,Pass,Pass,Pass,Pass,Pass,Pass,Pass,Pass,Pass,Pass,Pass,Pass,Pass,Pass,Pass,Pass,Pass,Pass,Pass,Pass,Pass,Pass,Pass,Pass,Pass,Pass,Skip,Pass,
05-28-2016,05:16:31,48.2,3,171680055866,PASS,Pass,Pass,Pass,Pass,Pass,Pass,Pass,Pass,Skip,Pass,Pass,Pass,Pass,Pass,Pass,Pass,Pass,Pass,Pass,Pass,Pass,Pass,Pass,Pass,Pass,Pass,Pass,Pass,Pass,Pass,Pass,Pass,Pass,Pass,Pass,Pass,Pass,Pass,Pass,Skip,Pass,
05-28-2016,05:22:13,44.4,1,171680055881,PASS,Pass,Pass,Pass,Pass,Pass,Pass,Pass,Pass,Skip,Pass,Pass,Pass,Pass,Pass,Pass,Pass,Pass,Pass,Pass,Pass,Pass,Pass,Pass,Pass,Pass,Pass,Pass,Pass,Pass,Pass,Pass,Pass,Pass,Pass,Pass,Pass,Pass,Pass,Pass,Skip,Pass,
05-28-2016,05:22:34,47.4,3,171680055882,PASS,Pass,Pass,Pass,Pass,Pass,Pass,Pass,Pass,Skip,Pass,Pass,Pass,Pass,Pass,Pass,Pass,Pass,Pass,Pass,Pass,Pass,Pass,Pass,Pass,Pass,Pass,Pass,Pass,Pass,Pass,Pass,Pass,Pass,Pass,Pass,Pass,Pass,Pass,Pass,Skip,Pass,
05-28-2016,05:23:01,53.5,5,171680055883,PASS,Pass,Pass,Pass,Pass,Pass,Pass,Pass,Pass,Skip,Pass,Pass,Pass,Pass,Pass,Pass,Pass,Pass,Pass,Pass,Pass,Pass,Pass,Pass,Pass,Pass,Pass,Pass,Pass,Pass,Pass,Pass,Pass,Pass,Pass,Pass,Pass,Pass,Pass,Pass,Skip,Pass,
05-28-2016,05:23:13,46.3,2,171680055884,PASS,Pass,Pass,Pass,Pass,Pass,Pass,Pass,Pass,Skip,Pass,Pass,Pass,Pass,Pass,Pass,Pass,Pass,Pass,Pass,Pass,Pass,Pass,Pass,Pass,Pass,Pass,Pass,Pass,Pass,Pass,Pass,Pass,Pass,Pass,Pass,Pass,Pass,Pass,Pass,Skip,Pass,
05-28-2016,05:23:32,44.1,4,171680055885,PASS,Pass,Pass,Pass,Pass,Pass,Pass,Pass,Pass,Skip,Pass,Pass,Pass,Pass,Pass,Pass,Pass,Pass,Pass,Pass,Pass,Pass,Pass,Pass,Pass,Pass,Pass,Pass,Pass,Pass,Pass,Pass,Pass,Pass,Pass,Pass,Pass,Pass,Pass,Pass,Skip,Pass,
05-28-2016,05:24:14,45.9,6,171680055886,PASS,Pass,Pass,Pass,Pass,Pass,Pass,Pass,Pass,Skip,Pass,Pass,Pass,Pass,Pass,Pass,Pass,Pass,Pass,Pass,Pass,Pass,Pass,Pass,Pass,Pass,Pass,Pass,Pass,Pass,Pass,Pass,Pass,Pass,Pass,Pass,Pass,Pass,Pass,Pass,Skip,Pass,
05-28-2016,05:24:39,46.4,1,171680055891,PASS,Pass,Pass,Pass,Pass,Pass,Pass,Pass,Pass,Skip,Pass,Pass,Pass,Pass,Pass,Pass,Pass,Pass,Pass,Pass,Pass,Pass,Pass,Pass,Pass,Pass,Pass,Pass,Pass,Pass,Pass,Pass,Pass,Pass,Pass,Pass,Pass,Pass,Pass,Pass,Skip,Pass,
05-28-2016,05:24:56,45.2,3,171680055892,PASS,Pass,Pass,Pass,Pass,Pass,Pass,Pass,Pass,Skip,Pass,Pass,Pass,Pass,Pass,Pass,Pass,Pass,Pass,Pass,Pass,Pass,Pass,Pass,Pass,Pass,Pass,Pass,Pass,Pass,Pass,Pass,Pass,Pass,Pass,Pass,Pass,Pass,Pass,Pass,Skip,Pass,
05-28-2016,05:25:07,44.4,5,171680055893,PASS,Pass,Pass,Pass,Pass,Pass,Pass,Pass,Pass,Skip,Pass,Pass,Pass,Pass,Pass,Pass,Pass,Pass,Pass,Pass,Pass,Pass,Pass,Pass,Pass,Pass,Pass,Pass,Pass,Pass,Pass,Pass,Pass,Pass,Pass,Pass,Pass,Pass,Pass,Pass,Skip,Pass,
05-28-2016,05:25:34,46.4,2,171680055894,PASS,Pass,Pass,Pass,Pass,Pass,Pass,Pass,Pass,Skip,Pass,Pass,Pass,Pass,Pass,Pass,Pass,Pass,Pass,Pass,Pass,Pass,Pass,Pass,Pass,Pass,Pass,Pass,Pass,Pass,Pass,Pass,Pass,Pass,Pass,Pass,Pass,Pass,Pass,Pass,Skip,Pass,
05-28-2016,05:25:51,45.5,4,171680055895,PASS,Pass,Pass,Pass,Pass,Pass,Pass,Pass,Pass,Skip,Pass,Pass,Pass,Pass,Pass,Pass,Pass,Pass,Pass,Pass,Pass,Pass,Pass,Pass,Pass,Pass,Pass,Pass,Pass,Pass,Pass,Pass,Pass,Pass,Pass,Pass,Pass,Pass,Pass,Pass,Skip,Pass,
05-28-2016,05:26:15,45.2,6,171680055896,PASS,Pass,Pass,Pass,Pass,Pass,Pass,Pass,Pass,Skip,Pass,Pass,Pass,Pass,Pass,Pass,Pass,Pass,Pass,Pass,Pass,Pass,Pass,Pass,Pass,Pass,Pass,Pass,Pass,Pass,Pass,Pass,Pass,Pass,Pass,Pass,Pass,Pass,Pass,Pass,Skip,Pass,
05-28-2016,05:27:00,46.5,1,171680055901,PASS,Pass,Pass,Pass,Pass,Pass,Pass,Pass,Pass,Skip,Pass,Pass,Pass,Pass,Pass,Pass,Pass,Pass,Pass,Pass,Pass,Pass,Pass,Pass,Pass,Pass,Pass,Pass,Pass,Pass,Pass,Pass,Pass,Pass,Pass,Pass,Pass,Pass,Pass,Pass,Skip,Pass,
05-28-2016,05:27:11,52.1,3,171680055902,PASS,Pass,Pass,Pass,Pass,Pass,Pass,Pass,Pass,Skip,Pass,Pass,Pass,Pass,Pass,Pass,Pass,Pass,Pass,Pass,Pass,Pass,Pass,Pass,Pass,Pass,Pass,Pass,Pass,Pass,Pass,Pass,Pass,Pass,Pass,Pass,Pass,Pass,Pass,Pass,Skip,Pass,
05-28-2016,05:27:52,49.2,5,171680055903,PASS,Pass,Pass,Pass,Pass,Pass,Pass,Pass,Pass,Skip,Pass,Pass,Pass,Pass,Pass,Pass,Pass,Pass,Pass,Pass,Pass,Pass,Pass,Pass,Pass,Pass,Pass,Pass,Pass,Pass,Pass,Pass,Pass,Pass,Pass,Pass,Pass,Pass,Pass,Pass,Skip,Pass,
05-28-2016,05:28:08,50.4,1,171680055904,PASS,Pass,Pass,Pass,Pass,Pass,Pass,Pass,Pass,Skip,Pass,Pass,Pass,Pass,Pass,Pass,Pass,Pass,Pass,Pass,Pass,Pass,Pass,Pass,Pass,Pass,Pass,Pass,Pass,Pass,Pass,Pass,Pass,Pass,Pass,Pass,Pass,Pass,Pass,Pass,Skip,Pass,
05-28-2016,05:28:54,52.1,3,171680055905,PASS,Pass,Pass,Pass,Pass,Pass,Pass,Pass,Pass,Skip,Pass,Pass,Pass,Pass,Pass,Pass,Pass,Pass,Pass,Pass,Pass,Pass,Pass,Pass,Pass,Pass,Pass,Pass,Pass,Pass,Pass,Pass,Pass,Pass,Pass,Pass,Pass,Pass,Pass,Pass,Skip,Pass,
05-28-2016,05:28:55,44.8,5,171680055906,PASS,Pass,Pass,Pass,Pass,Pass,Pass,Pass,Pass,Skip,Pass,Pass,Pass,Pass,Pass,Pass,Pass,Pass,Pass,Pass,Pass,Pass,Pass,Pass,Pass,Pass,Pass,Pass,Pass,Pass,Pass,Pass,Pass,Pass,Pass,Pass,Pass,Pass,Pass,Pass,Skip,Pass,
05-28-2016,05:29:13,44.3,2,171680055212,PASS,Pass,Pass,Pass,Pass,Pass,Pass,Pass,Pass,Skip,Pass,Pass,Pass,Pass,Pass,Pass,Pass,Pass,Pass,Pass,Pass,Pass,Pass,Pass,Pass,Pass,Pass,Pass,Pass,Pass,Pass,Pass,Pass,Pass,Pass,Pass,Pass,Pass,Pass,Pass,Skip,Pass,
05-28-2016,05:29:45,50.2,4,171680055214,PASS,Pass,Pass,Pass,Pass,Pass,Pass,Pass,Pass,Skip,Pass,Pass,Pass,Pass,Pass,Pass,Pass,Pass,Pass,Pass,Pass,Pass,Pass,Pass,Pass,Pass,Pass,Pass,Pass,Pass,Pass,Pass,Pass,Pass,Pass,Pass,Pass,Pass,Pass,Pass,Skip,Pass,
05-28-2016,05:29:57,44.3,6,171680055215,PASS,Pass,Pass,Pass,Pass,Pass,Pass,Pass,Pass,Skip,Pass,Pass,Pass,Pass,Pass,Pass,Pass,Pass,Pass,Pass,Pass,Pass,Pass,Pass,Pass,Pass,Pass,Pass,Pass,Pass,Pass,Pass,Pass,Pass,Pass,Pass,Pass,Pass,Pass,Pass,Skip,Pass,
05-28-2016,05:30:12,45.0,1,171680055216,PASS,Pass,Pass,Pass,Pass,Pass,Pass,Pass,Pass,Skip,Pass,Pass,Pass,Pass,Pass,Pass,Pass,Pass,Pass,Pass,Pass,Pass,Pass,Pass,Pass,Pass,Pass,Pass,Pass,Pass,Pass,Pass,Pass,Pass,Pass,Pass,Pass,Pass,Pass,Pass,Skip,Pass,
05-28-2016,05:30:44,45.3,3,171680055911,PASS,Pass,Pass,Pass,Pass,Pass,Pass,Pass,Pass,Skip,Pass,Pass,Pass,Pass,Pass,Pass,Pass,Pass,Pass,Pass,Pass,Pass,Pass,Pass,Pass,Pass,Pass,Pass,Pass,Pass,Pass,Pass,Pass,Pass,Pass,Pass,Pass,Pass,Pass,Pass,Skip,Pass,
05-28-2016,05:31:09,44.9,5,171680055912,PASS,Pass,Pass,Pass,Pass,Pass,Pass,Pass,Pass,Skip,Pass,Pass,Pass,Pass,Pass,Pass,Pass,Pass,Pass,Pass,Pass,Pass,Pass,Pass,Pass,Pass,Pass,Pass,Pass,Pass,Pass,Pass,Pass,Pass,Pass,Pass,Pass,Pass,Pass,Pass,Skip,Pass,
05-28-2016,05:31:21,44.2,1,171680055216,PASS,Pass,Pass,Pass,Pass,Pass,Pass,Pass,Pass,Skip,Pass,Pass,Pass,Pass,Pass,Pass,Pass,Pass,Pass,Pass,Pass,Pass,Pass,Pass,Pass,Pass,Pass,Pass,Pass,Pass,Pass,Pass,Pass,Pass,Pass,Pass,Pass,Pass,Pass,Pass,Skip,Pass,
05-28-2016,05:31:35,44.2,3,171680055913,PASS,Pass,Pass,Pass,Pass,Pass,Pass,Pass,Pass,Skip,Pass,Pass,Pass,Pass,Pass,Pass,Pass,Pass,Pass,Pass,Pass,Pass,Pass,Pass,Pass,Pass,Pass,Pass,Pass,Pass,Pass,Pass,Pass,Pass,Pass,Pass,Pass,Pass,Pass,Pass,Skip,Pass,
05-28-2016,05:32:06,45.8,2,171680055914,PASS,Pass,Pass,Pass,Pass,Pass,Pass,Pass,Pass,Skip,Pass,Pass,Pass,Pass,Pass,Pass,Pass,Pass,Pass,Pass,Pass,Pass,Pass,Pass,Pass,Pass,Pass,Pass,Pass,Pass,Pass,Pass,Pass,Pass,Pass,Pass,Pass,Pass,Pass,Pass,Skip,Pass,
05-28-2016,05:32:11,46.4,5,171680055915,PASS,Pass,Pass,Pass,Pass,Pass,Pass,Pass,Pass,Skip,Pass,Pass,Pass,Pass,Pass,Pass,Pass,Pass,Pass,Pass,Pass,Pass,Pass,Pass,Pass,Pass,Pass,Pass,Pass,Pass,Pass,Pass,Pass,Pass,Pass,Pass,Pass,Pass,Pass,Pass,Skip,Pass,
05-28-2016,05:32:26,44.3,4,171680055916,PASS,Pass,Pass,Pass,Pass,Pass,Pass,Pass,Pass,Skip,Pass,Pass,Pass,Pass,Pass,Pass,Pass,Pass,Pass,Pass,Pass,Pass,Pass,Pass,Pass,Pass,Pass,Pass,Pass,Pass,Pass,Pass,Pass,Pass,Pass,Pass,Pass,Pass,Pass,Pass,Skip,Pass,
05-28-2016,05:32:58,47.2,6,171680055231,PASS,Pass,Pass,Pass,Pass,Pass,Pass,Pass,Pass,Skip,Pass,Pass,Pass,Pass,Pass,Pass,Pass,Pass,Pass,Pass,Pass,Pass,Pass,Pass,Pass,Pass,Pass,Pass,Pass,Pass,Pass,Pass,Pass,Pass,Pass,Pass,Pass,Pass,Pass,Pass,Skip,Pass,
05-28-2016,05:33:07,44.5,1,171680055232,PASS,Pass,Pass,Pass,Pass,Pass,Pass,Pass,Pass,Skip,Pass,Pass,Pass,Pass,Pass,Pass,Pass,Pass,Pass,Pass,Pass,Pass,Pass,Pass,Pass,Pass,Pass,Pass,Pass,Pass,Pass,Pass,Pass,Pass,Pass,Pass,Pass,Pass,Pass,Pass,Skip,Pass,
05-28-2016,05:33:31,48.7,3,171680055233,PASS,Pass,Pass,Pass,Pass,Pass,Pass,Pass,Pass,Skip,Pass,Pass,Pass,Pass,Pass,Pass,Pass,Pass,Pass,Pass,Pass,Pass,Pass,Pass,Pass,Pass,Pass,Pass,Pass,Pass,Pass,Pass,Pass,Pass,Pass,Pass,Pass,Pass,Pass,Pass,Skip,Pass,
05-28-2016,05:33:51,48.7,5,171680055234,PASS,Pass,Pass,Pass,Pass,Pass,Pass,Pass,Pass,Skip,Pass,Pass,Pass,Pass,Pass,Pass,Pass,Pass,Pass,Pass,Pass,Pass,Pass,Pass,Pass,Pass,Pass,Pass,Pass,Pass,Pass,Pass,Pass,Pass,Pass,Pass,Pass,Pass,Pass,Pass,Skip,Pass,
05-28-2016,05:34:08,45.9,2,171680055236,PASS,Pass,Pass,Pass,Pass,Pass,Pass,Pass,Pass,Skip,Pass,Pass,Pass,Pass,Pass,Pass,Pass,Pass,Pass,Pass,Pass,Pass,Pass,Pass,Pass,Pass,Pass,Pass,Pass,Pass,Pass,Pass,Pass,Pass,Pass,Pass,Pass,Pass,Pass,Pass,Skip,Pass,
05-28-2016,05:34:26,45.8,4,171680055921,PASS,Pass,Pass,Pass,Pass,Pass,Pass,Pass,Pass,Skip,Pass,Pass,Pass,Pass,Pass,Pass,Pass,Pass,Pass,Pass,Pass,Pass,Pass,Pass,Pass,Pass,Pass,Pass,Pass,Pass,Pass,Pass,Pass,Pass,Pass,Pass,Pass,Pass,Pass,Pass,Skip,Pass,
05-28-2016,05:34:46,45.1,6,171680055922,PASS,Pass,Pass,Pass,Pass,Pass,Pass,Pass,Pass,Skip,Pass,Pass,Pass,Pass,Pass,Pass,Pass,Pass,Pass,Pass,Pass,Pass,Pass,Pass,Pass,Pass,Pass,Pass,Pass,Pass,Pass,Pass,Pass,Pass,Pass,Pass,Pass,Pass,Pass,Pass,Skip,Pass,
05-28-2016,05:35:06,45.5,1,171680055923,PASS,Pass,Pass,Pass,Pass,Pass,Pass,Pass,Pass,Skip,Pass,Pass,Pass,Pass,Pass,Pass,Pass,Pass,Pass,Pass,Pass,Pass,Pass,Pass,Pass,Pass,Pass,Pass,Pass,Pass,Pass,Pass,Pass,Pass,Pass,Pass,Pass,Pass,Pass,Pass,Skip,Pass,
05-28-2016,05:35:34,51.4,3,171680055924,PASS,Pass,Pass,Pass,Pass,Pass,Pass,Pass,Pass,Skip,Pass,Pass,Pass,Pass,Pass,Pass,Pass,Pass,Pass,Pass,Pass,Pass,Pass,Pass,Pass,Pass,Pass,Pass,Pass,Pass,Pass,Pass,Pass,Pass,Pass,Pass,Pass,Pass,Pass,Pass,Skip,Pass,
05-28-2016,05:35:53,52.1,5,171680055925,PASS,Pass,Pass,Pass,Pass,Pass,Pass,Pass,Pass,Skip,Pass,Pass,Pass,Pass,Pass,Pass,Pass,Pass,Pass,Pass,Pass,Pass,Pass,Pass,Pass,Pass,Pass,Pass,Pass,Pass,Pass,Pass,Pass,Pass,Pass,Pass,Pass,Pass,Pass,Pass,Skip,Pass,
05-28-2016,05:36:07,46.4,2,171680055926,PASS,Pass,Pass,Pass,Pass,Pass,Pass,Pass,Pass,Skip,Pass,Pass,Pass,Pass,Pass,Pass,Pass,Pass,Pass,Pass,Pass,Pass,Pass,Pass,Pass,Pass,Pass,Pass,Pass,Pass,Pass,Pass,Pass,Pass,Pass,Pass,Pass,Pass,Pass,Pass,Skip,Pass,
05-28-2016,05:36:41,49.6,4,171680055931,PASS,Pass,Pass,Pass,Pass,Pass,Pass,Pass,Pass,Skip,Pass,Pass,Pass,Pass,Pass,Pass,Pass,Pass,Pass,Pass,Pass,Pass,Pass,Pass,Pass,Pass,Pass,Pass,Pass,Pass,Pass,Pass,Pass,Pass,Pass,Pass,Pass,Pass,Pass,Pass,Skip,Pass,
05-28-2016,05:37:00,46.4,1,171680055932,PASS,Pass,Pass,Pass,Pass,Pass,Pass,Pass,Pass,Skip,Pass,Pass,Pass,Pass,Pass,Pass,Pass,Pass,Pass,Pass,Pass,Pass,Pass,Pass,Pass,Pass,Pass,Pass,Pass,Pass,Pass,Pass,Pass,Pass,Pass,Pass,Pass,Pass,Pass,Pass,Skip,Pass,
05-28-2016,05:37:27,45.0,3,171680055933,PASS,Pass,Pass,Pass,Pass,Pass,Pass,Pass,Pass,Skip,Pass,Pass,Pass,Pass,Pass,Pass,Pass,Pass,Pass,Pass,Pass,Pass,Pass,Pass,Pass,Pass,Pass,Pass,Pass,Pass,Pass,Pass,Pass,Pass,Pass,Pass,Pass,Pass,Pass,Pass,Skip,Pass,
05-28-2016,05:37:41,48.5,5,171680055934,PASS,Pass,Pass,Pass,Pass,Pass,Pass,Pass,Pass,Skip,Pass,Pass,Pass,Pass,Pass,Pass,Pass,Pass,Pass,Pass,Pass,Pass,Pass,Pass,Pass,Pass,Pass,Pass,Pass,Pass,Pass,Pass,Pass,Pass,Pass,Pass,Pass,Pass,Pass,Pass,Skip,Pass,
05-28-2016,05:37:56,44.2,2,171680055935,PASS,Pass,Pass,Pass,Pass,Pass,Pass,Pass,Pass,Skip,Pass,Pass,Pass,Pass,Pass,Pass,Pass,Pass,Pass,Pass,Pass,Pass,Pass,Pass,Pass,Pass,Pass,Pass,Pass,Pass,Pass,Pass,Pass,Pass,Pass,Pass,Pass,Pass,Pass,Pass,Skip,Pass,
05-28-2016,05:38:32,44.9,4,171680055936,PASS,Pass,Pass,Pass,Pass,Pass,Pass,Pass,Pass,Skip,Pass,Pass,Pass,Pass,Pass,Pass,Pass,Pass,Pass,Pass,Pass,Pass,Pass,Pass,Pass,Pass,Pass,Pass,Pass,Pass,Pass,Pass,Pass,Pass,Pass,Pass,Pass,Pass,Pass,Pass,Skip,Pass,
05-28-2016,05:38:46,45.9,6,171680055151,PASS,Pass,Pass,Pass,Pass,Pass,Pass,Pass,Pass,Skip,Pass,Pass,Pass,Pass,Pass,Pass,Pass,Pass,Pass,Pass,Pass,Pass,Pass,Pass,Pass,Pass,Pass,Pass,Pass,Pass,Pass,Pass,Pass,Pass,Pass,Pass,Pass,Pass,Pass,Pass,Skip,Pass,
05-28-2016,05:39:13,50.3,1,171680055152,PASS,Pass,Pass,Pass,Pass,Pass,Pass,Pass,Pass,Skip,Pass,Pass,Pass,Pass,Pass,Pass,Pass,Pass,Pass,Pass,Pass,Pass,Pass,Pass,Pass,Pass,Pass,Pass,Pass,Pass,Pass,Pass,Pass,Pass,Pass,Pass,Pass,Pass,Pass,Pass,Skip,Pass,
05-28-2016,05:39:29,47.0,3,171680055153,PASS,Pass,Pass,Pass,Pass,Pass,Pass,Pass,Pass,Skip,Pass,Pass,Pass,Pass,Pass,Pass,Pass,Pass,Pass,Pass,Pass,Pass,Pass,Pass,Pass,Pass,Pass,Pass,Pass,Pass,Pass,Pass,Pass,Pass,Pass,Pass,Pass,Pass,Pass,Pass,Skip,Pass,
05-28-2016,05:39:50,47.6,5,171680055154,PASS,Pass,Pass,Pass,Pass,Pass,Pass,Pass,Pass,Skip,Pass,Pass,Pass,Pass,Pass,Pass,Pass,Pass,Pass,Pass,Pass,Pass,Pass,Pass,Pass,Pass,Pass,Pass,Pass,Pass,Pass,Pass,Pass,Pass,Pass,Pass,Pass,Pass,Pass,Pass,Skip,Pass,
05-28-2016,05:40:14,45.8,1,171680055155,PASS,Pass,Pass,Pass,Pass,Pass,Pass,Pass,Pass,Skip,Pass,Pass,Pass,Pass,Pass,Pass,Pass,Pass,Pass,Pass,Pass,Pass,Pass,Pass,Pass,Pass,Pass,Pass,Pass,Pass,Pass,Pass,Pass,Pass,Pass,Pass,Pass,Pass,Pass,Pass,Skip,Pass,
05-28-2016,05:41:01,46.3,2,171680055156,PASS,Pass,Pass,Pass,Pass,Pass,Pass,Pass,Pass,Skip,Pass,Pass,Pass,Pass,Pass,Pass,Pass,Pass,Pass,Pass,Pass,Pass,Pass,Pass,Pass,Pass,Pass,Pass,Pass,Pass,Pass,Pass,Pass,Pass,Pass,Pass,Pass,Pass,Pass,Pass,Skip,Pass,
05-28-2016,05:41:14,47.7,4,171680055171,PASS,Pass,Pass,Pass,Pass,Pass,Pass,Pass,Pass,Skip,Pass,Pass,Pass,Pass,Pass,Pass,Pass,Pass,Pass,Pass,Pass,Pass,Pass,Pass,Pass,Pass,Pass,Pass,Pass,Pass,Pass,Pass,Pass,Pass,Pass,Pass,Pass,Pass,Pass,Pass,Skip,Pass,
05-28-2016,05:41:39,48.6,6,171680055172,PASS,Pass,Pass,Pass,Pass,Pass,Pass,Pass,Pass,Skip,Pass,Pass,Pass,Pass,Pass,Pass,Pass,Pass,Pass,Pass,Pass,Pass,Pass,Pass,Pass,Pass,Pass,Pass,Pass,Pass,Pass,Pass,Pass,Pass,Pass,Pass,Pass,Pass,Pass,Pass,Skip,Pass,
05-28-2016,05:41:50,45.1,1,171680055173,PASS,Pass,Pass,Pass,Pass,Pass,Pass,Pass,Pass,Skip,Pass,Pass,Pass,Pass,Pass,Pass,Pass,Pass,Pass,Pass,Pass,Pass,Pass,Pass,Pass,Pass,Pass,Pass,Pass,Pass,Pass,Pass,Pass,Pass,Pass,Pass,Pass,Pass,Pass,Pass,Skip,Pass,
05-28-2016,05:42:15,50.0,3,171680055174,PASS,Pass,Pass,Pass,Pass,Pass,Pass,Pass,Pass,Skip,Pass,Pass,Pass,Pass,Pass,Pass,Pass,Pass,Pass,Pass,Pass,Pass,Pass,Pass,Pass,Pass,Pass,Pass,Pass,Pass,Pass,Pass,Pass,Pass,Pass,Pass,Pass,Pass,Pass,Pass,Skip,Pass,
05-28-2016,05:42:33,47.9,5,171680055175,PASS,Pass,Pass,Pass,Pass,Pass,Pass,Pass,Pass,Skip,Pass,Pass,Pass,Pass,Pass,Pass,Pass,Pass,Pass,Pass,Pass,Pass,Pass,Pass,Pass,Pass,Pass,Pass,Pass,Pass,Pass,Pass,Pass,Pass,Pass,Pass,Pass,Pass,Pass,Pass,Skip,Pass,
05-28-2016,05:42:51,45.1,2,171680055176,PASS,Pass,Pass,Pass,Pass,Pass,Pass,Pass,Pass,Skip,Pass,Pass,Pass,Pass,Pass,Pass,Pass,Pass,Pass,Pass,Pass,Pass,Pass,Pass,Pass,Pass,Pass,Pass,Pass,Pass,Pass,Pass,Pass,Pass,Pass,Pass,Pass,Pass,Pass,Pass,Skip,Pass,
05-28-2016,05:43:11,45.6,4,171680055271,PASS,Pass,Pass,Pass,Pass,Pass,Pass,Pass,Pass,Skip,Pass,Pass,Pass,Pass,Pass,Pass,Pass,Pass,Pass,Pass,Pass,Pass,Pass,Pass,Pass,Pass,Pass,Pass,Pass,Pass,Pass,Pass,Pass,Pass,Pass,Pass,Pass,Pass,Pass,Pass,Skip,Pass,
05-28-2016,05:43:30,44.9,6,171680055272,PASS,Pass,Pass,Pass,Pass,Pass,Pass,Pass,Pass,Skip,Pass,Pass,Pass,Pass,Pass,Pass,Pass,Pass,Pass,Pass,Pass,Pass,Pass,Pass,Pass,Pass,Pass,Pass,Pass,Pass,Pass,Pass,Pass,Pass,Pass,Pass,Pass,Pass,Pass,Pass,Skip,Pass,
05-28-2016,05:43:50,45.1,1,171680055273,PASS,Pass,Pass,Pass,Pass,Pass,Pass,Pass,Pass,Skip,Pass,Pass,Pass,Pass,Pass,Pass,Pass,Pass,Pass,Pass,Pass,Pass,Pass,Pass,Pass,Pass,Pass,Pass,Pass,Pass,Pass,Pass,Pass,Pass,Pass,Pass,Pass,Pass,Pass,Pass,Skip,Pass,
05-28-2016,05:44:13,47.4,3,171680055274,PASS,Pass,Pass,Pass,Pass,Pass,Pass,Pass,Pass,Skip,Pass,Pass,Pass,Pass,Pass,Pass,Pass,Pass,Pass,Pass,Pass,Pass,Pass,Pass,Pass,Pass,Pass,Pass,Pass,Pass,Pass,Pass,Pass,Pass,Pass,Pass,Pass,Pass,Pass,Pass,Skip,Pass,
05-28-2016,05:44:31,47.3,5,171680055275,PASS,Pass,Pass,Pass,Pass,Pass,Pass,Pass,Pass,Skip,Pass,Pass,Pass,Pass,Pass,Pass,Pass,Pass,Pass,Pass,Pass,Pass,Pass,Pass,Pass,Pass,Pass,Pass,Pass,Pass,Pass,Pass,Pass,Pass,Pass,Pass,Pass,Pass,Pass,Pass,Skip,Pass,
05-28-2016,05:44:48,44.9,2,171680055276,PASS,Pass,Pass,Pass,Pass,Pass,Pass,Pass,Pass,Skip,Pass,Pass,Pass,Pass,Pass,Pass,Pass,Pass,Pass,Pass,Pass,Pass,Pass,Pass,Pass,Pass,Pass,Pass,Pass,Pass,Pass,Pass,Pass,Pass,Pass,Pass,Pass,Pass,Pass,Pass,Skip,Pass,
05-28-2016,05:45:13,50.2,4,171680055761,PASS,Pass,Pass,Pass,Pass,Pass,Pass,Pass,Pass,Skip,Pass,Pass,Pass,Pass,Pass,Pass,Pass,Pass,Pass,Pass,Pass,Pass,Pass,Pass,Pass,Pass,Pass,Pass,Pass,Pass,Pass,Pass,Pass,Pass,Pass,Pass,Pass,Pass,Pass,Pass,Skip,Pass,
05-28-2016,05:45:32,47.2,6,171680055762,PASS,Pass,Pass,Pass,Pass,Pass,Pass,Pass,Pass,Skip,Pass,Pass,Pass,Pass,Pass,Pass,Pass,Pass,Pass,Pass,Pass,Pass,Pass,Pass,Pass,Pass,Pass,Pass,Pass,Pass,Pass,Pass,Pass,Pass,Pass,Pass,Pass,Pass,Pass,Pass,Skip,Pass,
05-28-2016,05:46:00,57.5,1,171680055763,PASS,Pass,Pass,Pass,Pass,Pass,Pass,Pass,Pass,Skip,Pass,Pass,Pass,Pass,Pass,Pass,Pass,Pass,Pass,Pass,Pass,Pass,Pass,Pass,Pass,Pass,Pass,Pass,Pass,Pass,Pass,Pass,Pass,Pass,Pass,Pass,Pass,Pass,Pass,Pass,Skip,Pass,
05-28-2016,05:46:08,45.4,3,171680055764,PASS,Pass,Pass,Pass,Pass,Pass,Pass,Pass,Pass,Skip,Pass,Pass,Pass,Pass,Pass,Pass,Pass,Pass,Pass,Pass,Pass,Pass,Pass,Pass,Pass,Pass,Pass,Pass,Pass,Pass,Pass,Pass,Pass,Pass,Pass,Pass,Pass,Pass,Pass,Pass,Skip,Pass,
05-28-2016,05:46:36,52.8,5,171680055765,PASS,Pass,Pass,Pass,Pass,Pass,Pass,Pass,Pass,Skip,Pass,Pass,Pass,Pass,Pass,Pass,Pass,Pass,Pass,Pass,Pass,Pass,Pass,Pass,Pass,Pass,Pass,Pass,Pass,Pass,Pass,Pass,Pass,Pass,Pass,Pass,Pass,Pass,Pass,Pass,Skip,Pass,
05-28-2016,05:46:54,50.6,2,171680055766,PASS,Pass,Pass,Pass,Pass,Pass,Pass,Pass,Pass,Skip,Pass,Pass,Pass,Pass,Pass,Pass,Pass,Pass,Pass,Pass,Pass,Pass,Pass,Pass,Pass,Pass,Pass,Pass,Pass,Pass,Pass,Pass,Pass,Pass,Pass,Pass,Pass,Pass,Pass,Pass,Skip,Pass,
05-28-2016,05:47:14,49.3,4,171680056071,PASS,Pass,Pass,Pass,Pass,Pass,Pass,Pass,Pass,Skip,Pass,Pass,Pass,Pass,Pass,Pass,Pass,Pass,Pass,Pass,Pass,Pass,Pass,Pass,Pass,Pass,Pass,Pass,Pass,Pass,Pass,Pass,Pass,Pass,Pass,Pass,Pass,Pass,Pass,Pass,Skip,Pass,
05-28-2016,05:47:29,45.8,6,171680056072,PASS,Pass,Pass,Pass,Pass,Pass,Pass,Pass,Pass,Skip,Pass,Pass,Pass,Pass,Pass,Pass,Pass,Pass,Pass,Pass,Pass,Pass,Pass,Pass,Pass,Pass,Pass,Pass,Pass,Pass,Pass,Pass,Pass,Pass,Pass,Pass,Pass,Pass,Pass,Pass,Skip,Pass,
05-28-2016,05:48:08,53.7,1,171680056073,PASS,Pass,Pass,Pass,Pass,Pass,Pass,Pass,Pass,Skip,Pass,Pass,Pass,Pass,Pass,Pass,Pass,Pass,Pass,Pass,Pass,Pass,Pass,Pass,Pass,Pass,Pass,Pass,Pass,Pass,Pass,Pass,Pass,Pass,Pass,Pass,Pass,Pass,Pass,Pass,Skip,Pass,
05-28-2016,05:48:25,51.6,3,171680056074,PASS,Pass,Pass,Pass,Pass,Pass,Pass,Pass,Pass,Skip,Pass,Pass,Pass,Pass,Pass,Pass,Pass,Pass,Pass,Pass,Pass,Pass,Pass,Pass,Pass,Pass,Pass,Pass,Pass,Pass,Pass,Pass,Pass,Pass,Pass,Pass,Pass,Pass,Pass,Pass,Skip,Pass,
05-28-2016,05:48:37,44.0,5,171680056075,PASS,Pass,Pass,Pass,Pass,Pass,Pass,Pass,Pass,Skip,Pass,Pass,Pass,Pass,Pass,Pass,Pass,Pass,Pass,Pass,Pass,Pass,Pass,Pass,Pass,Pass,Pass,Pass,Pass,Pass,Pass,Pass,Pass,Pass,Pass,Pass,Pass,Pass,Pass,Pass,Skip,Pass,
05-28-2016,05:49:04,45.6,2,171680056076,PASS,Pass,Pass,Pass,Pass,Pass,Pass,Pass,Pass,Skip,Pass,Pass,Pass,Pass,Pass,Pass,Pass,Pass,Pass,Pass,Pass,Pass,Pass,Pass,Pass,Pass,Pass,Pass,Pass,Pass,Pass,Pass,Pass,Pass,Pass,Pass,Pass,Pass,Pass,Pass,Skip,Pass,
05-28-2016,05:49:22,45.2,4,171680057171,PASS,Pass,Pass,Pass,Pass,Pass,Pass,Pass,Pass,Skip,Pass,Pass,Pass,Pass,Pass,Pass,Pass,Pass,Pass,Pass,Pass,Pass,Pass,Pass,Pass,Pass,Pass,Pass,Pass,Pass,Pass,Pass,Pass,Pass,Pass,Pass,Pass,Pass,Pass,Pass,Skip,Pass,
05-28-2016,05:49:44,44.2,6,171680057172,PASS,Pass,Pass,Pass,Pass,Pass,Pass,Pass,Pass,Skip,Pass,Pass,Pass,Pass,Pass,Pass,Pass,Pass,Pass,Pass,Pass,Pass,Pass,Pass,Pass,Pass,Pass,Pass,Pass,Pass,Pass,Pass,Pass,Pass,Pass,Pass,Pass,Pass,Pass,Pass,Skip,Pass,
05-28-2016,05:50:08,44.9,1,171680057173,PASS,Pass,Pass,Pass,Pass,Pass,Pass,Pass,Pass,Skip,Pass,Pass,Pass,Pass,Pass,Pass,Pass,Pass,Pass,Pass,Pass,Pass,Pass,Pass,Pass,Pass,Pass,Pass,Pass,Pass,Pass,Pass,Pass,Pass,Pass,Pass,Pass,Pass,Pass,Pass,Skip,Pass,
05-28-2016,05:50:25,44.8,3,171680057174,PASS,Pass,Pass,Pass,Pass,Pass,Pass,Pass,Pass,Skip,Pass,Pass,Pass,Pass,Pass,Pass,Pass,Pass,Pass,Pass,Pass,Pass,Pass,Pass,Pass,Pass,Pass,Pass,Pass,Pass,Pass,Pass,Pass,Pass,Pass,Pass,Pass,Pass,Pass,Pass,Skip,Pass,
05-28-2016,05:50:42,45.1,5,171680057175,PASS,Pass,Pass,Pass,Pass,Pass,Pass,Pass,Pass,Skip,Pass,Pass,Pass,Pass,Pass,Pass,Pass,Pass,Pass,Pass,Pass,Pass,Pass,Pass,Pass,Pass,Pass,Pass,Pass,Pass,Pass,Pass,Pass,Pass,Pass,Pass,Pass,Pass,Pass,Pass,Skip,Pass,
05-28-2016,05:51:27,44.8,2,171680057176,PASS,Pass,Pass,Pass,Pass,Pass,Pass,Pass,Pass,Skip,Pass,Pass,Pass,Pass,Pass,Pass,Pass,Pass,Pass,Pass,Pass,Pass,Pass,Pass,Pass,Pass,Pass,Pass,Pass,Pass,Pass,Pass,Pass,Pass,Pass,Pass,Pass,Pass,Pass,Pass,Skip,Pass,
05-28-2016,05:52:08,45.0,4,171680057121,PASS,Pass,Pass,Pass,Pass,Pass,Pass,Pass,Pass,Skip,Pass,Pass,Pass,Pass,Pass,Pass,Pass,Pass,Pass,Pass,Pass,Pass,Pass,Pass,Pass,Pass,Pass,Pass,Pass,Pass,Pass,Pass,Pass,Pass,Pass,Pass,Pass,Pass,Pass,Pass,Skip,Pass,
05-28-2016,05:54:04,44.9,1,171680057122,PASS,Pass,Pass,Pass,Pass,Pass,Pass,Pass,Pass,Skip,Pass,Pass,Pass,Pass,Pass,Pass,Pass,Pass,Pass,Pass,Pass,Pass,Pass,Pass,Pass,Pass,Pass,Pass,Pass,Pass,Pass,Pass,Pass,Pass,Pass,Pass,Pass,Pass,Pass,Pass,Skip,Pass,
05-28-2016,05:54:05,44.2,3,171680057123,PASS,Pass,Pass,Pass,Pass,Pass,Pass,Pass,Pass,Skip,Pass,Pass,Pass,Pass,Pass,Pass,Pass,Pass,Pass,Pass,Pass,Pass,Pass,Pass,Pass,Pass,Pass,Pass,Pass,Pass,Pass,Pass,Pass,Pass,Pass,Pass,Pass,Pass,Pass,Pass,Skip,Pass,
05-28-2016,05:54:07,45.1,5,171680057124,PASS,Pass,Pass,Pass,Pass,Pass,Pass,Pass,Pass,Skip,Pass,Pass,Pass,Pass,Pass,Pass,Pass,Pass,Pass,Pass,Pass,Pass,Pass,Pass,Pass,Pass,Pass,Pass,Pass,Pass,Pass,Pass,Pass,Pass,Pass,Pass,Pass,Pass,Pass,Pass,Skip,Pass,
05-28-2016,05:54:50,44.9,4,171680057126,PASS,Pass,Pass,Pass,Pass,Pass,Pass,Pass,Pass,Skip,Pass,Pass,Pass,Pass,Pass,Pass,Pass,Pass,Pass,Pass,Pass,Pass,Pass,Pass,Pass,Pass,Pass,Pass,Pass,Pass,Pass,Pass,Pass,Pass,Pass,Pass,Pass,Pass,Pass,Pass,Skip,Pass,
05-28-2016,05:54:50,45.8,2,171680057125,PASS,Pass,Pass,Pass,Pass,Pass,Pass,Pass,Pass,Skip,Pass,Pass,Pass,Pass,Pass,Pass,Pass,Pass,Pass,Pass,Pass,Pass,Pass,Pass,Pass,Pass,Pass,Pass,Pass,Pass,Pass,Pass,Pass,Pass,Pass,Pass,Pass,Pass,Pass,Pass,Skip,Pass,
05-28-2016,05:54:53,45.6,6,171680057151,PASS,Pass,Pass,Pass,Pass,Pass,Pass,Pass,Pass,Skip,Pass,Pass,Pass,Pass,Pass,Pass,Pass,Pass,Pass,Pass,Pass,Pass,Pass,Pass,Pass,Pass,Pass,Pass,Pass,Pass,Pass,Pass,Pass,Pass,Pass,Pass,Pass,Pass,Pass,Pass,Skip,Pass,
05-28-2016,05:55:55,45.8,1,171680057153,PASS,Pass,Pass,Pass,Pass,Pass,Pass,Pass,Pass,Skip,Pass,Pass,Pass,Pass,Pass,Pass,Pass,Pass,Pass,Pass,Pass,Pass,Pass,Pass,Pass,Pass,Pass,Pass,Pass,Pass,Pass,Pass,Pass,Pass,Pass,Pass,Pass,Pass,Pass,Pass,Skip,Pass,
05-28-2016,05:56:01,50.8,3,171680057152,PASS,Pass,Pass,Pass,Pass,Pass,Pass,Pass,Pass,Skip,Pass,Pass,Pass,Pass,Pass,Pass,Pass,Pass,Pass,Pass,Pass,Pass,Pass,Pass,Pass,Pass,Pass,Pass,Pass,Pass,Pass,Pass,Pass,Pass,Pass,Pass,Pass,Pass,Pass,Pass,Skip,Pass,
05-28-2016,05:56:12,47.2,5,171680057154,PASS,Pass,Pass,Pass,Pass,Pass,Pass,Pass,Pass,Skip,Pass,Pass,Pass,Pass,Pass,Pass,Pass,Pass,Pass,Pass,Pass,Pass,Pass,Pass,Pass,Pass,Pass,Pass,Pass,Pass,Pass,Pass,Pass,Pass,Pass,Pass,Pass,Pass,Pass,Pass,Skip,Pass,
05-28-2016,05:56:41,45.8,2,171680057155,PASS,Pass,Pass,Pass,Pass,Pass,Pass,Pass,Pass,Skip,Pass,Pass,Pass,Pass,Pass,Pass,Pass,Pass,Pass,Pass,Pass,Pass,Pass,Pass,Pass,Pass,Pass,Pass,Pass,Pass,Pass,Pass,Pass,Pass,Pass,Pass,Pass,Pass,Pass,Pass,Skip,Pass,
05-28-2016,05:57:15,45.8,4,171680057156,PASS,Pass,Pass,Pass,Pass,Pass,Pass,Pass,Pass,Skip,Pass,Pass,Pass,Pass,Pass,Pass,Pass,Pass,Pass,Pass,Pass,Pass,Pass,Pass,Pass,Pass,Pass,Pass,Pass,Pass,Pass,Pass,Pass,Pass,Pass,Pass,Pass,Pass,Pass,Pass,Skip,Pass,
05-28-2016,05:57:23,44.5,6,171680057131,PASS,Pass,Pass,Pass,Pass,Pass,Pass,Pass,Pass,Skip,Pass,Pass,Pass,Pass,Pass,Pass,Pass,Pass,Pass,Pass,Pass,Pass,Pass,Pass,Pass,Pass,Pass,Pass,Pass,Pass,Pass,Pass,Pass,Pass,Pass,Pass,Pass,Pass,Pass,Pass,Skip,Pass,
05-28-2016,05:57:43,44.0,1,171680057132,PASS,Pass,Pass,Pass,Pass,Pass,Pass,Pass,Pass,Skip,Pass,Pass,Pass,Pass,Pass,Pass,Pass,Pass,Pass,Pass,Pass,Pass,Pass,Pass,Pass,Pass,Pass,Pass,Pass,Pass,Pass,Pass,Pass,Pass,Pass,Pass,Pass,Pass,Pass,Pass,Skip,Pass,
05-28-2016,05:58:02,46.6,3,171680057133,PASS,Pass,Pass,Pass,Pass,Pass,Pass,Pass,Pass,Skip,Pass,Pass,Pass,Pass,Pass,Pass,Pass,Pass,Pass,Pass,Pass,Pass,Pass,Pass,Pass,Pass,Pass,Pass,Pass,Pass,Pass,Pass,Pass,Pass,Pass,Pass,Pass,Pass,Pass,Pass,Skip,Pass,
05-28-2016,05:58:21,46.3,5,171680057134,PASS,Pass,Pass,Pass,Pass,Pass,Pass,Pass,Pass,Skip,Pass,Pass,Pass,Pass,Pass,Pass,Pass,Pass,Pass,Pass,Pass,Pass,Pass,Pass,Pass,Pass,Pass,Pass,Pass,Pass,Pass,Pass,Pass,Pass,Pass,Pass,Pass,Pass,Pass,Pass,Skip,Pass,
05-28-2016,05:58:48,45.2,2,171680057135,PASS,Pass,Pass,Pass,Pass,Pass,Pass,Pass,Pass,Skip,Pass,Pass,Pass,Pass,Pass,Pass,Pass,Pass,Pass,Pass,Pass,Pass,Pass,Pass,Pass,Pass,Pass,Pass,Pass,Pass,Pass,Pass,Pass,Pass,Pass,Pass,Pass,Pass,Pass,Pass,Skip,Pass,
05-28-2016,05:59:19,44.3,4,171680057136,PASS,Pass,Pass,Pass,Pass,Pass,Pass,Pass,Pass,Skip,Pass,Pass,Pass,Pass,Pass,Pass,Pass,Pass,Pass,Pass,Pass,Pass,Pass,Pass,Pass,Pass,Pass,Pass,Pass,Pass,Pass,Pass,Pass,Pass,Pass,Pass,Pass,Pass,Pass,Pass,Skip,Pass,
05-28-2016,05:59:41,46.3,6,171680057201,PASS,Pass,Pass,Pass,Pass,Pass,Pass,Pass,Pass,Skip,Pass,Pass,Pass,Pass,Pass,Pass,Pass,Pass,Pass,Pass,Pass,Pass,Pass,Pass,Pass,Pass,Pass,Pass,Pass,Pass,Pass,Pass,Pass,Pass,Pass,Pass,Pass,Pass,Pass,Pass,Skip,Pass,
05-28-2016,06:00:03,46.5,1,171680057202,PASS,Pass,Pass,Pass,Pass,Pass,Pass,Pass,Pass,Skip,Pass,Pass,Pass,Pass,Pass,Pass,Pass,Pass,Pass,Pass,Pass,Pass,Pass,Pass,Pass,Pass,Pass,Pass,Pass,Pass,Pass,Pass,Pass,Pass,Pass,Pass,Pass,Pass,Pass,Pass,Skip,Pass,
05-28-2016,06:00:25,47.7,3,171680057203,PASS,Pass,Pass,Pass,Pass,Pass,Pass,Pass,Pass,Skip,Pass,Pass,Pass,Pass,Pass,Pass,Pass,Pass,Pass,Pass,Pass,Pass,Pass,Pass,Pass,Pass,Pass,Pass,Pass,Pass,Pass,Pass,Pass,Pass,Pass,Pass,Pass,Pass,Pass,Pass,Skip,Pass,
05-28-2016,06:01:37,48.1,5,171680057204,PASS,Pass,Pass,Pass,Pass,Pass,Pass,Pass,Pass,Skip,Pass,Pass,Pass,Pass,Pass,Pass,Pass,Pass,Pass,Pass,Pass,Pass,Pass,Pass,Pass,Pass,Pass,Pass,Pass,Pass,Pass,Pass,Pass,Pass,Pass,Pass,Pass,Pass,Pass,Pass,Skip,Pass,
05-28-2016,06:01:49,45.0,1,171680057205,PASS,Pass,Pass,Pass,Pass,Pass,Pass,Pass,Pass,Skip,Pass,Pass,Pass,Pass,Pass,Pass,Pass,Pass,Pass,Pass,Pass,Pass,Pass,Pass,Pass,Pass,Pass,Pass,Pass,Pass,Pass,Pass,Pass,Pass,Pass,Pass,Pass,Pass,Pass,Pass,Skip,Pass,
05-28-2016,06:02:14,48.6,3,171680057206,PASS,Pass,Pass,Pass,Pass,Pass,Pass,Pass,Pass,Skip,Pass,Pass,Pass,Pass,Pass,Pass,Pass,Pass,Pass,Pass,Pass,Pass,Pass,Pass,Pass,Pass,Pass,Pass,Pass,Pass,Pass,Pass,Pass,Pass,Pass,Pass,Pass,Pass,Pass,Pass,Skip,Pass,
05-28-2016,06:02:36,46.5,2,171680057211,PASS,Pass,Pass,Pass,Pass,Pass,Pass,Pass,Pass,Skip,Pass,Pass,Pass,Pass,Pass,Pass,Pass,Pass,Pass,Pass,Pass,Pass,Pass,Pass,Pass,Pass,Pass,Pass,Pass,Pass,Pass,Pass,Pass,Pass,Pass,Pass,Pass,Pass,Pass,Pass,Skip,Pass,
05-28-2016,06:03:13,44.2,4,171680057213,PASS,Pass,Pass,Pass,Pass,Pass,Pass,Pass,Pass,Skip,Pass,Pass,Pass,Pass,Pass,Pass,Pass,Pass,Pass,Pass,Pass,Pass,Pass,Pass,Pass,Pass,Pass,Pass,Pass,Pass,Pass,Pass,Pass,Pass,Pass,Pass,Pass,Pass,Pass,Pass,Skip,Pass,
05-28-2016,06:03:17,47.9,6,171680057212,PASS,Pass,Pass,Pass,Pass,Pass,Pass,Pass,Pass,Skip,Pass,Pass,Pass,Pass,Pass,Pass,Pass,Pass,Pass,Pass,Pass,Pass,Pass,Pass,Pass,Pass,Pass,Pass,Pass,Pass,Pass,Pass,Pass,Pass,Pass,Pass,Pass,Pass,Pass,Pass,Skip,Pass,
05-28-2016,06:05:11,47.1,1,171680057223,PASS,Pass,Pass,Pass,Pass,Pass,Pass,Pass,Pass,Skip,Pass,Pass,Pass,Pass,Pass,Pass,Pass,Pass,Pass,Pass,Pass,Pass,Pass,Pass,Pass,Pass,Pass,Pass,Pass,Pass,Pass,Pass,Pass,Pass,Pass,Pass,Pass,Pass,Pass,Pass,Skip,Pass,
05-28-2016,06:05:12,45.6,3,171680057214,PASS,Pass,Pass,Pass,Pass,Pass,Pass,Pass,Pass,Skip,Pass,Pass,Pass,Pass,Pass,Pass,Pass,Pass,Pass,Pass,Pass,Pass,Pass,Pass,Pass,Pass,Pass,Pass,Pass,Pass,Pass,Pass,Pass,Pass,Pass,Pass,Pass,Pass,Pass,Pass,Skip,Pass,
05-28-2016,06:05:17,48.4,5,171680057215,PASS,Pass,Pass,Pass,Pass,Pass,Pass,Pass,Pass,Skip,Pass,Pass,Pass,Pass,Pass,Pass,Pass,Pass,Pass,Pass,Pass,Pass,Pass,Pass,Pass,Pass,Pass,Pass,Pass,Pass,Pass,Pass,Pass,Pass,Pass,Pass,Pass,Pass,Pass,Pass,Skip,Pass,
05-28-2016,06:05:57,45.9,2,171680057216,PASS,Pass,Pass,Pass,Pass,Pass,Pass,Pass,Pass,Skip,Pass,Pass,Pass,Pass,Pass,Pass,Pass,Pass,Pass,Pass,Pass,Pass,Pass,Pass,Pass,Pass,Pass,Pass,Pass,Pass,Pass,Pass,Pass,Pass,Pass,Pass,Pass,Pass,Pass,Pass,Skip,Pass,
05-28-2016,06:05:59,47.9,4,171680057221,PASS,Pass,Pass,Pass,Pass,Pass,Pass,Pass,Pass,Skip,Pass,Pass,Pass,Pass,Pass,Pass,Pass,Pass,Pass,Pass,Pass,Pass,Pass,Pass,Pass,Pass,Pass,Pass,Pass,Pass,Pass,Pass,Pass,Pass,Pass,Pass,Pass,Pass,Pass,Pass,Skip,Pass,
05-28-2016,06:06:02,44.8,6,171680057222,PASS,Pass,Pass,Pass,Pass,Pass,Pass,Pass,Pass,Skip,Pass,Pass,Pass,Pass,Pass,Pass,Pass,Pass,Pass,Pass,Pass,Pass,Pass,Pass,Pass,Pass,Pass,Pass,Pass,Pass,Pass,Pass,Pass,Pass,Pass,Pass,Pass,Pass,Pass,Pass,Skip,Pass,
05-28-2016,06:08:11,44.6,1,171680057224,PASS,Pass,Pass,Pass,Pass,Pass,Pass,Pass,Pass,Skip,Pass,Pass,Pass,Pass,Pass,Pass,Pass,Pass,Pass,Pass,Pass,Pass,Pass,Pass,Pass,Pass,Pass,Pass,Pass,Pass,Pass,Pass,Pass,Pass,Pass,Pass,Pass,Pass,Pass,Pass,Skip,Pass,
05-28-2016,06:08:12,44.2,3,171680057225,PASS,Pass,Pass,Pass,Pass,Pass,Pass,Pass,Pass,Skip,Pass,Pass,Pass,Pass,Pass,Pass,Pass,Pass,Pass,Pass,Pass,Pass,Pass,Pass,Pass,Pass,Pass,Pass,Pass,Pass,Pass,Pass,Pass,Pass,Pass,Pass,Pass,Pass,Pass,Pass,Skip,Pass,
05-28-2016,06:08:15,45.3,5,171680057226,PASS,Pass,Pass,Pass,Pass,Pass,Pass,Pass,Pass,Skip,Pass,Pass,Pass,Pass,Pass,Pass,Pass,Pass,Pass,Pass,Pass,Pass,Pass,Pass,Pass,Pass,Pass,Pass,Pass,Pass,Pass,Pass,Pass,Pass,Pass,Pass,Pass,Pass,Pass,Pass,Skip,Pass,
05-28-2016,06:08:57,45.8,2,171680057231,PASS,Pass,Pass,Pass,Pass,Pass,Pass,Pass,Pass,Skip,Pass,Pass,Pass,Pass,Pass,Pass,Pass,Pass,Pass,Pass,Pass,Pass,Pass,Pass,Pass,Pass,Pass,Pass,Pass,Pass,Pass,Pass,Pass,Pass,Pass,Pass,Pass,Pass,Pass,Pass,Skip,Pass,
05-28-2016,06:08:57,44.8,4,171680057232,PASS,Pass,Pass,Pass,Pass,Pass,Pass,Pass,Pass,Skip,Pass,Pass,Pass,Pass,Pass,Pass,Pass,Pass,Pass,Pass,Pass,Pass,Pass,Pass,Pass,Pass,Pass,Pass,Pass,Pass,Pass,Pass,Pass,Pass,Pass,Pass,Pass,Pass,Pass,Pass,Skip,Pass,
05-28-2016,06:09:02,47.0,6,171680057233,PASS,Pass,Pass,Pass,Pass,Pass,Pass,Pass,Pass,Skip,Pass,Pass,Pass,Pass,Pass,Pass,Pass,Pass,Pass,Pass,Pass,Pass,Pass,Pass,Pass,Pass,Pass,Pass,Pass,Pass,Pass,Pass,Pass,Pass,Pass,Pass,Pass,Pass,Pass,Pass,Skip,Pass,
05-28-2016,06:11:09,45.7,1,171680057236,PASS,Pass,Pass,Pass,Pass,Pass,Pass,Pass,Pass,Skip,Pass,Pass,Pass,Pass,Pass,Pass,Pass,Pass,Pass,Pass,Pass,Pass,Pass,Pass,Pass,Pass,Pass,Pass,Pass,Pass,Pass,Pass,Pass,Pass,Pass,Pass,Pass,Pass,Pass,Pass,Skip,Pass,
05-28-2016,06:11:09,44.8,3,171680057235,PASS,Pass,Pass,Pass,Pass,Pass,Pass,Pass,Pass,Skip,Pass,Pass,Pass,Pass,Pass,Pass,Pass,Pass,Pass,Pass,Pass,Pass,Pass,Pass,Pass,Pass,Pass,Pass,Pass,Pass,Pass,Pass,Pass,Pass,Pass,Pass,Pass,Pass,Pass,Pass,Skip,Pass,
05-28-2016,06:11:13,47.2,5,171680057234,PASS,Pass,Pass,Pass,Pass,Pass,Pass,Pass,Pass,Skip,Pass,Pass,Pass,Pass,Pass,Pass,Pass,Pass,Pass,Pass,Pass,Pass,Pass,Pass,Pass,Pass,Pass,Pass,Pass,Pass,Pass,Pass,Pass,Pass,Pass,Pass,Pass,Pass,Pass,Pass,Skip,Pass,
05-28-2016,06:21:14,44.3,1,171680057291,PASS,Pass,Pass,Pass,Pass,Pass,Pass,Pass,Pass,Skip,Pass,Pass,Pass,Pass,Pass,Pass,Pass,Pass,Pass,Pass,Pass,Pass,Pass,Pass,Pass,Pass,Pass,Pass,Pass,Pass,Pass,Pass,Pass,Pass,Pass,Pass,Pass,Pass,Pass,Pass,Skip,Pass,
05-28-2016,06:21:35,44.9,3,171680057292,PASS,Pass,Pass,Pass,Pass,Pass,Pass,Pass,Pass,Skip,Pass,Pass,Pass,Pass,Pass,Pass,Pass,Pass,Pass,Pass,Pass,Pass,Pass,Pass,Pass,Pass,Pass,Pass,Pass,Pass,Pass,Pass,Pass,Pass,Pass,Pass,Pass,Pass,Pass,Pass,Skip,Pass,
05-28-2016,06:22:00,46.2,5,171680057293,PASS,Pass,Pass,Pass,Pass,Pass,Pass,Pass,Pass,Skip,Pass,Pass,Pass,Pass,Pass,Pass,Pass,Pass,Pass,Pass,Pass,Pass,Pass,Pass,Pass,Pass,Pass,Pass,Pass,Pass,Pass,Pass,Pass,Pass,Pass,Pass,Pass,Pass,Pass,Pass,Skip,Pass,
05-28-2016,06:22:43,45.1,2,171680057294,PASS,Pass,Pass,Pass,Pass,Pass,Pass,Pass,Pass,Skip,Pass,Pass,Pass,Pass,Pass,Pass,Pass,Pass,Pass,Pass,Pass,Pass,Pass,Pass,Pass,Pass,Pass,Pass,Pass,Pass,Pass,Pass,Pass,Pass,Pass,Pass,Pass,Pass,Pass,Pass,Skip,Pass,
05-28-2016,06:23:02,45.7,4,171680057295,PASS,Pass,Pass,Pass,Pass,Pass,Pass,Pass,Pass,Skip,Pass,Pass,Pass,Pass,Pass,Pass,Pass,Pass,Pass,Pass,Pass,Pass,Pass,Pass,Pass,Pass,Pass,Pass,Pass,Pass,Pass,Pass,Pass,Pass,Pass,Pass,Pass,Pass,Pass,Pass,Skip,Pass,
05-28-2016,06:23:19,44.3,6,171680057296,PASS,Pass,Pass,Pass,Pass,Pass,Pass,Pass,Pass,Skip,Pass,Pass,Pass,Pass,Pass,Pass,Pass,Pass,Pass,Pass,Pass,Pass,Pass,Pass,Pass,Pass,Pass,Pass,Pass,Pass,Pass,Pass,Pass,Pass,Pass,Pass,Pass,Pass,Pass,Pass,Skip,Pass,
05-28-2016,06:24:08,44.4,5,171680057281,PASS,Pass,Pass,Pass,Pass,Pass,Pass,Pass,Pass,Skip,Pass,Pass,Pass,Pass,Pass,Pass,Pass,Pass,Pass,Pass,Pass,Pass,Pass,Pass,Pass,Pass,Pass,Pass,Pass,Pass,Pass,Pass,Pass,Pass,Pass,Pass,Pass,Pass,Pass,Pass,Skip,Pass,
05-28-2016,06:25:17,44.9,1,171680057282,PASS,Pass,Pass,Pass,Pass,Pass,Pass,Pass,Pass,Skip,Pass,Pass,Pass,Pass,Pass,Pass,Pass,Pass,Pass,Pass,Pass,Pass,Pass,Pass,Pass,Pass,Pass,Pass,Pass,Pass,Pass,Pass,Pass,Pass,Pass,Pass,Pass,Pass,Pass,Pass,Skip,Pass,
05-28-2016,06:26:24,45.1,2,171680057283,PASS,Pass,Pass,Pass,Pass,Pass,Pass,Pass,Pass,Skip,Pass,Pass,Pass,Pass,Pass,Pass,Pass,Pass,Pass,Pass,Pass,Pass,Pass,Pass,Pass,Pass,Pass,Pass,Pass,Pass,Pass,Pass,Pass,Pass,Pass,Pass,Pass,Pass,Pass,Pass,Skip,Pass,
05-28-2016,06:26:44,46.3,4,171680057284,PASS,Pass,Pass,Pass,Pass,Pass,Pass,Pass,Pass,Skip,Pass,Pass,Pass,Pass,Pass,Pass,Pass,Pass,Pass,Pass,Pass,Pass,Pass,Pass,Pass,Pass,Pass,Pass,Pass,Pass,Pass,Pass,Pass,Pass,Pass,Pass,Pass,Pass,Pass,Pass,Skip,Pass,
05-28-2016,06:27:03,45.6,6,171680057285,PASS,Pass,Pass,Pass,Pass,Pass,Pass,Pass,Pass,Skip,Pass,Pass,Pass,Pass,Pass,Pass,Pass,Pass,Pass,Pass,Pass,Pass,Pass,Pass,Pass,Pass,Pass,Pass,Pass,Pass,Pass,Pass,Pass,Pass,Pass,Pass,Pass,Pass,Pass,Pass,Skip,Pass,
05-28-2016,06:27:56,45.5,1,171680057286,PASS,Pass,Pass,Pass,Pass,Pass,Pass,Pass,Pass,Skip,Pass,Pass,Pass,Pass,Pass,Pass,Pass,Pass,Pass,Pass,Pass,Pass,Pass,Pass,Pass,Pass,Pass,Pass,Pass,Pass,Pass,Pass,Pass,Pass,Pass,Pass,Pass,Pass,Pass,Pass,Skip,Pass,
05-28-2016,06:28:08,44.4,3,171680057241,PASS,Pass,Pass,Pass,Pass,Pass,Pass,Pass,Pass,Skip,Pass,Pass,Pass,Pass,Pass,Pass,Pass,Pass,Pass,Pass,Pass,Pass,Pass,Pass,Pass,Pass,Pass,Pass,Pass,Pass,Pass,Pass,Pass,Pass,Pass,Pass,Pass,Pass,Pass,Pass,Skip,Pass,
05-28-2016,06:28:32,48.1,5,171680057242,PASS,Pass,Pass,Pass,Pass,Pass,Pass,Pass,Pass,Skip,Pass,Pass,Pass,Pass,Pass,Pass,Pass,Pass,Pass,Pass,Pass,Pass,Pass,Pass,Pass,Pass,Pass,Pass,Pass,Pass,Pass,Pass,Pass,Pass,Pass,Pass,Pass,Pass,Pass,Pass,Skip,Pass,
05-28-2016,06:28:48,44.9,2,171680057243,PASS,Pass,Pass,Pass,Pass,Pass,Pass,Pass,Pass,Skip,Pass,Pass,Pass,Pass,Pass,Pass,Pass,Pass,Pass,Pass,Pass,Pass,Pass,Pass,Pass,Pass,Pass,Pass,Pass,Pass,Pass,Pass,Pass,Pass,Pass,Pass,Pass,Pass,Pass,Pass,Skip,Pass,
05-28-2016,06:29:08,45.5,4,171680057244,PASS,Pass,Pass,Pass,Pass,Pass,Pass,Pass,Pass,Skip,Pass,Pass,Pass,Pass,Pass,Pass,Pass,Pass,Pass,Pass,Pass,Pass,Pass,Pass,Pass,Pass,Pass,Pass,Pass,Pass,Pass,Pass,Pass,Pass,Pass,Pass,Pass,Pass,Pass,Pass,Skip,Pass,
05-28-2016,06:29:46,44.6,6,171680057245,PASS,Pass,Pass,Pass,Pass,Pass,Pass,Pass,Pass,Skip,Pass,Pass,Pass,Pass,Pass,Pass,Pass,Pass,Pass,Pass,Pass,Pass,Pass,Pass,Pass,Pass,Pass,Pass,Pass,Pass,Pass,Pass,Pass,Pass,Pass,Pass,Pass,Pass,Pass,Pass,Skip,Pass,
05-28-2016,06:30:04,44.2,1,171680057246,PASS,Pass,Pass,Pass,Pass,Pass,Pass,Pass,Pass,Skip,Pass,Pass,Pass,Pass,Pass,Pass,Pass,Pass,Pass,Pass,Pass,Pass,Pass,Pass,Pass,Pass,Pass,Pass,Pass,Pass,Pass,Pass,Pass,Pass,Pass,Pass,Pass,Pass,Pass,Pass,Skip,Pass,
05-28-2016,06:30:28,46.2,3,171680057251,PASS,Pass,Pass,Pass,Pass,Pass,Pass,Pass,Pass,Skip,Pass,Pass,Pass,Pass,Pass,Pass,Pass,Pass,Pass,Pass,Pass,Pass,Pass,Pass,Pass,Pass,Pass,Pass,Pass,Pass,Pass,Pass,Pass,Pass,Pass,Pass,Pass,Pass,Pass,Pass,Skip,Pass,
05-28-2016,06:30:44,45.6,5,171680057252,PASS,Pass,Pass,Pass,Pass,Pass,Pass,Pass,Pass,Skip,Pass,Pass,Pass,Pass,Pass,Pass,Pass,Pass,Pass,Pass,Pass,Pass,Pass,Pass,Pass,Pass,Pass,Pass,Pass,Pass,Pass,Pass,Pass,Pass,Pass,Pass,Pass,Pass,Pass,Pass,Skip,Pass,
05-28-2016,06:31:26,45.2,2,171680057253,PASS,Pass,Pass,Pass,Pass,Pass,Pass,Pass,Pass,Skip,Pass,Pass,Pass,Pass,Pass,Pass,Pass,Pass,Pass,Pass,Pass,Pass,Pass,Pass,Pass,Pass,Pass,Pass,Pass,Pass,Pass,Pass,Pass,Pass,Pass,Pass,Pass,Pass,Pass,Pass,Skip,Pass,
05-28-2016,06:31:46,44.9,4,171680057254,PASS,Pass,Pass,Pass,Pass,Pass,Pass,Pass,Pass,Skip,Pass,Pass,Pass,Pass,Pass,Pass,Pass,Pass,Pass,Pass,Pass,Pass,Pass,Pass,Pass,Pass,Pass,Pass,Pass,Pass,Pass,Pass,Pass,Pass,Pass,Pass,Pass,Pass,Pass,Pass,Skip,Pass,
05-28-2016,06:32:17,44.1,6,171680057255,PASS,Pass,Pass,Pass,Pass,Pass,Pass,Pass,Pass,Skip,Pass,Pass,Pass,Pass,Pass,Pass,Pass,Pass,Pass,Pass,Pass,Pass,Pass,Pass,Pass,Pass,Pass,Pass,Pass,Pass,Pass,Pass,Pass,Pass,Pass,Pass,Pass,Pass,Pass,Pass,Skip,Pass,
05-28-2016,06:33:08,45.0,1,171680057256,PASS,Pass,Pass,Pass,Pass,Pass,Pass,Pass,Pass,Skip,Pass,Pass,Pass,Pass,Pass,Pass,Pass,Pass,Pass,Pass,Pass,Pass,Pass,Pass,Pass,Pass,Pass,Pass,Pass,Pass,Pass,Pass,Pass,Pass,Pass,Pass,Pass,Pass,Pass,Pass,Skip,Pass,
05-28-2016,06:33:21,44.3,3,171680057271,PASS,Pass,Pass,Pass,Pass,Pass,Pass,Pass,Pass,Skip,Pass,Pass,Pass,Pass,Pass,Pass,Pass,Pass,Pass,Pass,Pass,Pass,Pass,Pass,Pass,Pass,Pass,Pass,Pass,Pass,Pass,Pass,Pass,Pass,Pass,Pass,Pass,Pass,Pass,Pass,Skip,Pass,
05-28-2016,06:33:48,45.0,5,171680057272,PASS,Pass,Pass,Pass,Pass,Pass,Pass,Pass,Pass,Skip,Pass,Pass,Pass,Pass,Pass,Pass,Pass,Pass,Pass,Pass,Pass,Pass,Pass,Pass,Pass,Pass,Pass,Pass,Pass,Pass,Pass,Pass,Pass,Pass,Pass,Pass,Pass,Pass,Pass,Pass,Skip,Pass,
05-28-2016,06:34:52,45.2,2,171680057273,PASS,Pass,Pass,Pass,Pass,Pass,Pass,Pass,Pass,Skip,Pass,Pass,Pass,Pass,Pass,Pass,Pass,Pass,Pass,Pass,Pass,Pass,Pass,Pass,Pass,Pass,Pass,Pass,Pass,Pass,Pass,Pass,Pass,Pass,Pass,Pass,Pass,Pass,Pass,Pass,Skip,Pass,
05-28-2016,06:35:05,44.6,4,171680057274,PASS,Pass,Pass,Pass,Pass,Pass,Pass,Pass,Pass,Skip,Pass,Pass,Pass,Pass,Pass,Pass,Pass,Pass,Pass,Pass,Pass,Pass,Pass,Pass,Pass,Pass,Pass,Pass,Pass,Pass,Pass,Pass,Pass,Pass,Pass,Pass,Pass,Pass,Pass,Pass,Skip,Pass,
05-28-2016,06:35:25,45.7,6,171680057275,PASS,Pass,Pass,Pass,Pass,Pass,Pass,Pass,Pass,Skip,Pass,Pass,Pass,Pass,Pass,Pass,Pass,Pass,Pass,Pass,Pass,Pass,Pass,Pass,Pass,Pass,Pass,Pass,Pass,Pass,Pass,Pass,Pass,Pass,Pass,Pass,Pass,Pass,Pass,Pass,Skip,Pass,
05-28-2016,06:37:00,46.4,1,171680057276,PASS,Pass,Pass,Pass,Pass,Pass,Pass,Pass,Pass,Skip,Pass,Pass,Pass,Pass,Pass,Pass,Pass,Pass,Pass,Pass,Pass,Pass,Pass,Pass,Pass,Pass,Pass,Pass,Pass,Pass,Pass,Pass,Pass,Pass,Pass,Pass,Pass,Pass,Pass,Pass,Skip,Pass,
05-28-2016,06:37:53,45.1,3,171680057321,PASS,Pass,Pass,Pass,Pass,Pass,Pass,Pass,Pass,Skip,Pass,Pass,Pass,Pass,Pass,Pass,Pass,Pass,Pass,Pass,Pass,Pass,Pass,Pass,Pass,Pass,Pass,Pass,Pass,Pass,Pass,Pass,Pass,Pass,Pass,Pass,Pass,Pass,Pass,Pass,Skip,Pass,
05-28-2016,06:38:15,44.4,5,171680057322,PASS,Pass,Pass,Pass,Pass,Pass,Pass,Pass,Pass,Skip,Pass,Pass,Pass,Pass,Pass,Pass,Pass,Pass,Pass,Pass,Pass,Pass,Pass,Pass,Pass,Pass,Pass,Pass,Pass,Pass,Pass,Pass,Pass,Pass,Pass,Pass,Pass,Pass,Pass,Pass,Skip,Pass,
05-28-2016,06:38:52,45.6,1,171680057323,PASS,Pass,Pass,Pass,Pass,Pass,Pass,Pass,Pass,Skip,Pass,Pass,Pass,Pass,Pass,Pass,Pass,Pass,Pass,Pass,Pass,Pass,Pass,Pass,Pass,Pass,Pass,Pass,Pass,Pass,Pass,Pass,Pass,Pass,Pass,Pass,Pass,Pass,Pass,Pass,Skip,Pass,
05-28-2016,06:39:13,45.0,4,171680057325,PASS,Pass,Pass,Pass,Pass,Pass,Pass,Pass,Pass,Skip,Pass,Pass,Pass,Pass,Pass,Pass,Pass,Pass,Pass,Pass,Pass,Pass,Pass,Pass,Pass,Pass,Pass,Pass,Pass,Pass,Pass,Pass,Pass,Pass,Pass,Pass,Pass,Pass,Pass,Pass,Skip,Pass,
05-28-2016,06:39:38,45.7,2,171680057324,PASS,Pass,Pass,Pass,Pass,Pass,Pass,Pass,Pass,Skip,Pass,Pass,Pass,Pass,Pass,Pass,Pass,Pass,Pass,Pass,Pass,Pass,Pass,Pass,Pass,Pass,Pass,Pass,Pass,Pass,Pass,Pass,Pass,Pass,Pass,Pass,Pass,Pass,Pass,Pass,Skip,Pass,
05-28-2016,06:39:53,44.3,6,171680057326,PASS,Pass,Pass,Pass,Pass,Pass,Pass,Pass,Pass,Skip,Pass,Pass,Pass,Pass,Pass,Pass,Pass,Pass,Pass,Pass,Pass,Pass,Pass,Pass,Pass,Pass,Pass,Pass,Pass,Pass,Pass,Pass,Pass,Pass,Pass,Pass,Pass,Pass,Pass,Pass,Skip,Pass,
05-28-2016,06:40:34,45.8,1,171680057331,PASS,Pass,Pass,Pass,Pass,Pass,Pass,Pass,Pass,Skip,Pass,Pass,Pass,Pass,Pass,Pass,Pass,Pass,Pass,Pass,Pass,Pass,Pass,Pass,Pass,Pass,Pass,Pass,Pass,Pass,Pass,Pass,Pass,Pass,Pass,Pass,Pass,Pass,Pass,Pass,Skip,Pass,
05-28-2016,06:40:54,45.7,3,171680057332,PASS,Pass,Pass,Pass,Pass,Pass,Pass,Pass,Pass,Skip,Pass,Pass,Pass,Pass,Pass,Pass,Pass,Pass,Pass,Pass,Pass,Pass,Pass,Pass,Pass,Pass,Pass,Pass,Pass,Pass,Pass,Pass,Pass,Pass,Pass,Pass,Pass,Pass,Pass,Pass,Skip,Pass,
05-28-2016,06:41:13,45.8,5,171680057333,PASS,Pass,Pass,Pass,Pass,Pass,Pass,Pass,Pass,Skip,Pass,Pass,Pass,Pass,Pass,Pass,Pass,Pass,Pass,Pass,Pass,Pass,Pass,Pass,Pass,Pass,Pass,Pass,Pass,Pass,Pass,Pass,Pass,Pass,Pass,Pass,Pass,Pass,Pass,Pass,Skip,Pass,
05-28-2016,06:41:33,45.0,2,171680057334,PASS,Pass,Pass,Pass,Pass,Pass,Pass,Pass,Pass,Skip,Pass,Pass,Pass,Pass,Pass,Pass,Pass,Pass,Pass,Pass,Pass,Pass,Pass,Pass,Pass,Pass,Pass,Pass,Pass,Pass,Pass,Pass,Pass,Pass,Pass,Pass,Pass,Pass,Pass,Pass,Skip,Pass,
05-28-2016,06:41:59,45.6,4,171680057335,PASS,Pass,Pass,Pass,Pass,Pass,Pass,Pass,Pass,Skip,Pass,Pass,Pass,Pass,Pass,Pass,Pass,Pass,Pass,Pass,Pass,Pass,Pass,Pass,Pass,Pass,Pass,Pass,Pass,Pass,Pass,Pass,Pass,Pass,Pass,Pass,Pass,Pass,Pass,Pass,Skip,Pass,
05-28-2016,06:42:20,46.4,6,171680057336,PASS,Pass,Pass,Pass,Pass,Pass,Pass,Pass,Pass,Skip,Pass,Pass,Pass,Pass,Pass,Pass,Pass,Pass,Pass,Pass,Pass,Pass,Pass,Pass,Pass,Pass,Pass,Pass,Pass,Pass,Pass,Pass,Pass,Pass,Pass,Pass,Pass,Pass,Pass,Pass,Skip,Pass,
05-28-2016,06:42:38,45.7,1,171680057341,PASS,Pass,Pass,Pass,Pass,Pass,Pass,Pass,Pass,Skip,Pass,Pass,Pass,Pass,Pass,Pass,Pass,Pass,Pass,Pass,Pass,Pass,Pass,Pass,Pass,Pass,Pass,Pass,Pass,Pass,Pass,Pass,Pass,Pass,Pass,Pass,Pass,Pass,Pass,Pass,Skip,Pass,
05-28-2016,06:42:57,44.7,3,171680057342,PASS,Pass,Pass,Pass,Pass,Pass,Pass,Pass,Pass,Skip,Pass,Pass,Pass,Pass,Pass,Pass,Pass,Pass,Pass,Pass,Pass,Pass,Pass,Pass,Pass,Pass,Pass,Pass,Pass,Pass,Pass,Pass,Pass,Pass,Pass,Pass,Pass,Pass,Pass,Pass,Skip,Pass,
05-28-2016,06:43:21,44.9,5,171680057343,PASS,Pass,Pass,Pass,Pass,Pass,Pass,Pass,Pass,Skip,Pass,Pass,Pass,Pass,Pass,Pass,Pass,Pass,Pass,Pass,Pass,Pass,Pass,Pass,Pass,Pass,Pass,Pass,Pass,Pass,Pass,Pass,Pass,Pass,Pass,Pass,Pass,Pass,Pass,Pass,Skip,Pass,
05-28-2016,06:44:08,45.1,2,171680057344,PASS,Pass,Pass,Pass,Pass,Pass,Pass,Pass,Pass,Skip,Pass,Pass,Pass,Pass,Pass,Pass,Pass,Pass,Pass,Pass,Pass,Pass,Pass,Pass,Pass,Pass,Pass,Pass,Pass,Pass,Pass,Pass,Pass,Pass,Pass,Pass,Pass,Pass,Pass,Pass,Skip,Pass,
05-28-2016,06:44:16,44.4,4,171680057345,PASS,Pass,Pass,Pass,Pass,Pass,Pass,Pass,Pass,Skip,Pass,Pass,Pass,Pass,Pass,Pass,Pass,Pass,Pass,Pass,Pass,Pass,Pass,Pass,Pass,Pass,Pass,Pass,Pass,Pass,Pass,Pass,Pass,Pass,Pass,Pass,Pass,Pass,Pass,Pass,Skip,Pass,
05-28-2016,06:44:33,45.6,6,171680057346,PASS,Pass,Pass,Pass,Pass,Pass,Pass,Pass,Pass,Skip,Pass,Pass,Pass,Pass,Pass,Pass,Pass,Pass,Pass,Pass,Pass,Pass,Pass,Pass,Pass,Pass,Pass,Pass,Pass,Pass,Pass,Pass,Pass,Pass,Pass,Pass,Pass,Pass,Pass,Pass,Skip,Pass,
05-28-2016,06:44:58,44.1,1,171680057261,PASS,Pass,Pass,Pass,Pass,Pass,Pass,Pass,Pass,Skip,Pass,Pass,Pass,Pass,Pass,Pass,Pass,Pass,Pass,Pass,Pass,Pass,Pass,Pass,Pass,Pass,Pass,Pass,Pass,Pass,Pass,Pass,Pass,Pass,Pass,Pass,Pass,Pass,Pass,Pass,Skip,Pass,
05-28-2016,06:45:14,44.8,3,171680057262,PASS,Pass,Pass,Pass,Pass,Pass,Pass,Pass,Pass,Skip,Pass,Pass,Pass,Pass,Pass,Pass,Pass,Pass,Pass,Pass,Pass,Pass,Pass,Pass,Pass,Pass,Pass,Pass,Pass,Pass,Pass,Pass,Pass,Pass,Pass,Pass,Pass,Pass,Pass,Pass,Skip,Pass,
05-28-2016,06:45:35,45.7,5,171680057263,PASS,Pass,Pass,Pass,Pass,Pass,Pass,Pass,Pass,Skip,Pass,Pass,Pass,Pass,Pass,Pass,Pass,Pass,Pass,Pass,Pass,Pass,Pass,Pass,Pass,Pass,Pass,Pass,Pass,Pass,Pass,Pass,Pass,Pass,Pass,Pass,Pass,Pass,Pass,Pass,Skip,Pass,
05-28-2016,06:46:03,45.4,1,171680057264,PASS,Pass,Pass,Pass,Pass,Pass,Pass,Pass,Pass,Skip,Pass,Pass,Pass,Pass,Pass,Pass,Pass,Pass,Pass,Pass,Pass,Pass,Pass,Pass,Pass,Pass,Pass,Pass,Pass,Pass,Pass,Pass,Pass,Pass,Pass,Pass,Pass,Pass,Pass,Pass,Skip,Pass,
05-28-2016,06:46:34,45.1,4,171680057266,PASS,Pass,Pass,Pass,Pass,Pass,Pass,Pass,Pass,Skip,Pass,Pass,Pass,Pass,Pass,Pass,Pass,Pass,Pass,Pass,Pass,Pass,Pass,Pass,Pass,Pass,Pass,Pass,Pass,Pass,Pass,Pass,Pass,Pass,Pass,Pass,Pass,Pass,Pass,Pass,Skip,Pass,
05-28-2016,06:46:48,44.9,2,171680057265,PASS,Pass,Pass,Pass,Pass,Pass,Pass,Pass,Pass,Skip,Pass,Pass,Pass,Pass,Pass,Pass,Pass,Pass,Pass,Pass,Pass,Pass,Pass,Pass,Pass,Pass,Pass,Pass,Pass,Pass,Pass,Pass,Pass,Pass,Pass,Pass,Pass,Pass,Pass,Pass,Skip,Pass,
05-28-2016,06:46:55,45.0,6,171680057361,PASS,Pass,Pass,Pass,Pass,Pass,Pass,Pass,Pass,Skip,Pass,Pass,Pass,Pass,Pass,Pass,Pass,Pass,Pass,Pass,Pass,Pass,Pass,Pass,Pass,Pass,Pass,Pass,Pass,Pass,Pass,Pass,Pass,Pass,Pass,Pass,Pass,Pass,Pass,Pass,Skip,Pass,
05-28-2016,06:47:48,44.7,1,171680057362,PASS,Pass,Pass,Pass,Pass,Pass,Pass,Pass,Pass,Skip,Pass,Pass,Pass,Pass,Pass,Pass,Pass,Pass,Pass,Pass,Pass,Pass,Pass,Pass,Pass,Pass,Pass,Pass,Pass,Pass,Pass,Pass,Pass,Pass,Pass,Pass,Pass,Pass,Pass,Pass,Skip,Pass,
05-28-2016,06:48:02,46.4,3,171680057363,PASS,Pass,Pass,Pass,Pass,Pass,Pass,Pass,Pass,Skip,Pass,Pass,Pass,Pass,Pass,Pass,Pass,Pass,Pass,Pass,Pass,Pass,Pass,Pass,Pass,Pass,Pass,Pass,Pass,Pass,Pass,Pass,Pass,Pass,Pass,Pass,Pass,Pass,Pass,Pass,Skip,Pass,
05-28-2016,06:48:17,45.8,5,171680057364,PASS,Pass,Pass,Pass,Pass,Pass,Pass,Pass,Pass,Skip,Pass,Pass,Pass,Pass,Pass,Pass,Pass,Pass,Pass,Pass,Pass,Pass,Pass,Pass,Pass,Pass,Pass,Pass,Pass,Pass,Pass,Pass,Pass,Pass,Pass,Pass,Pass,Pass,Pass,Pass,Skip,Pass,
05-28-2016,06:54:41,45.6,1,171680057365,PASS,Pass,Pass,Pass,Pass,Pass,Pass,Pass,Pass,Skip,Pass,Pass,Pass,Pass,Pass,Pass,Pass,Pass,Pass,Pass,Pass,Pass,Pass,Pass,Pass,Pass,Pass,Pass,Pass,Pass,Pass,Pass,Pass,Pass,Pass,Pass,Pass,Pass,Pass,Pass,Skip,Pass,
05-28-2016,07:07:36,45.1,1,171680057366,PASS,Pass,Pass,Pass,Pass,Pass,Pass,Pass,Pass,Skip,Pass,Pass,Pass,Pass,Pass,Pass,Pass,Pass,Pass,Pass,Pass,Pass,Pass,Pass,Pass,Pass,Pass,Pass,Pass,Pass,Pass,Pass,Pass,Pass,Pass,Pass,Pass,Pass,Pass,Pass,Skip,Pass,
05-28-2016,07:07:56,46.3,3,171680057371,PASS,Pass,Pass,Pass,Pass,Pass,Pass,Pass,Pass,Skip,Pass,Pass,Pass,Pass,Pass,Pass,Pass,Pass,Pass,Pass,Pass,Pass,Pass,Pass,Pass,Pass,Pass,Pass,Pass,Pass,Pass,Pass,Pass,Pass,Pass,Pass,Pass,Pass,Pass,Pass,Skip,Pass,
05-28-2016,07:08:09,45.9,5,171680057372,PASS,Pass,Pass,Pass,Pass,Pass,Pass,Pass,Pass,Skip,Pass,Pass,Pass,Pass,Pass,Pass,Pass,Pass,Pass,Pass,Pass,Pass,Pass,Pass,Pass,Pass,Pass,Pass,Pass,Pass,Pass,Pass,Pass,Pass,Pass,Pass,Pass,Pass,Pass,Pass,Skip,Pass,
05-28-2016,07:08:28,45.7,2,171680057373,PASS,Pass,Pass,Pass,Pass,Pass,Pass,Pass,Pass,Skip,Pass,Pass,Pass,Pass,Pass,Pass,Pass,Pass,Pass,Pass,Pass,Pass,Pass,Pass,Pass,Pass,Pass,Pass,Pass,Pass,Pass,Pass,Pass,Pass,Pass,Pass,Pass,Pass,Pass,Pass,Skip,Pass,
05-28-2016,07:08:52,45.7,4,171680057374,PASS,Pass,Pass,Pass,Pass,Pass,Pass,Pass,Pass,Skip,Pass,Pass,Pass,Pass,Pass,Pass,Pass,Pass,Pass,Pass,Pass,Pass,Pass,Pass,Pass,Pass,Pass,Pass,Pass,Pass,Pass,Pass,Pass,Pass,Pass,Pass,Pass,Pass,Pass,Pass,Skip,Pass,
05-28-2016,07:09:19,45.1,5,171680057375,PASS,Pass,Pass,Pass,Pass,Pass,Pass,Pass,Pass,Skip,Pass,Pass,Pass,Pass,Pass,Pass,Pass,Pass,Pass,Pass,Pass,Pass,Pass,Pass,Pass,Pass,Pass,Pass,Pass,Pass,Pass,Pass,Pass,Pass,Pass,Pass,Pass,Pass,Pass,Pass,Skip,Pass,
05-28-2016,07:10:04,44.9,6,171680057376,PASS,Pass,Pass,Pass,Pass,Pass,Pass,Pass,Pass,Skip,Pass,Pass,Pass,Pass,Pass,Pass,Pass,Pass,Pass,Pass,Pass,Pass,Pass,Pass,Pass,Pass,Pass,Pass,Pass,Pass,Pass,Pass,Pass,Pass,Pass,Pass,Pass,Pass,Pass,Pass,Skip,Pass,
05-28-2016,07:10:38,45.0,1,171680057383,PASS,Pass,Pass,Pass,Pass,Pass,Pass,Pass,Pass,Skip,Pass,Pass,Pass,Pass,Pass,Pass,Pass,Pass,Pass,Pass,Pass,Pass,Pass,Pass,Pass,Pass,Pass,Pass,Pass,Pass,Pass,Pass,Pass,Pass,Pass,Pass,Pass,Pass,Pass,Pass,Skip,Pass,
05-28-2016,07:17:09,44.3,6,171680057385,PASS,Pass,Pass,Pass,Pass,Pass,Pass,Pass,Pass,Skip,Pass,Pass,Pass,Pass,Pass,Pass,Pass,Pass,Pass,Pass,Pass,Pass,Pass,Pass,Pass,Pass,Pass,Pass,Pass,Pass,Pass,Pass,Pass,Pass,Pass,Pass,Pass,Pass,Pass,Pass,Skip,Pass,
05-28-2016,07:18:02,46.3,5,171680057391,PASS,Pass,Pass,Pass,Pass,Pass,Pass,Pass,Pass,Skip,Pass,Pass,Pass,Pass,Pass,Pass,Pass,Pass,Pass,Pass,Pass,Pass,Pass,Pass,Pass,Pass,Pass,Pass,Pass,Pass,Pass,Pass,Pass,Pass,Pass,Pass,Pass,Pass,Pass,Pass,Skip,Pass,
05-28-2016,07:18:15,45.6,4,171680057392,PASS,Pass,Pass,Pass,Pass,Pass,Pass,Pass,Pass,Skip,Pass,Pass,Pass,Pass,Pass,Pass,Pass,Pass,Pass,Pass,Pass,Pass,Pass,Pass,Pass,Pass,Pass,Pass,Pass,Pass,Pass,Pass,Pass,Pass,Pass,Pass,Pass,Pass,Pass,Pass,Skip,Pass,
05-28-2016,07:18:52,44.4,1,171680057394,PASS,Pass,Pass,Pass,Pass,Pass,Pass,Pass,Pass,Skip,Pass,Pass,Pass,Pass,Pass,Pass,Pass,Pass,Pass,Pass,Pass,Pass,Pass,Pass,Pass,Pass,Pass,Pass,Pass,Pass,Pass,Pass,Pass,Pass,Pass,Pass,Pass,Pass,Pass,Pass,Skip,Pass,
05-28-2016,07:19:01,46.4,3,171680057393,PASS,Pass,Pass,Pass,Pass,Pass,Pass,Pass,Pass,Skip,Pass,Pass,Pass,Pass,Pass,Pass,Pass,Pass,Pass,Pass,Pass,Pass,Pass,Pass,Pass,Pass,Pass,Pass,Pass,Pass,Pass,Pass,Pass,Pass,Pass,Pass,Pass,Pass,Pass,Pass,Skip,Pass,
05-28-2016,07:19:10,45.3,6,171680057395,PASS,Pass,Pass,Pass,Pass,Pass,Pass,Pass,Pass,Skip,Pass,Pass,Pass,Pass,Pass,Pass,Pass,Pass,Pass,Pass,Pass,Pass,Pass,Pass,Pass,Pass,Pass,Pass,Pass,Pass,Pass,Pass,Pass,Pass,Pass,Pass,Pass,Pass,Pass,Pass,Skip,Pass,
05-28-2016,07:19:49,45.0,4,171680057401,PASS,Pass,Pass,Pass,Pass,Pass,Pass,Pass,Pass,Skip,Pass,Pass,Pass,Pass,Pass,Pass,Pass,Pass,Pass,Pass,Pass,Pass,Pass,Pass,Pass,Pass,Pass,Pass,Pass,Pass,Pass,Pass,Pass,Pass,Pass,Pass,Pass,Pass,Pass,Pass,Skip,Pass,
05-28-2016,07:19:56,45.8,5,171680057396,PASS,Pass,Pass,Pass,Pass,Pass,Pass,Pass,Pass,Skip,Pass,Pass,Pass,Pass,Pass,Pass,Pass,Pass,Pass,Pass,Pass,Pass,Pass,Pass,Pass,Pass,Pass,Pass,Pass,Pass,Pass,Pass,Pass,Pass,Pass,Pass,Pass,Pass,Pass,Pass,Skip,Pass,
05-28-2016,07:20:34,44.9,3,171680057403,PASS,Pass,Pass,Pass,Pass,Pass,Pass,Pass,Pass,Skip,Pass,Pass,Pass,Pass,Pass,Pass,Pass,Pass,Pass,Pass,Pass,Pass,Pass,Pass,Pass,Pass,Pass,Pass,Pass,Pass,Pass,Pass,Pass,Pass,Pass,Pass,Pass,Pass,Pass,Pass,Skip,Pass,
05-28-2016,07:20:42,45.7,6,171680057402,PASS,Pass,Pass,Pass,Pass,Pass,Pass,Pass,Pass,Skip,Pass,Pass,Pass,Pass,Pass,Pass,Pass,Pass,Pass,Pass,Pass,Pass,Pass,Pass,Pass,Pass,Pass,Pass,Pass,Pass,Pass,Pass,Pass,Pass,Pass,Pass,Pass,Pass,Pass,Pass,Skip,Pass,
05-28-2016,07:21:27,45.2,4,171680057405,PASS,Pass,Pass,Pass,Pass,Pass,Pass,Pass,Pass,Skip,Pass,Pass,Pass,Pass,Pass,Pass,Pass,Pass,Pass,Pass,Pass,Pass,Pass,Pass,Pass,Pass,Pass,Pass,Pass,Pass,Pass,Pass,Pass,Pass,Pass,Pass,Pass,Pass,Pass,Pass,Skip,Pass,
05-28-2016,07:21:28,45.5,5,171680057404,PASS,Pass,Pass,Pass,Pass,Pass,Pass,Pass,Pass,Skip,Pass,Pass,Pass,Pass,Pass,Pass,Pass,Pass,Pass,Pass,Pass,Pass,Pass,Pass,Pass,Pass,Pass,Pass,Pass,Pass,Pass,Pass,Pass,Pass,Pass,Pass,Pass,Pass,Pass,Pass,Skip,Pass,
05-28-2016,07:22:11,45.7,2,171680057422,PASS,Pass,Pass,Pass,Pass,Pass,Pass,Pass,Pass,Skip,Pass,Pass,Pass,Pass,Pass,Pass,Pass,Pass,Pass,Pass,Pass,Pass,Pass,Pass,Pass,Pass,Pass,Pass,Pass,Pass,Pass,Pass,Pass,Pass,Pass,Pass,Pass,Pass,Pass,Pass,Skip,Pass,
05-28-2016,07:22:12,45.0,3,171680057421,PASS,Pass,Pass,Pass,Pass,Pass,Pass,Pass,Pass,Skip,Pass,Pass,Pass,Pass,Pass,Pass,Pass,Pass,Pass,Pass,Pass,Pass,Pass,Pass,Pass,Pass,Pass,Pass,Pass,Pass,Pass,Pass,Pass,Pass,Pass,Pass,Pass,Pass,Pass,Pass,Skip,Pass,
05-28-2016,07:22:12,44.7,6,171680057406,PASS,Pass,Pass,Pass,Pass,Pass,Pass,Pass,Pass,Skip,Pass,Pass,Pass,Pass,Pass,Pass,Pass,Pass,Pass,Pass,Pass,Pass,Pass,Pass,Pass,Pass,Pass,Pass,Pass,Pass,Pass,Pass,Pass,Pass,Pass,Pass,Pass,Pass,Pass,Pass,Skip,Pass,
05-28-2016,07:22:56,44.8,1,171680057423,PASS,Pass,Pass,Pass,Pass,Pass,Pass,Pass,Pass,Skip,Pass,Pass,Pass,Pass,Pass,Pass,Pass,Pass,Pass,Pass,Pass,Pass,Pass,Pass,Pass,Pass,Pass,Pass,Pass,Pass,Pass,Pass,Pass,Pass,Pass,Pass,Pass,Pass,Pass,Pass,Skip,Pass,
05-28-2016,07:23:21,44.3,6,171680057424,PASS,Pass,Pass,Pass,Pass,Pass,Pass,Pass,Pass,Skip,Pass,Pass,Pass,Pass,Pass,Pass,Pass,Pass,Pass,Pass,Pass,Pass,Pass,Pass,Pass,Pass,Pass,Pass,Pass,Pass,Pass,Pass,Pass,Pass,Pass,Pass,Pass,Pass,Pass,Pass,Skip,Pass,
05-28-2016,07:23:39,45.5,4,171680057426,PASS,Pass,Pass,Pass,Pass,Pass,Pass,Pass,Pass,Skip,Pass,Pass,Pass,Pass,Pass,Pass,Pass,Pass,Pass,Pass,Pass,Pass,Pass,Pass,Pass,Pass,Pass,Pass,Pass,Pass,Pass,Pass,Pass,Pass,Pass,Pass,Pass,Pass,Pass,Pass,Skip,Pass,
05-28-2016,07:24:05,44.1,5,171680057425,PASS,Pass,Pass,Pass,Pass,Pass,Pass,Pass,Pass,Skip,Pass,Pass,Pass,Pass,Pass,Pass,Pass,Pass,Pass,Pass,Pass,Pass,Pass,Pass,Pass,Pass,Pass,Pass,Pass,Pass,Pass,Pass,Pass,Pass,Pass,Pass,Pass,Pass,Pass,Pass,Skip,Pass,
05-28-2016,07:24:14,45.5,2,171680057432,PASS,Pass,Pass,Pass,Pass,Pass,Pass,Pass,Pass,Skip,Pass,Pass,Pass,Pass,Pass,Pass,Pass,Pass,Pass,Pass,Pass,Pass,Pass,Pass,Pass,Pass,Pass,Pass,Pass,Pass,Pass,Pass,Pass,Pass,Pass,Pass,Pass,Pass,Pass,Pass,Skip,Pass,
05-28-2016,07:24:25,46.0,3,171680057431,PASS,Pass,Pass,Pass,Pass,Pass,Pass,Pass,Pass,Skip,Pass,Pass,Pass,Pass,Pass,Pass,Pass,Pass,Pass,Pass,Pass,Pass,Pass,Pass,Pass,Pass,Pass,Pass,Pass,Pass,Pass,Pass,Pass,Pass,Pass,Pass,Pass,Pass,Pass,Pass,Skip,Pass,
05-28-2016,07:24:58,45.7,6,171680057434,PASS,Pass,Pass,Pass,Pass,Pass,Pass,Pass,Pass,Skip,Pass,Pass,Pass,Pass,Pass,Pass,Pass,Pass,Pass,Pass,Pass,Pass,Pass,Pass,Pass,Pass,Pass,Pass,Pass,Pass,Pass,Pass,Pass,Pass,Pass,Pass,Pass,Pass,Pass,Pass,Skip,Pass,
05-28-2016,07:25:09,44.7,4,171680057433,PASS,Pass,Pass,Pass,Pass,Pass,Pass,Pass,Pass,Skip,Pass,Pass,Pass,Pass,Pass,Pass,Pass,Pass,Pass,Pass,Pass,Pass,Pass,Pass,Pass,Pass,Pass,Pass,Pass,Pass,Pass,Pass,Pass,Pass,Pass,Pass,Pass,Pass,Pass,Pass,Skip,Pass,
05-28-2016,07:25:42,44.1,5,171680057435,PASS,Pass,Pass,Pass,Pass,Pass,Pass,Pass,Pass,Skip,Pass,Pass,Pass,Pass,Pass,Pass,Pass,Pass,Pass,Pass,Pass,Pass,Pass,Pass,Pass,Pass,Pass,Pass,Pass,Pass,Pass,Pass,Pass,Pass,Pass,Pass,Pass,Pass,Pass,Pass,Skip,Pass,
05-28-2016,07:26:25,44.1,1,171680057441,PASS,Pass,Pass,Pass,Pass,Pass,Pass,Pass,Pass,Skip,Pass,Pass,Pass,Pass,Pass,Pass,Pass,Pass,Pass,Pass,Pass,Pass,Pass,Pass,Pass,Pass,Pass,Pass,Pass,Pass,Pass,Pass,Pass,Pass,Pass,Pass,Pass,Pass,Pass,Pass,Skip,Pass,
05-28-2016,07:26:25,44.1,3,171680057436,PASS,Pass,Pass,Pass,Pass,Pass,Pass,Pass,Pass,Skip,Pass,Pass,Pass,Pass,Pass,Pass,Pass,Pass,Pass,Pass,Pass,Pass,Pass,Pass,Pass,Pass,Pass,Pass,Pass,Pass,Pass,Pass,Pass,Pass,Pass,Pass,Pass,Pass,Pass,Pass,Skip,Pass,
05-28-2016,07:26:50,46.4,6,171680057442,PASS,Pass,Pass,Pass,Pass,Pass,Pass,Pass,Pass,Skip,Pass,Pass,Pass,Pass,Pass,Pass,Pass,Pass,Pass,Pass,Pass,Pass,Pass,Pass,Pass,Pass,Pass,Pass,Pass,Pass,Pass,Pass,Pass,Pass,Pass,Pass,Pass,Pass,Pass,Pass,Skip,Pass,
05-28-2016,07:27:11,46.3,4,171680057443,PASS,Pass,Pass,Pass,Pass,Pass,Pass,Pass,Pass,Skip,Pass,Pass,Pass,Pass,Pass,Pass,Pass,Pass,Pass,Pass,Pass,Pass,Pass,Pass,Pass,Pass,Pass,Pass,Pass,Pass,Pass,Pass,Pass,Pass,Pass,Pass,Pass,Pass,Pass,Pass,Skip,Pass,
05-28-2016,07:27:35,44.8,5,171680057444,PASS,Pass,Pass,Pass,Pass,Pass,Pass,Pass,Pass,Skip,Pass,Pass,Pass,Pass,Pass,Pass,Pass,Pass,Pass,Pass,Pass,Pass,Pass,Pass,Pass,Pass,Pass,Pass,Pass,Pass,Pass,Pass,Pass,Pass,Pass,Pass,Pass,Pass,Pass,Pass,Skip,Pass,
05-28-2016,07:27:56,44.2,3,171680057445,PASS,Pass,Pass,Pass,Pass,Pass,Pass,Pass,Pass,Skip,Pass,Pass,Pass,Pass,Pass,Pass,Pass,Pass,Pass,Pass,Pass,Pass,Pass,Pass,Pass,Pass,Pass,Pass,Pass,Pass,Pass,Pass,Pass,Pass,Pass,Pass,Pass,Pass,Pass,Pass,Skip,Pass,
05-28-2016,07:28:03,45.0,2,171680057446,PASS,Pass,Pass,Pass,Pass,Pass,Pass,Pass,Pass,Skip,Pass,Pass,Pass,Pass,Pass,Pass,Pass,Pass,Pass,Pass,Pass,Pass,Pass,Pass,Pass,Pass,Pass,Pass,Pass,Pass,Pass,Pass,Pass,Pass,Pass,Pass,Pass,Pass,Pass,Pass,Skip,Pass,
05-28-2016,07:28:42,46.4,4,171680058361,PASS,Pass,Pass,Pass,Pass,Pass,Pass,Pass,Pass,Skip,Pass,Pass,Pass,Pass,Pass,Pass,Pass,Pass,Pass,Pass,Pass,Pass,Pass,Pass,Pass,Pass,Pass,Pass,Pass,Pass,Pass,Pass,Pass,Pass,Pass,Pass,Pass,Pass,Pass,Pass,Skip,Pass,
05-28-2016,07:28:51,45.1,5,171680058362,PASS,Pass,Pass,Pass,Pass,Pass,Pass,Pass,Pass,Skip,Pass,Pass,Pass,Pass,Pass,Pass,Pass,Pass,Pass,Pass,Pass,Pass,Pass,Pass,Pass,Pass,Pass,Pass,Pass,Pass,Pass,Pass,Pass,Pass,Pass,Pass,Pass,Pass,Pass,Pass,Skip,Pass,
05-28-2016,07:29:27,44.2,3,171680058364,PASS,Pass,Pass,Pass,Pass,Pass,Pass,Pass,Pass,Skip,Pass,Pass,Pass,Pass,Pass,Pass,Pass,Pass,Pass,Pass,Pass,Pass,Pass,Pass,Pass,Pass,Pass,Pass,Pass,Pass,Pass,Pass,Pass,Pass,Pass,Pass,Pass,Pass,Pass,Pass,Skip,Pass,
05-28-2016,07:29:38,47.2,6,171680058363,PASS,Pass,Pass,Pass,Pass,Pass,Pass,Pass,Pass,Skip,Pass,Pass,Pass,Pass,Pass,Pass,Pass,Pass,Pass,Pass,Pass,Pass,Pass,Pass,Pass,Pass,Pass,Pass,Pass,Pass,Pass,Pass,Pass,Pass,Pass,Pass,Pass,Pass,Pass,Pass,Skip,Pass,
05-28-2016,07:29:40,44.3,1,171680058365,PASS,Pass,Pass,Pass,Pass,Pass,Pass,Pass,Pass,Skip,Pass,Pass,Pass,Pass,Pass,Pass,Pass,Pass,Pass,Pass,Pass,Pass,Pass,Pass,Pass,Pass,Pass,Pass,Pass,Pass,Pass,Pass,Pass,Pass,Pass,Pass,Pass,Pass,Pass,Pass,Skip,Pass,
05-28-2016,07:30:22,45.0,4,171680058371,PASS,Pass,Pass,Pass,Pass,Pass,Pass,Pass,Pass,Skip,Pass,Pass,Pass,Pass,Pass,Pass,Pass,Pass,Pass,Pass,Pass,Pass,Pass,Pass,Pass,Pass,Pass,Pass,Pass,Pass,Pass,Pass,Pass,Pass,Pass,Pass,Pass,Pass,Pass,Pass,Skip,Pass,
05-28-2016,07:30:42,45.1,5,171680058372,PASS,Pass,Pass,Pass,Pass,Pass,Pass,Pass,Pass,Skip,Pass,Pass,Pass,Pass,Pass,Pass,Pass,Pass,Pass,Pass,Pass,Pass,Pass,Pass,Pass,Pass,Pass,Pass,Pass,Pass,Pass,Pass,Pass,Pass,Pass,Pass,Pass,Pass,Pass,Pass,Skip,Pass,
05-28-2016,07:31:27,45.7,6,171680058373,PASS,Pass,Pass,Pass,Pass,Pass,Pass,Pass,Pass,Skip,Pass,Pass,Pass,Pass,Pass,Pass,Pass,Pass,Pass,Pass,Pass,Pass,Pass,Pass,Pass,Pass,Pass,Pass,Pass,Pass,Pass,Pass,Pass,Pass,Pass,Pass,Pass,Pass,Pass,Pass,Skip,Pass,
05-28-2016,07:34:52,45.7,1,171680058382,PASS,Pass,Pass,Pass,Pass,Pass,Pass,Pass,Pass,Skip,Pass,Pass,Pass,Pass,Pass,Pass,Pass,Pass,Pass,Pass,Pass,Pass,Pass,Pass,Pass,Pass,Pass,Pass,Pass,Pass,Pass,Pass,Pass,Pass,Pass,Pass,Pass,Pass,Pass,Pass,Skip,Pass,
05-28-2016,07:37:03,44.3,1,171680058391,PASS,Pass,Pass,Pass,Pass,Pass,Pass,Pass,Pass,Skip,Pass,Pass,Pass,Pass,Pass,Pass,Pass,Pass,Pass,Pass,Pass,Pass,Pass,Pass,Pass,Pass,Pass,Pass,Pass,Pass,Pass,Pass,Pass,Pass,Pass,Pass,Pass,Pass,Pass,Pass,Skip,Pass,
05-28-2016,07:37:26,45.6,3,171680058392,PASS,Pass,Pass,Pass,Pass,Pass,Pass,Pass,Pass,Skip,Pass,Pass,Pass,Pass,Pass,Pass,Pass,Pass,Pass,Pass,Pass,Pass,Pass,Pass,Pass,Pass,Pass,Pass,Pass,Pass,Pass,Pass,Pass,Pass,Pass,Pass,Pass,Pass,Pass,Pass,Skip,Pass,
05-28-2016,07:39:19,45.1,6,171680058401,PASS,Pass,Pass,Pass,Pass,Pass,Pass,Pass,Pass,Skip,Pass,Pass,Pass,Pass,Pass,Pass,Pass,Pass,Pass,Pass,Pass,Pass,Pass,Pass,Pass,Pass,Pass,Pass,Pass,Pass,Pass,Pass,Pass,Pass,Pass,Pass,Pass,Pass,Pass,Pass,Skip,Pass,
05-28-2016,07:47:37,45.3,1,171680058403,PASS,Pass,Pass,Pass,Pass,Pass,Pass,Pass,Pass,Skip,Pass,Pass,Pass,Pass,Pass,Pass,Pass,Pass,Pass,Pass,Pass,Pass,Pass,Pass,Pass,Pass,Pass,Pass,Pass,Pass,Pass,Pass,Pass,Pass,Pass,Pass,Pass,Pass,Pass,Pass,Skip,Pass,
05-28-2016,07:47:48,45.1,3,171680058404,PASS,Pass,Pass,Pass,Pass,Pass,Pass,Pass,Pass,Skip,Pass,Pass,Pass,Pass,Pass,Pass,Pass,Pass,Pass,Pass,Pass,Pass,Pass,Pass,Pass,Pass,Pass,Pass,Pass,Pass,Pass,Pass,Pass,Pass,Pass,Pass,Pass,Pass,Pass,Pass,Skip,Pass,
05-28-2016,07:48:25,47.0,2,171680058405,PASS,Pass,Pass,Pass,Pass,Pass,Pass,Pass,Pass,Skip,Pass,Pass,Pass,Pass,Pass,Pass,Pass,Pass,Pass,Pass,Pass,Pass,Pass,Pass,Pass,Pass,Pass,Pass,Pass,Pass,Pass,Pass,Pass,Pass,Pass,Pass,Pass,Pass,Pass,Pass,Skip,Pass,
05-28-2016,07:49:49,44.3,6,171680058411,PASS,Pass,Pass,Pass,Pass,Pass,Pass,Pass,Pass,Skip,Pass,Pass,Pass,Pass,Pass,Pass,Pass,Pass,Pass,Pass,Pass,Pass,Pass,Pass,Pass,Pass,Pass,Pass,Pass,Pass,Pass,Pass,Pass,Pass,Pass,Pass,Pass,Pass,Pass,Pass,Skip,Pass,
05-28-2016,07:49:53,45.4,4,171680058406,PASS,Pass,Pass,Pass,Pass,Pass,Pass,Pass,Pass,Skip,Pass,Pass,Pass,Pass,Pass,Pass,Pass,Pass,Pass,Pass,Pass,Pass,Pass,Pass,Pass,Pass,Pass,Pass,Pass,Pass,Pass,Pass,Pass,Pass,Pass,Pass,Pass,Pass,Pass,Pass,Skip,Pass,
05-28-2016,07:49:54,44.1,2,171680058412,PASS,Pass,Pass,Pass,Pass,Pass,Pass,Pass,Pass,Skip,Pass,Pass,Pass,Pass,Pass,Pass,Pass,Pass,Pass,Pass,Pass,Pass,Pass,Pass,Pass,Pass,Pass,Pass,Pass,Pass,Pass,Pass,Pass,Pass,Pass,Pass,Pass,Pass,Pass,Pass,Skip,Pass,
05-28-2016,07:50:38,44.2,1,171680058413,PASS,Pass,Pass,Pass,Pass,Pass,Pass,Pass,Pass,Skip,Pass,Pass,Pass,Pass,Pass,Pass,Pass,Pass,Pass,Pass,Pass,Pass,Pass,Pass,Pass,Pass,Pass,Pass,Pass,Pass,Pass,Pass,Pass,Pass,Pass,Pass,Pass,Pass,Pass,Pass,Skip,Pass,
05-28-2016,07:50:43,50.8,3,171680058414,PASS,Pass,Pass,Pass,Pass,Pass,Pass,Pass,Pass,Skip,Pass,Pass,Pass,Pass,Pass,Pass,Pass,Pass,Pass,Pass,Pass,Pass,Pass,Pass,Pass,Pass,Pass,Pass,Pass,Pass,Pass,Pass,Pass,Pass,Pass,Pass,Pass,Pass,Pass,Pass,Skip,Pass,
05-28-2016,07:51:01,47.9,5,171680058415,PASS,Pass,Pass,Pass,Pass,Pass,Pass,Pass,Pass,Skip,Pass,Pass,Pass,Pass,Pass,Pass,Pass,Pass,Pass,Pass,Pass,Pass,Pass,Pass,Pass,Pass,Pass,Pass,Pass,Pass,Pass,Pass,Pass,Pass,Pass,Pass,Pass,Pass,Pass,Pass,Skip,Pass,
05-28-2016,07:52:11,45.8,2,171680058416,PASS,Pass,Pass,Pass,Pass,Pass,Pass,Pass,Pass,Skip,Pass,Pass,Pass,Pass,Pass,Pass,Pass,Pass,Pass,Pass,Pass,Pass,Pass,Pass,Pass,Pass,Pass,Pass,Pass,Pass,Pass,Pass,Pass,Pass,Pass,Pass,Pass,Pass,Pass,Pass,Skip,Pass,
05-28-2016,07:52:14,45.0,4,171680058441,PASS,Pass,Pass,Pass,Pass,Pass,Pass,Pass,Pass,Skip,Pass,Pass,Pass,Pass,Pass,Pass,Pass,Pass,Pass,Pass,Pass,Pass,Pass,Pass,Pass,Pass,Pass,Pass,Pass,Pass,Pass,Pass,Pass,Pass,Pass,Pass,Pass,Pass,Pass,Pass,Skip,Pass,
05-28-2016,07:52:20,49.4,6,171680058442,PASS,Pass,Pass,Pass,Pass,Pass,Pass,Pass,Pass,Skip,Pass,Pass,Pass,Pass,Pass,Pass,Pass,Pass,Pass,Pass,Pass,Pass,Pass,Pass,Pass,Pass,Pass,Pass,Pass,Pass,Pass,Pass,Pass,Pass,Pass,Pass,Pass,Pass,Pass,Pass,Skip,Pass,
05-28-2016,07:52:59,44.2,1,171680058444,PASS,Pass,Pass,Pass,Pass,Pass,Pass,Pass,Pass,Skip,Pass,Pass,Pass,Pass,Pass,Pass,Pass,Pass,Pass,Pass,Pass,Pass,Pass,Pass,Pass,Pass,Pass,Pass,Pass,Pass,Pass,Pass,Pass,Pass,Pass,Pass,Pass,Pass,Pass,Pass,Skip,Pass,
05-28-2016,07:53:12,44.9,3,171680058445,PASS,Pass,Pass,Pass,Pass,Pass,Pass,Pass,Pass,Skip,Pass,Pass,Pass,Pass,Pass,Pass,Pass,Pass,Pass,Pass,Pass,Pass,Pass,Pass,Pass,Pass,Pass,Pass,Pass,Pass,Pass,Pass,Pass,Pass,Pass,Pass,Pass,Pass,Pass,Pass,Skip,Pass,
05-28-2016,07:53:51,48.5,5,171680058446,PASS,Pass,Pass,Pass,Pass,Pass,Pass,Pass,Pass,Skip,Pass,Pass,Pass,Pass,Pass,Pass,Pass,Pass,Pass,Pass,Pass,Pass,Pass,Pass,Pass,Pass,Pass,Pass,Pass,Pass,Pass,Pass,Pass,Pass,Pass,Pass,Pass,Pass,Pass,Pass,Skip,Pass,
05-28-2016,07:54:07,44.9,1,171680058451,PASS,Pass,Pass,Pass,Pass,Pass,Pass,Pass,Pass,Skip,Pass,Pass,Pass,Pass,Pass,Pass,Pass,Pass,Pass,Pass,Pass,Pass,Pass,Pass,Pass,Pass,Pass,Pass,Pass,Pass,Pass,Pass,Pass,Pass,Pass,Pass,Pass,Pass,Pass,Pass,Skip,Pass,
05-28-2016,07:54:26,46.9,3,171680058452,PASS,Pass,Pass,Pass,Pass,Pass,Pass,Pass,Pass,Skip,Pass,Pass,Pass,Pass,Pass,Pass,Pass,Pass,Pass,Pass,Pass,Pass,Pass,Pass,Pass,Pass,Pass,Pass,Pass,Pass,Pass,Pass,Pass,Pass,Pass,Pass,Pass,Pass,Pass,Pass,Skip,Pass,
05-28-2016,07:54:49,45.5,6,171680058453,PASS,Pass,Pass,Pass,Pass,Pass,Pass,Pass,Pass,Skip,Pass,Pass,Pass,Pass,Pass,Pass,Pass,Pass,Pass,Pass,Pass,Pass,Pass,Pass,Pass,Pass,Pass,Pass,Pass,Pass,Pass,Pass,Pass,Pass,Pass,Pass,Pass,Pass,Pass,Pass,Skip,Pass,
05-28-2016,07:55:24,45.0,4,171680058454,PASS,Pass,Pass,Pass,Pass,Pass,Pass,Pass,Pass,Skip,Pass,Pass,Pass,Pass,Pass,Pass,Pass,Pass,Pass,Pass,Pass,Pass,Pass,Pass,Pass,Pass,Pass,Pass,Pass,Pass,Pass,Pass,Pass,Pass,Pass,Pass,Pass,Pass,Pass,Pass,Skip,Pass,
05-28-2016,07:55:30,48.4,2,171680058455,PASS,Pass,Pass,Pass,Pass,Pass,Pass,Pass,Pass,Skip,Pass,Pass,Pass,Pass,Pass,Pass,Pass,Pass,Pass,Pass,Pass,Pass,Pass,Pass,Pass,Pass,Pass,Pass,Pass,Pass,Pass,Pass,Pass,Pass,Pass,Pass,Pass,Pass,Pass,Pass,Skip,Pass,
05-28-2016,07:55:43,45.1,5,171680058456,PASS,Pass,Pass,Pass,Pass,Pass,Pass,Pass,Pass,Skip,Pass,Pass,Pass,Pass,Pass,Pass,Pass,Pass,Pass,Pass,Pass,Pass,Pass,Pass,Pass,Pass,Pass,Pass,Pass,Pass,Pass,Pass,Pass,Pass,Pass,Pass,Pass,Pass,Pass,Pass,Skip,Pass,
05-28-2016,07:56:25,45.6,4,171680057682,PASS,Pass,Pass,Pass,Pass,Pass,Pass,Pass,Pass,Skip,Pass,Pass,Pass,Pass,Pass,Pass,Pass,Pass,Pass,Pass,Pass,Pass,Pass,Pass,Pass,Pass,Pass,Pass,Pass,Pass,Pass,Pass,Pass,Pass,Pass,Pass,Pass,Pass,Pass,Pass,Skip,Pass,
05-28-2016,07:56:29,46.0,6,171680057681,PASS,Pass,Pass,Pass,Pass,Pass,Pass,Pass,Pass,Skip,Pass,Pass,Pass,Pass,Pass,Pass,Pass,Pass,Pass,Pass,Pass,Pass,Pass,Pass,Pass,Pass,Pass,Pass,Pass,Pass,Pass,Pass,Pass,Pass,Pass,Pass,Pass,Pass,Pass,Pass,Skip,Pass,
05-28-2016,07:57:17,47.3,5,171680057683,PASS,Pass,Pass,Pass,Pass,Pass,Pass,Pass,Pass,Skip,Pass,Pass,Pass,Pass,Pass,Pass,Pass,Pass,Pass,Pass,Pass,Pass,Pass,Pass,Pass,Pass,Pass,Pass,Pass,Pass,Pass,Pass,Pass,Pass,Pass,Pass,Pass,Pass,Pass,Pass,Skip,Pass,
05-28-2016,07:57:19,45.5,3,171680057684,PASS,Pass,Pass,Pass,Pass,Pass,Pass,Pass,Pass,Skip,Pass,Pass,Pass,Pass,Pass,Pass,Pass,Pass,Pass,Pass,Pass,Pass,Pass,Pass,Pass,Pass,Pass,Pass,Pass,Pass,Pass,Pass,Pass,Pass,Pass,Pass,Pass,Pass,Pass,Pass,Skip,Pass,
05-28-2016,07:57:26,45.7,1,171680057685,PASS,Pass,Pass,Pass,Pass,Pass,Pass,Pass,Pass,Skip,Pass,Pass,Pass,Pass,Pass,Pass,Pass,Pass,Pass,Pass,Pass,Pass,Pass,Pass,Pass,Pass,Pass,Pass,Pass,Pass,Pass,Pass,Pass,Pass,Pass,Pass,Pass,Pass,Pass,Pass,Skip,Pass,
05-28-2016,07:58:07,44.1,4,171680058461,PASS,Pass,Pass,Pass,Pass,Pass,Pass,Pass,Pass,Skip,Pass,Pass,Pass,Pass,Pass,Pass,Pass,Pass,Pass,Pass,Pass,Pass,Pass,Pass,Pass,Pass,Pass,Pass,Pass,Pass,Pass,Pass,Pass,Pass,Pass,Pass,Pass,Pass,Pass,Pass,Skip,Pass,
05-28-2016,07:58:11,44.8,2,171680057686,PASS,Pass,Pass,Pass,Pass,Pass,Pass,Pass,Pass,Skip,Pass,Pass,Pass,Pass,Pass,Pass,Pass,Pass,Pass,Pass,Pass,Pass,Pass,Pass,Pass,Pass,Pass,Pass,Pass,Pass,Pass,Pass,Pass,Pass,Pass,Pass,Pass,Pass,Pass,Pass,Skip,Pass,
05-28-2016,07:58:51,52.4,5,171680058462,PASS,Pass,Pass,Pass,Pass,Pass,Pass,Pass,Pass,Skip,Pass,Pass,Pass,Pass,Pass,Pass,Pass,Pass,Pass,Pass,Pass,Pass,Pass,Pass,Pass,Pass,Pass,Pass,Pass,Pass,Pass,Pass,Pass,Pass,Pass,Pass,Pass,Pass,Pass,Pass,Skip,Pass,
05-28-2016,07:58:57,45.5,1,171680058463,PASS,Pass,Pass,Pass,Pass,Pass,Pass,Pass,Pass,Skip,Pass,Pass,Pass,Pass,Pass,Pass,Pass,Pass,Pass,Pass,Pass,Pass,Pass,Pass,Pass,Pass,Pass,Pass,Pass,Pass,Pass,Pass,Pass,Pass,Pass,Pass,Pass,Pass,Pass,Pass,Skip,Pass,
05-28-2016,07:59:16,44.9,4,171680058464,PASS,Pass,Pass,Pass,Pass,Pass,Pass,Pass,Pass,Skip,Pass,Pass,Pass,Pass,Pass,Pass,Pass,Pass,Pass,Pass,Pass,Pass,Pass,Pass,Pass,Pass,Pass,Pass,Pass,Pass,Pass,Pass,Pass,Pass,Pass,Pass,Pass,Pass,Pass,Pass,Skip,Pass,
05-28-2016,07:59:39,48.0,6,171680058443,PASS,Pass,Pass,Pass,Pass,Pass,Pass,Pass,Pass,Skip,Pass,Pass,Pass,Pass,Pass,Pass,Pass,Pass,Pass,Pass,Pass,Pass,Pass,Pass,Pass,Pass,Pass,Pass,Pass,Pass,Pass,Pass,Pass,Pass,Pass,Pass,Pass,Pass,Pass,Pass,Skip,Pass,
05-28-2016,08:00:25,45.6,5,171680058465,PASS,Pass,Pass,Pass,Pass,Pass,Pass,Pass,Pass,Skip,Pass,Pass,Pass,Pass,Pass,Pass,Pass,Pass,Pass,Pass,Pass,Pass,Pass,Pass,Pass,Pass,Pass,Pass,Pass,Pass,Pass,Pass,Pass,Pass,Pass,Pass,Pass,Pass,Pass,Pass,Skip,Pass,
05-28-2016,08:01:26,44.4,6,171680058466,PASS,Pass,Pass,Pass,Pass,Pass,Pass,Pass,Pass,Skip,Pass,Pass,Pass,Pass,Pass,Pass,Pass,Pass,Pass,Pass,Pass,Pass,Pass,Pass,Pass,Pass,Pass,Pass,Pass,Pass,Pass,Pass,Pass,Pass,Pass,Pass,Pass,Pass,Pass,Pass,Skip,Pass,
05-28-2016,08:01:50,46.4,4,171680058482,PASS,Pass,Pass,Pass,Pass,Pass,Pass,Pass,Pass,Skip,Pass,Pass,Pass,Pass,Pass,Pass,Pass,Pass,Pass,Pass,Pass,Pass,Pass,Pass,Pass,Pass,Pass,Pass,Pass,Pass,Pass,Pass,Pass,Pass,Pass,Pass,Pass,Pass,Pass,Pass,Skip,Pass,
05-28-2016,08:02:10,44.5,5,171680058481,PASS,Pass,Pass,Pass,Pass,Pass,Pass,Pass,Pass,Skip,Pass,Pass,Pass,Pass,Pass,Pass,Pass,Pass,Pass,Pass,Pass,Pass,Pass,Pass,Pass,Pass,Pass,Pass,Pass,Pass,Pass,Pass,Pass,Pass,Pass,Pass,Pass,Pass,Pass,Pass,Skip,Pass,
05-28-2016,08:02:39,48.6,3,171680058483,PASS,Pass,Pass,Pass,Pass,Pass,Pass,Pass,Pass,Skip,Pass,Pass,Pass,Pass,Pass,Pass,Pass,Pass,Pass,Pass,Pass,Pass,Pass,Pass,Pass,Pass,Pass,Pass,Pass,Pass,Pass,Pass,Pass,Pass,Pass,Pass,Pass,Pass,Pass,Pass,Skip,Pass,
05-28-2016,08:02:57,47.4,6,171680058484,PASS,Pass,Pass,Pass,Pass,Pass,Pass,Pass,Pass,Skip,Pass,Pass,Pass,Pass,Pass,Pass,Pass,Pass,Pass,Pass,Pass,Pass,Pass,Pass,Pass,Pass,Pass,Pass,Pass,Pass,Pass,Pass,Pass,Pass,Pass,Pass,Pass,Pass,Pass,Pass,Skip,Pass,
05-28-2016,08:03:24,45.0,4,171680058485,PASS,Pass,Pass,Pass,Pass,Pass,Pass,Pass,Pass,Skip,Pass,Pass,Pass,Pass,Pass,Pass,Pass,Pass,Pass,Pass,Pass,Pass,Pass,Pass,Pass,Pass,Pass,Pass,Pass,Pass,Pass,Pass,Pass,Pass,Pass,Pass,Pass,Pass,Pass,Pass,Skip,Pass,
05-28-2016,08:04:25,45.1,6,171680058491,PASS,Pass,Pass,Pass,Pass,Pass,Pass,Pass,Pass,Skip,Pass,Pass,Pass,Pass,Pass,Pass,Pass,Pass,Pass,Pass,Pass,Pass,Pass,Pass,Pass,Pass,Pass,Pass,Pass,Pass,Pass,Pass,Pass,Pass,Pass,Pass,Pass,Pass,Pass,Pass,Skip,Pass,
05-28-2016,08:04:33,47.1,4,171680058492,PASS,Pass,Pass,Pass,Pass,Pass,Pass,Pass,Pass,Skip,Pass,Pass,Pass,Pass,Pass,Pass,Pass,Pass,Pass,Pass,Pass,Pass,Pass,Pass,Pass,Pass,Pass,Pass,Pass,Pass,Pass,Pass,Pass,Pass,Pass,Pass,Pass,Pass,Pass,Pass,Skip,Pass,
05-28-2016,08:05:10,45.0,2,171680058494,PASS,Pass,Pass,Pass,Pass,Pass,Pass,Pass,Pass,Skip,Pass,Pass,Pass,Pass,Pass,Pass,Pass,Pass,Pass,Pass,Pass,Pass,Pass,Pass,Pass,Pass,Pass,Pass,Pass,Pass,Pass,Pass,Pass,Pass,Pass,Pass,Pass,Pass,Pass,Pass,Skip,Pass,
05-28-2016,08:05:11,46.3,5,171680058486,PASS,Pass,Pass,Pass,Pass,Pass,Pass,Pass,Pass,Skip,Pass,Pass,Pass,Pass,Pass,Pass,Pass,Pass,Pass,Pass,Pass,Pass,Pass,Pass,Pass,Pass,Pass,Pass,Pass,Pass,Pass,Pass,Pass,Pass,Pass,Pass,Pass,Pass,Pass,Pass,Skip,Pass,
05-28-2016,08:05:18,44.3,3,171680058493,PASS,Pass,Pass,Pass,Pass,Pass,Pass,Pass,Pass,Skip,Pass,Pass,Pass,Pass,Pass,Pass,Pass,Pass,Pass,Pass,Pass,Pass,Pass,Pass,Pass,Pass,Pass,Pass,Pass,Pass,Pass,Pass,Pass,Pass,Pass,Pass,Pass,Pass,Pass,Pass,Skip,Pass,
05-28-2016,08:05:57,46.2,6,171680058495,PASS,Pass,Pass,Pass,Pass,Pass,Pass,Pass,Pass,Skip,Pass,Pass,Pass,Pass,Pass,Pass,Pass,Pass,Pass,Pass,Pass,Pass,Pass,Pass,Pass,Pass,Pass,Pass,Pass,Pass,Pass,Pass,Pass,Pass,Pass,Pass,Pass,Pass,Pass,Pass,Skip,Pass,
05-28-2016,08:06:02,44.1,4,171680058496,PASS,Pass,Pass,Pass,Pass,Pass,Pass,Pass,Pass,Skip,Pass,Pass,Pass,Pass,Pass,Pass,Pass,Pass,Pass,Pass,Pass,Pass,Pass,Pass,Pass,Pass,Pass,Pass,Pass,Pass,Pass,Pass,Pass,Pass,Pass,Pass,Pass,Pass,Pass,Pass,Skip,Pass,
05-28-2016,08:06:47,49.3,5,171680058431,PASS,Pass,Pass,Pass,Pass,Pass,Pass,Pass,Pass,Skip,Pass,Pass,Pass,Pass,Pass,Pass,Pass,Pass,Pass,Pass,Pass,Pass,Pass,Pass,Pass,Pass,Pass,Pass,Pass,Pass,Pass,Pass,Pass,Pass,Pass,Pass,Pass,Pass,Pass,Pass,Skip,Pass,
05-28-2016,08:06:47,45.1,3,171680058432,PASS,Pass,Pass,Pass,Pass,Pass,Pass,Pass,Pass,Skip,Pass,Pass,Pass,Pass,Pass,Pass,Pass,Pass,Pass,Pass,Pass,Pass,Pass,Pass,Pass,Pass,Pass,Pass,Pass,Pass,Pass,Pass,Pass,Pass,Pass,Pass,Pass,Pass,Pass,Pass,Skip,Pass,
05-28-2016,08:07:06,44.4,1,171680058434,PASS,Pass,Pass,Pass,Pass,Pass,Pass,Pass,Pass,Skip,Pass,Pass,Pass,Pass,Pass,Pass,Pass,Pass,Pass,Pass,Pass,Pass,Pass,Pass,Pass,Pass,Pass,Pass,Pass,Pass,Pass,Pass,Pass,Pass,Pass,Pass,Pass,Pass,Pass,Pass,Skip,Pass,
05-28-2016,08:07:33,45.9,6,171680058433,PASS,Pass,Pass,Pass,Pass,Pass,Pass,Pass,Pass,Skip,Pass,Pass,Pass,Pass,Pass,Pass,Pass,Pass,Pass,Pass,Pass,Pass,Pass,Pass,Pass,Pass,Pass,Pass,Pass,Pass,Pass,Pass,Pass,Pass,Pass,Pass,Pass,Pass,Pass,Pass,Skip,Pass,
05-28-2016,08:07:53,46.4,2,171680058436,PASS,Pass,Pass,Pass,Pass,Pass,Pass,Pass,Pass,Skip,Pass,Pass,Pass,Pass,Pass,Pass,Pass,Pass,Pass,Pass,Pass,Pass,Pass,Pass,Pass,Pass,Pass,Pass,Pass,Pass,Pass,Pass,Pass,Pass,Pass,Pass,Pass,Pass,Pass,Pass,Skip,Pass,
05-28-2016,08:08:10,46.4,4,171680058471,PASS,Pass,Pass,Pass,Pass,Pass,Pass,Pass,Pass,Skip,Pass,Pass,Pass,Pass,Pass,Pass,Pass,Pass,Pass,Pass,Pass,Pass,Pass,Pass,Pass,Pass,Pass,Pass,Pass,Pass,Pass,Pass,Pass,Pass,Pass,Pass,Pass,Pass,Pass,Pass,Skip,Pass,
05-28-2016,08:09:08,46.5,1,171680058472,PASS,Pass,Pass,Pass,Pass,Pass,Pass,Pass,Pass,Skip,Pass,Pass,Pass,Pass,Pass,Pass,Pass,Pass,Pass,Pass,Pass,Pass,Pass,Pass,Pass,Pass,Pass,Pass,Pass,Pass,Pass,Pass,Pass,Pass,Pass,Pass,Pass,Pass,Pass,Pass,Skip,Pass,
05-28-2016,08:10:22,46.4,3,171680058473,PASS,Pass,Pass,Pass,Pass,Pass,Pass,Pass,Pass,Skip,Pass,Pass,Pass,Pass,Pass,Pass,Pass,Pass,Pass,Pass,Pass,Pass,Pass,Pass,Pass,Pass,Pass,Pass,Pass,Pass,Pass,Pass,Pass,Pass,Pass,Pass,Pass,Pass,Pass,Pass,Skip,Pass,
05-28-2016,08:12:53,45.8,2,171680058474,PASS,Pass,Pass,Pass,Pass,Pass,Pass,Pass,Pass,Skip,Pass,Pass,Pass,Pass,Pass,Pass,Pass,Pass,Pass,Pass,Pass,Pass,Pass,Pass,Pass,Pass,Pass,Pass,Pass,Pass,Pass,Pass,Pass,Pass,Pass,Pass,Pass,Pass,Pass,Pass,Skip,Pass,
05-28-2016,08:13:06,45.6,3,171680058475,PASS,Pass,Pass,Pass,Pass,Pass,Pass,Pass,Pass,Skip,Pass,Pass,Pass,Pass,Pass,Pass,Pass,Pass,Pass,Pass,Pass,Pass,Pass,Pass,Pass,Pass,Pass,Pass,Pass,Pass,Pass,Pass,Pass,Pass,Pass,Pass,Pass,Pass,Pass,Pass,Skip,Pass,
05-28-2016,08:13:38,44.8,1,171680058476,PASS,Pass,Pass,Pass,Pass,Pass,Pass,Pass,Pass,Skip,Pass,Pass,Pass,Pass,Pass,Pass,Pass,Pass,Pass,Pass,Pass,Pass,Pass,Pass,Pass,Pass,Pass,Pass,Pass,Pass,Pass,Pass,Pass,Pass,Pass,Pass,Pass,Pass,Pass,Pass,Skip,Pass,
05-28-2016,08:13:51,45.1,4,171680058421,PASS,Pass,Pass,Pass,Pass,Pass,Pass,Pass,Pass,Skip,Pass,Pass,Pass,Pass,Pass,Pass,Pass,Pass,Pass,Pass,Pass,Pass,Pass,Pass,Pass,Pass,Pass,Pass,Pass,Pass,Pass,Pass,Pass,Pass,Pass,Pass,Pass,Pass,Pass,Pass,Skip,Pass,
05-28-2016,08:14:07,45.7,5,171680058422,PASS,Pass,Pass,Pass,Pass,Pass,Pass,Pass,Pass,Skip,Pass,Pass,Pass,Pass,Pass,Pass,Pass,Pass,Pass,Pass,Pass,Pass,Pass,Pass,Pass,Pass,Pass,Pass,Pass,Pass,Pass,Pass,Pass,Pass,Pass,Pass,Pass,Pass,Pass,Pass,Skip,Pass,
05-28-2016,08:14:47,44.1,1,171680058423,PASS,Pass,Pass,Pass,Pass,Pass,Pass,Pass,Pass,Skip,Pass,Pass,Pass,Pass,Pass,Pass,Pass,Pass,Pass,Pass,Pass,Pass,Pass,Pass,Pass,Pass,Pass,Pass,Pass,Pass,Pass,Pass,Pass,Pass,Pass,Pass,Pass,Pass,Pass,Pass,Skip,Pass,
05-28-2016,08:15:08,45.7,3,171680058424,PASS,Pass,Pass,Pass,Pass,Pass,Pass,Pass,Pass,Skip,Pass,Pass,Pass,Pass,Pass,Pass,Pass,Pass,Pass,Pass,Pass,Pass,Pass,Pass,Pass,Pass,Pass,Pass,Pass,Pass,Pass,Pass,Pass,Pass,Pass,Pass,Pass,Pass,Pass,Pass,Skip,Pass,
05-28-2016,08:16:08,44.4,6,171680058425,PASS,Pass,Pass,Pass,Pass,Pass,Pass,Pass,Pass,Skip,Pass,Pass,Pass,Pass,Pass,Pass,Pass,Pass,Pass,Pass,Pass,Pass,Pass,Pass,Pass,Pass,Pass,Pass,Pass,Pass,Pass,Pass,Pass,Pass,Pass,Pass,Pass,Pass,Pass,Pass,Skip,Pass,
05-28-2016,08:16:36,44.8,4,171680057821,PASS,Pass,Pass,Pass,Pass,Pass,Pass,Pass,Pass,Skip,Pass,Pass,Pass,Pass,Pass,Pass,Pass,Pass,Pass,Pass,Pass,Pass,Pass,Pass,Pass,Pass,Pass,Pass,Pass,Pass,Pass,Pass,Pass,Pass,Pass,Pass,Pass,Pass,Pass,Pass,Skip,Pass,
05-28-2016,08:16:56,48.2,5,171680058426,PASS,Pass,Pass,Pass,Pass,Pass,Pass,Pass,Pass,Skip,Pass,Pass,Pass,Pass,Pass,Pass,Pass,Pass,Pass,Pass,Pass,Pass,Pass,Pass,Pass,Pass,Pass,Pass,Pass,Pass,Pass,Pass,Pass,Pass,Pass,Pass,Pass,Pass,Pass,Pass,Skip,Pass,
05-28-2016,08:17:17,46.3,1,171680057822,PASS,Pass,Pass,Pass,Pass,Pass,Pass,Pass,Pass,Skip,Pass,Pass,Pass,Pass,Pass,Pass,Pass,Pass,Pass,Pass,Pass,Pass,Pass,Pass,Pass,Pass,Pass,Pass,Pass,Pass,Pass,Pass,Pass,Pass,Pass,Pass,Pass,Pass,Pass,Pass,Skip,Pass,
05-28-2016,08:17:59,44.0,4,171680057824,PASS,Pass,Pass,Pass,Pass,Pass,Pass,Pass,Pass,Skip,Pass,Pass,Pass,Pass,Pass,Pass,Pass,Pass,Pass,Pass,Pass,Pass,Pass,Pass,Pass,Pass,Pass,Pass,Pass,Pass,Pass,Pass,Pass,Pass,Pass,Pass,Pass,Pass,Pass,Pass,Skip,Pass,
05-28-2016,08:18:01,46.4,6,171680057825,PASS,Pass,Pass,Pass,Pass,Pass,Pass,Pass,Pass,Skip,Pass,Pass,Pass,Pass,Pass,Pass,Pass,Pass,Pass,Pass,Pass,Pass,Pass,Pass,Pass,Pass,Pass,Pass,Pass,Pass,Pass,Pass,Pass,Pass,Pass,Pass,Pass,Pass,Pass,Pass,Skip,Pass,
05-28-2016,08:18:02,44.9,2,171680057823,PASS,Pass,Pass,Pass,Pass,Pass,Pass,Pass,Pass,Skip,Pass,Pass,Pass,Pass,Pass,Pass,Pass,Pass,Pass,Pass,Pass,Pass,Pass,Pass,Pass,Pass,Pass,Pass,Pass,Pass,Pass,Pass,Pass,Pass,Pass,Pass,Pass,Pass,Pass,Pass,Skip,Pass,
05-28-2016,08:18:59,45.0,1,171680057826,PASS,Pass,Pass,Pass,Pass,Pass,Pass,Pass,Pass,Skip,Pass,Pass,Pass,Pass,Pass,Pass,Pass,Pass,Pass,Pass,Pass,Pass,Pass,Pass,Pass,Pass,Pass,Pass,Pass,Pass,Pass,Pass,Pass,Pass,Pass,Pass,Pass,Pass,Pass,Pass,Skip,Pass,
05-28-2016,08:20:54,46.1,2,171680057841,PASS,Pass,Pass,Pass,Pass,Pass,Pass,Pass,Pass,Skip,Pass,Pass,Pass,Pass,Pass,Pass,Pass,Pass,Pass,Pass,Pass,Pass,Pass,Pass,Pass,Pass,Pass,Pass,Pass,Pass,Pass,Pass,Pass,Pass,Pass,Pass,Pass,Pass,Pass,Pass,Skip,Pass,
05-28-2016,08:21:13,45.6,3,171680057842,PASS,Pass,Pass,Pass,Pass,Pass,Pass,Pass,Pass,Skip,Pass,Pass,Pass,Pass,Pass,Pass,Pass,Pass,Pass,Pass,Pass,Pass,Pass,Pass,Pass,Pass,Pass,Pass,Pass,Pass,Pass,Pass,Pass,Pass,Pass,Pass,Pass,Pass,Pass,Pass,Skip,Pass,
05-28-2016,08:21:33,44.9,5,171680057843,PASS,Pass,Pass,Pass,Pass,Pass,Pass,Pass,Pass,Skip,Pass,Pass,Pass,Pass,Pass,Pass,Pass,Pass,Pass,Pass,Pass,Pass,Pass,Pass,Pass,Pass,Pass,Pass,Pass,Pass,Pass,Pass,Pass,Pass,Pass,Pass,Pass,Pass,Pass,Pass,Skip,Pass,
05-28-2016,08:22:18,44.8,6,171680057844,PASS,Pass,Pass,Pass,Pass,Pass,Pass,Pass,Pass,Skip,Pass,Pass,Pass,Pass,Pass,Pass,Pass,Pass,Pass,Pass,Pass,Pass,Pass,Pass,Pass,Pass,Pass,Pass,Pass,Pass,Pass,Pass,Pass,Pass,Pass,Pass,Pass,Pass,Pass,Pass,Skip,Pass,
05-28-2016,08:22:42,44.9,4,171680057846,PASS,Pass,Pass,Pass,Pass,Pass,Pass,Pass,Pass,Skip,Pass,Pass,Pass,Pass,Pass,Pass,Pass,Pass,Pass,Pass,Pass,Pass,Pass,Pass,Pass,Pass,Pass,Pass,Pass,Pass,Pass,Pass,Pass,Pass,Pass,Pass,Pass,Pass,Pass,Pass,Skip,Pass,
05-28-2016,08:23:03,45.1,5,171680057845,PASS,Pass,Pass,Pass,Pass,Pass,Pass,Pass,Pass,Skip,Pass,Pass,Pass,Pass,Pass,Pass,Pass,Pass,Pass,Pass,Pass,Pass,Pass,Pass,Pass,Pass,Pass,Pass,Pass,Pass,Pass,Pass,Pass,Pass,Pass,Pass,Pass,Pass,Pass,Pass,Skip,Pass,
05-28-2016,08:23:21,45.3,1,171680057691,PASS,Pass,Pass,Pass,Pass,Pass,Pass,Pass,Pass,Skip,Pass,Pass,Pass,Pass,Pass,Pass,Pass,Pass,Pass,Pass,Pass,Pass,Pass,Pass,Pass,Pass,Pass,Pass,Pass,Pass,Pass,Pass,Pass,Pass,Pass,Pass,Pass,Pass,Pass,Pass,Skip,Pass,
05-28-2016,08:23:29,44.8,3,171680057692,PASS,Pass,Pass,Pass,Pass,Pass,Pass,Pass,Pass,Skip,Pass,Pass,Pass,Pass,Pass,Pass,Pass,Pass,Pass,Pass,Pass,Pass,Pass,Pass,Pass,Pass,Pass,Pass,Pass,Pass,Pass,Pass,Pass,Pass,Pass,Pass,Pass,Pass,Pass,Pass,Skip,Pass,
05-28-2016,08:23:55,44.2,6,171680057693,PASS,Pass,Pass,Pass,Pass,Pass,Pass,Pass,Pass,Skip,Pass,Pass,Pass,Pass,Pass,Pass,Pass,Pass,Pass,Pass,Pass,Pass,Pass,Pass,Pass,Pass,Pass,Pass,Pass,Pass,Pass,Pass,Pass,Pass,Pass,Pass,Pass,Pass,Pass,Pass,Skip,Pass,
05-28-2016,08:24:29,47.8,4,171680057695,PASS,Pass,Pass,Pass,Pass,Pass,Pass,Pass,Pass,Skip,Pass,Pass,Pass,Pass,Pass,Pass,Pass,Pass,Pass,Pass,Pass,Pass,Pass,Pass,Pass,Pass,Pass,Pass,Pass,Pass,Pass,Pass,Pass,Pass,Pass,Pass,Pass,Pass,Pass,Pass,Skip,Pass,
05-28-2016,08:24:40,45.0,5,171680057694,PASS,Pass,Pass,Pass,Pass,Pass,Pass,Pass,Pass,Skip,Pass,Pass,Pass,Pass,Pass,Pass,Pass,Pass,Pass,Pass,Pass,Pass,Pass,Pass,Pass,Pass,Pass,Pass,Pass,Pass,Pass,Pass,Pass,Pass,Pass,Pass,Pass,Pass,Pass,Pass,Skip,Pass,
05-28-2016,08:24:45,44.0,1,171680057696,PASS,Pass,Pass,Pass,Pass,Pass,Pass,Pass,Pass,Skip,Pass,Pass,Pass,Pass,Pass,Pass,Pass,Pass,Pass,Pass,Pass,Pass,Pass,Pass,Pass,Pass,Pass,Pass,Pass,Pass,Pass,Pass,Pass,Pass,Pass,Pass,Pass,Pass,Pass,Pass,Skip,Pass,
05-28-2016,08:25:30,45.2,2,171680057711,PASS,Pass,Pass,Pass,Pass,Pass,Pass,Pass,Pass,Skip,Pass,Pass,Pass,Pass,Pass,Pass,Pass,Pass,Pass,Pass,Pass,Pass,Pass,Pass,Pass,Pass,Pass,Pass,Pass,Pass,Pass,Pass,Pass,Pass,Pass,Pass,Pass,Pass,Pass,Pass,Skip,Pass,
05-28-2016,08:25:53,45.0,3,171680057712,PASS,Pass,Pass,Pass,Pass,Pass,Pass,Pass,Pass,Skip,Pass,Pass,Pass,Pass,Pass,Pass,Pass,Pass,Pass,Pass,Pass,Pass,Pass,Pass,Pass,Pass,Pass,Pass,Pass,Pass,Pass,Pass,Pass,Pass,Pass,Pass,Pass,Pass,Pass,Pass,Skip,Pass,
05-28-2016,08:26:08,44.8,5,171680057714,PASS,Pass,Pass,Pass,Pass,Pass,Pass,Pass,Pass,Skip,Pass,Pass,Pass,Pass,Pass,Pass,Pass,Pass,Pass,Pass,Pass,Pass,Pass,Pass,Pass,Pass,Pass,Pass,Pass,Pass,Pass,Pass,Pass,Pass,Pass,Pass,Pass,Pass,Pass,Pass,Skip,Pass,
05-28-2016,08:26:15,44.8,1,171680057713,PASS,Pass,Pass,Pass,Pass,Pass,Pass,Pass,Pass,Skip,Pass,Pass,Pass,Pass,Pass,Pass,Pass,Pass,Pass,Pass,Pass,Pass,Pass,Pass,Pass,Pass,Pass,Pass,Pass,Pass,Pass,Pass,Pass,Pass,Pass,Pass,Pass,Pass,Pass,Pass,Skip,Pass,
05-28-2016,08:26:37,44.0,4,171680057715,PASS,Pass,Pass,Pass,Pass,Pass,Pass,Pass,Pass,Skip,Pass,Pass,Pass,Pass,Pass,Pass,Pass,Pass,Pass,Pass,Pass,Pass,Pass,Pass,Pass,Pass,Pass,Pass,Pass,Pass,Pass,Pass,Pass,Pass,Pass,Pass,Pass,Pass,Pass,Pass,Skip,Pass,
05-28-2016,08:27:48,46.4,1,171680057716,PASS,Pass,Pass,Pass,Pass,Pass,Pass,Pass,Pass,Skip,Pass,Pass,Pass,Pass,Pass,Pass,Pass,Pass,Pass,Pass,Pass,Pass,Pass,Pass,Pass,Pass,Pass,Pass,Pass,Pass,Pass,Pass,Pass,Pass,Pass,Pass,Pass,Pass,Pass,Pass,Skip,Pass,
05-28-2016,08:28:26,45.0,3,171680057672,PASS,Pass,Pass,Pass,Pass,Pass,Pass,Pass,Pass,Skip,Pass,Pass,Pass,Pass,Pass,Pass,Pass,Pass,Pass,Pass,Pass,Pass,Pass,Pass,Pass,Pass,Pass,Pass,Pass,Pass,Pass,Pass,Pass,Pass,Pass,Pass,Pass,Pass,Pass,Pass,Skip,Pass,
05-28-2016,08:28:32,44.8,2,171680057671,PASS,Pass,Pass,Pass,Pass,Pass,Pass,Pass,Pass,Skip,Pass,Pass,Pass,Pass,Pass,Pass,Pass,Pass,Pass,Pass,Pass,Pass,Pass,Pass,Pass,Pass,Pass,Pass,Pass,Pass,Pass,Pass,Pass,Pass,Pass,Pass,Pass,Pass,Pass,Pass,Skip,Pass,
05-28-2016,08:28:46,45.0,5,171680057673,PASS,Pass,Pass,Pass,Pass,Pass,Pass,Pass,Pass,Skip,Pass,Pass,Pass,Pass,Pass,Pass,Pass,Pass,Pass,Pass,Pass,Pass,Pass,Pass,Pass,Pass,Pass,Pass,Pass,Pass,Pass,Pass,Pass,Pass,Pass,Pass,Pass,Pass,Pass,Pass,Skip,Pass,
05-28-2016,08:29:17,44.8,1,171680057674,PASS,Pass,Pass,Pass,Pass,Pass,Pass,Pass,Pass,Skip,Pass,Pass,Pass,Pass,Pass,Pass,Pass,Pass,Pass,Pass,Pass,Pass,Pass,Pass,Pass,Pass,Pass,Pass,Pass,Pass,Pass,Pass,Pass,Pass,Pass,Pass,Pass,Pass,Pass,Pass,Skip,Pass,
05-28-2016,08:34:21,44.8,5,171680057704,PASS,Pass,Pass,Pass,Pass,Pass,Pass,Pass,Pass,Skip,Pass,Pass,Pass,Pass,Pass,Pass,Pass,Pass,Pass,Pass,Pass,Pass,Pass,Pass,Pass,Pass,Pass,Pass,Pass,Pass,Pass,Pass,Pass,Pass,Pass,Pass,Pass,Pass,Pass,Pass,Skip,Pass,
05-28-2016,08:34:48,45.0,4,171680057732,PASS,Pass,Pass,Pass,Pass,Pass,Pass,Pass,Pass,Skip,Pass,Pass,Pass,Pass,Pass,Pass,Pass,Pass,Pass,Pass,Pass,Pass,Pass,Pass,Pass,Pass,Pass,Pass,Pass,Pass,Pass,Pass,Pass,Pass,Pass,Pass,Pass,Pass,Pass,Pass,Skip,Pass,
05-28-2016,08:35:07,45.8,6,171680057731,PASS,Pass,Pass,Pass,Pass,Pass,Pass,Pass,Pass,Skip,Pass,Pass,Pass,Pass,Pass,Pass,Pass,Pass,Pass,Pass,Pass,Pass,Pass,Pass,Pass,Pass,Pass,Pass,Pass,Pass,Pass,Pass,Pass,Pass,Pass,Pass,Pass,Pass,Pass,Pass,Skip,Pass,
05-28-2016,08:36:05,44.2,6,171680057736,PASS,Pass,Pass,Pass,Pass,Pass,Pass,Pass,Pass,Skip,Pass,Pass,Pass,Pass,Pass,Pass,Pass,Pass,Pass,Pass,Pass,Pass,Pass,Pass,Pass,Pass,Pass,Pass,Pass,Pass,Pass,Pass,Pass,Pass,Pass,Pass,Pass,Pass,Pass,Pass,Skip,Pass,
05-28-2016,08:36:51,45.8,5,171680057811,PASS,Pass,Pass,Pass,Pass,Pass,Pass,Pass,Pass,Skip,Pass,Pass,Pass,Pass,Pass,Pass,Pass,Pass,Pass,Pass,Pass,Pass,Pass,Pass,Pass,Pass,Pass,Pass,Pass,Pass,Pass,Pass,Pass,Pass,Pass,Pass,Pass,Pass,Pass,Pass,Skip,Pass,
05-28-2016,08:36:54,44.2,4,171680057812,PASS,Pass,Pass,Pass,Pass,Pass,Pass,Pass,Pass,Skip,Pass,Pass,Pass,Pass,Pass,Pass,Pass,Pass,Pass,Pass,Pass,Pass,Pass,Pass,Pass,Pass,Pass,Pass,Pass,Pass,Pass,Pass,Pass,Pass,Pass,Pass,Pass,Pass,Pass,Pass,Skip,Pass,
05-28-2016,08:38:36,44.4,6,171680057813,PASS,Pass,Pass,Pass,Pass,Pass,Pass,Pass,Pass,Skip,Pass,Pass,Pass,Pass,Pass,Pass,Pass,Pass,Pass,Pass,Pass,Pass,Pass,Pass,Pass,Pass,Pass,Pass,Pass,Pass,Pass,Pass,Pass,Pass,Pass,Pass,Pass,Pass,Pass,Pass,Skip,Pass,
05-28-2016,08:39:17,45.0,4,171680057815,PASS,Pass,Pass,Pass,Pass,Pass,Pass,Pass,Pass,Skip,Pass,Pass,Pass,Pass,Pass,Pass,Pass,Pass,Pass,Pass,Pass,Pass,Pass,Pass,Pass,Pass,Pass,Pass,Pass,Pass,Pass,Pass,Pass,Pass,Pass,Pass,Pass,Pass,Pass,Pass,Skip,Pass,
05-28-2016,08:39:21,44.7,5,171680057814,PASS,Pass,Pass,Pass,Pass,Pass,Pass,Pass,Pass,Skip,Pass,Pass,Pass,Pass,Pass,Pass,Pass,Pass,Pass,Pass,Pass,Pass,Pass,Pass,Pass,Pass,Pass,Pass,Pass,Pass,Pass,Pass,Pass,Pass,Pass,Pass,Pass,Pass,Pass,Pass,Skip,Pass,
05-28-2016,08:39:49,47.0,1,171680057771,PASS,Pass,Pass,Pass,Pass,Pass,Pass,Pass,Pass,Skip,Pass,Pass,Pass,Pass,Pass,Pass,Pass,Pass,Pass,Pass,Pass,Pass,Pass,Pass,Pass,Pass,Pass,Pass,Pass,Pass,Pass,Pass,Pass,Pass,Pass,Pass,Pass,Pass,Pass,Pass,Skip,Pass,
05-28-2016,08:40:02,45.3,3,171680057816,PASS,Pass,Pass,Pass,Pass,Pass,Pass,Pass,Pass,Skip,Pass,Pass,Pass,Pass,Pass,Pass,Pass,Pass,Pass,Pass,Pass,Pass,Pass,Pass,Pass,Pass,Pass,Pass,Pass,Pass,Pass,Pass,Pass,Pass,Pass,Pass,Pass,Pass,Pass,Pass,Skip,Pass,
05-28-2016,08:40:34,44.8,2,171680057772,PASS,Pass,Pass,Pass,Pass,Pass,Pass,Pass,Pass,Skip,Pass,Pass,Pass,Pass,Pass,Pass,Pass,Pass,Pass,Pass,Pass,Pass,Pass,Pass,Pass,Pass,Pass,Pass,Pass,Pass,Pass,Pass,Pass,Pass,Pass,Pass,Pass,Pass,Pass,Pass,Skip,Pass,
05-28-2016,08:40:46,44.1,4,171680057773,PASS,Pass,Pass,Pass,Pass,Pass,Pass,Pass,Pass,Skip,Pass,Pass,Pass,Pass,Pass,Pass,Pass,Pass,Pass,Pass,Pass,Pass,Pass,Pass,Pass,Pass,Pass,Pass,Pass,Pass,Pass,Pass,Pass,Pass,Pass,Pass,Pass,Pass,Pass,Pass,Skip,Pass,
05-28-2016,08:41:19,45.9,5,171680057774,PASS,Pass,Pass,Pass,Pass,Pass,Pass,Pass,Pass,Skip,Pass,Pass,Pass,Pass,Pass,Pass,Pass,Pass,Pass,Pass,Pass,Pass,Pass,Pass,Pass,Pass,Pass,Pass,Pass,Pass,Pass,Pass,Pass,Pass,Pass,Pass,Pass,Pass,Pass,Pass,Skip,Pass,
05-28-2016,08:42:00,46.2,4,171680057776,PASS,Pass,Pass,Pass,Pass,Pass,Pass,Pass,Pass,Skip,Pass,Pass,Pass,Pass,Pass,Pass,Pass,Pass,Pass,Pass,Pass,Pass,Pass,Pass,Pass,Pass,Pass,Pass,Pass,Pass,Pass,Pass,Pass,Pass,Pass,Pass,Pass,Pass,Pass,Pass,Skip,Pass,
05-28-2016,08:42:05,45.8,6,171680057775,PASS,Pass,Pass,Pass,Pass,Pass,Pass,Pass,Pass,Skip,Pass,Pass,Pass,Pass,Pass,Pass,Pass,Pass,Pass,Pass,Pass,Pass,Pass,Pass,Pass,Pass,Pass,Pass,Pass,Pass,Pass,Pass,Pass,Pass,Pass,Pass,Pass,Pass,Pass,Pass,Skip,Pass,
05-28-2016,08:42:37,44.1,1,171680055432,PASS,Pass,Pass,Pass,Pass,Pass,Pass,Pass,Pass,Skip,Pass,Pass,Pass,Pass,Pass,Pass,Pass,Pass,Pass,Pass,Pass,Pass,Pass,Pass,Pass,Pass,Pass,Pass,Pass,Pass,Pass,Pass,Pass,Pass,Pass,Pass,Pass,Pass,Pass,Pass,Skip,Pass,
05-28-2016,08:42:53,47.7,5,171680055431,PASS,Pass,Pass,Pass,Pass,Pass,Pass,Pass,Pass,Skip,Pass,Pass,Pass,Pass,Pass,Pass,Pass,Pass,Pass,Pass,Pass,Pass,Pass,Pass,Pass,Pass,Pass,Pass,Pass,Pass,Pass,Pass,Pass,Pass,Pass,Pass,Pass,Pass,Pass,Pass,Skip,Pass,
05-28-2016,08:42:57,45.0,3,171680055433,PASS,Pass,Pass,Pass,Pass,Pass,Pass,Pass,Pass,Skip,Pass,Pass,Pass,Pass,Pass,Pass,Pass,Pass,Pass,Pass,Pass,Pass,Pass,Pass,Pass,Pass,Pass,Pass,Pass,Pass,Pass,Pass,Pass,Pass,Pass,Pass,Pass,Pass,Pass,Pass,Skip,Pass,
05-28-2016,08:43:36,44.3,2,171680055435,PASS,Pass,Pass,Pass,Pass,Pass,Pass,Pass,Pass,Skip,Pass,Pass,Pass,Pass,Pass,Pass,Pass,Pass,Pass,Pass,Pass,Pass,Pass,Pass,Pass,Pass,Pass,Pass,Pass,Pass,Pass,Pass,Pass,Pass,Pass,Pass,Pass,Pass,Pass,Pass,Skip,Pass,
05-28-2016,08:43:39,45.7,6,171680055434,PASS,Pass,Pass,Pass,Pass,Pass,Pass,Pass,Pass,Skip,Pass,Pass,Pass,Pass,Pass,Pass,Pass,Pass,Pass,Pass,Pass,Pass,Pass,Pass,Pass,Pass,Pass,Pass,Pass,Pass,Pass,Pass,Pass,Pass,Pass,Pass,Pass,Pass,Pass,Pass,Skip,Pass,
05-28-2016,08:44:23,44.3,5,171680055436,PASS,Pass,Pass,Pass,Pass,Pass,Pass,Pass,Pass,Skip,Pass,Pass,Pass,Pass,Pass,Pass,Pass,Pass,Pass,Pass,Pass,Pass,Pass,Pass,Pass,Pass,Pass,Pass,Pass,Pass,Pass,Pass,Pass,Pass,Pass,Pass,Pass,Pass,Pass,Pass,Skip,Pass,
05-28-2016,08:44:29,49.3,4,171680049661,PASS,Pass,Pass,Pass,Pass,Pass,Pass,Pass,Pass,Skip,Pass,Pass,Pass,Pass,Pass,Pass,Pass,Pass,Pass,Pass,Pass,Pass,Pass,Pass,Pass,Pass,Pass,Pass,Pass,Pass,Pass,Pass,Pass,Pass,Pass,Pass,Pass,Pass,Pass,Pass,Skip,Pass,
05-28-2016,08:45:07,44.1,6,171680049663,PASS,Pass,Pass,Pass,Pass,Pass,Pass,Pass,Pass,Skip,Pass,Pass,Pass,Pass,Pass,Pass,Pass,Pass,Pass,Pass,Pass,Pass,Pass,Pass,Pass,Pass,Pass,Pass,Pass,Pass,Pass,Pass,Pass,Pass,Pass,Pass,Pass,Pass,Pass,Pass,Skip,Pass,
05-28-2016,08:45:14,45.2,3,171680049662,PASS,Pass,Pass,Pass,Pass,Pass,Pass,Pass,Pass,Skip,Pass,Pass,Pass,Pass,Pass,Pass,Pass,Pass,Pass,Pass,Pass,Pass,Pass,Pass,Pass,Pass,Pass,Pass,Pass,Pass,Pass,Pass,Pass,Pass,Pass,Pass,Pass,Pass,Pass,Pass,Skip,Pass,
05-28-2016,08:45:54,47.0,5,171680049665,PASS,Pass,Pass,Pass,Pass,Pass,Pass,Pass,Pass,Skip,Pass,Pass,Pass,Pass,Pass,Pass,Pass,Pass,Pass,Pass,Pass,Pass,Pass,Pass,Pass,Pass,Pass,Pass,Pass,Pass,Pass,Pass,Pass,Pass,Pass,Pass,Pass,Pass,Pass,Pass,Skip,Pass,
05-28-2016,08:45:58,44.5,4,171680049664,PASS,Pass,Pass,Pass,Pass,Pass,Pass,Pass,Pass,Skip,Pass,Pass,Pass,Pass,Pass,Pass,Pass,Pass,Pass,Pass,Pass,Pass,Pass,Pass,Pass,Pass,Pass,Pass,Pass,Pass,Pass,Pass,Pass,Pass,Pass,Pass,Pass,Pass,Pass,Pass,Skip,Pass,
05-28-2016,08:46:40,45.6,6,171680049666,PASS,Pass,Pass,Pass,Pass,Pass,Pass,Pass,Pass,Skip,Pass,Pass,Pass,Pass,Pass,Pass,Pass,Pass,Pass,Pass,Pass,Pass,Pass,Pass,Pass,Pass,Pass,Pass,Pass,Pass,Pass,Pass,Pass,Pass,Pass,Pass,Pass,Pass,Pass,Pass,Skip,Pass,
05-28-2016,08:46:44,44.8,3,171680055411,PASS,Pass,Pass,Pass,Pass,Pass,Pass,Pass,Pass,Skip,Pass,Pass,Pass,Pass,Pass,Pass,Pass,Pass,Pass,Pass,Pass,Pass,Pass,Pass,Pass,Pass,Pass,Pass,Pass,Pass,Pass,Pass,Pass,Pass,Pass,Pass,Pass,Pass,Pass,Pass,Skip,Pass,
05-28-2016,08:47:33,48.7,4,171680055412,PASS,Pass,Pass,Pass,Pass,Pass,Pass,Pass,Pass,Skip,Pass,Pass,Pass,Pass,Pass,Pass,Pass,Pass,Pass,Pass,Pass,Pass,Pass,Pass,Pass,Pass,Pass,Pass,Pass,Pass,Pass,Pass,Pass,Pass,Pass,Pass,Pass,Pass,Pass,Pass,Skip,Pass,
05-28-2016,08:47:36,52.3,5,171680055413,PASS,Pass,Pass,Pass,Pass,Pass,Pass,Pass,Pass,Skip,Pass,Pass,Pass,Pass,Pass,Pass,Pass,Pass,Pass,Pass,Pass,Pass,Pass,Pass,Pass,Pass,Pass,Pass,Pass,Pass,Pass,Pass,Pass,Pass,Pass,Pass,Pass,Pass,Pass,Pass,Skip,Pass,
05-28-2016,08:48:24,47.9,6,171680055414,PASS,Pass,Pass,Pass,Pass,Pass,Pass,Pass,Pass,Skip,Pass,Pass,Pass,Pass,Pass,Pass,Pass,Pass,Pass,Pass,Pass,Pass,Pass,Pass,Pass,Pass,Pass,Pass,Pass,Pass,Pass,Pass,Pass,Pass,Pass,Pass,Pass,Pass,Pass,Pass,Skip,Pass,
05-28-2016,08:48:29,47.5,4,171680055415,PASS,Pass,Pass,Pass,Pass,Pass,Pass,Pass,Pass,Skip,Pass,Pass,Pass,Pass,Pass,Pass,Pass,Pass,Pass,Pass,Pass,Pass,Pass,Pass,Pass,Pass,Pass,Pass,Pass,Pass,Pass,Pass,Pass,Pass,Pass,Pass,Pass,Pass,Pass,Pass,Skip,Pass,
05-28-2016,08:49:08,52.3,2,171680055416,PASS,Pass,Pass,Pass,Pass,Pass,Pass,Pass,Pass,Skip,Pass,Pass,Pass,Pass,Pass,Pass,Pass,Pass,Pass,Pass,Pass,Pass,Pass,Pass,Pass,Pass,Pass,Pass,Pass,Pass,Pass,Pass,Pass,Pass,Pass,Pass,Pass,Pass,Pass,Pass,Skip,Pass,
05-28-2016,08:49:37,49.3,3,171680052392,PASS,Pass,Pass,Pass,Pass,Pass,Pass,Pass,Pass,Skip,Pass,Pass,Pass,Pass,Pass,Pass,Pass,Pass,Pass,Pass,Pass,Pass,Pass,Pass,Pass,Pass,Pass,Pass,Pass,Pass,Pass,Pass,Pass,Pass,Pass,Pass,Pass,Pass,Pass,Pass,Skip,Pass,
05-28-2016,08:49:59,50.7,1,171680052391,PASS,Pass,Pass,Pass,Pass,Pass,Pass,Pass,Pass,Skip,Pass,Pass,Pass,Pass,Pass,Pass,Pass,Pass,Pass,Pass,Pass,Pass,Pass,Pass,Pass,Pass,Pass,Pass,Pass,Pass,Pass,Pass,Pass,Pass,Pass,Pass,Pass,Pass,Pass,Pass,Skip,Pass,
05-28-2016,08:50:06,46.4,5,171680052394,PASS,Pass,Pass,Pass,Pass,Pass,Pass,Pass,Pass,Skip,Pass,Pass,Pass,Pass,Pass,Pass,Pass,Pass,Pass,Pass,Pass,Pass,Pass,Pass,Pass,Pass,Pass,Pass,Pass,Pass,Pass,Pass,Pass,Pass,Pass,Pass,Pass,Pass,Pass,Pass,Skip,Pass,
05-28-2016,08:50:25,48.6,4,171680052393,PASS,Pass,Pass,Pass,Pass,Pass,Pass,Pass,Pass,Skip,Pass,Pass,Pass,Pass,Pass,Pass,Pass,Pass,Pass,Pass,Pass,Pass,Pass,Pass,Pass,Pass,Pass,Pass,Pass,Pass,Pass,Pass,Pass,Pass,Pass,Pass,Pass,Pass,Pass,Pass,Skip,Pass,
05-28-2016,08:51:07,52.0,2,171680052395,PASS,Pass,Pass,Pass,Pass,Pass,Pass,Pass,Pass,Skip,Pass,Pass,Pass,Pass,Pass,Pass,Pass,Pass,Pass,Pass,Pass,Pass,Pass,Pass,Pass,Pass,Pass,Pass,Pass,Pass,Pass,Pass,Pass,Pass,Pass,Pass,Pass,Pass,Pass,Pass,Skip,Pass,
05-28-2016,08:51:15,47.8,3,171680052396,PASS,Pass,Pass,Pass,Pass,Pass,Pass,Pass,Pass,Skip,Pass,Pass,Pass,Pass,Pass,Pass,Pass,Pass,Pass,Pass,Pass,Pass,Pass,Pass,Pass,Pass,Pass,Pass,Pass,Pass,Pass,Pass,Pass,Pass,Pass,Pass,Pass,Pass,Pass,Pass,Skip,Pass,
05-28-2016,08:51:37,46.3,6,171680055941,PASS,Pass,Pass,Pass,Pass,Pass,Pass,Pass,Pass,Skip,Pass,Pass,Pass,Pass,Pass,Pass,Pass,Pass,Pass,Pass,Pass,Pass,Pass,Pass,Pass,Pass,Pass,Pass,Pass,Pass,Pass,Pass,Pass,Pass,Pass,Pass,Pass,Pass,Pass,Pass,Skip,Pass,
05-28-2016,08:58:18,45.7,3,171680057705,PASS,Pass,Pass,Pass,Pass,Pass,Pass,Pass,Pass,Skip,Pass,Pass,Pass,Pass,Pass,Pass,Pass,Pass,Pass,Pass,Pass,Pass,Pass,Pass,Pass,Pass,Pass,Pass,Pass,Pass,Pass,Pass,Pass,Pass,Pass,Pass,Pass,Pass,Pass,Pass,Skip,Pass,
05-28-2016,08:58:20,44.2,5,171680057706,PASS,Pass,Pass,Pass,Pass,Pass,Pass,Pass,Pass,Skip,Pass,Pass,Pass,Pass,Pass,Pass,Pass,Pass,Pass,Pass,Pass,Pass,Pass,Pass,Pass,Pass,Pass,Pass,Pass,Pass,Pass,Pass,Pass,Pass,Pass,Pass,Pass,Pass,Pass,Pass,Skip,Pass,
05-28-2016,08:58:30,45.1,2,171680057733,PASS,Pass,Pass,Pass,Pass,Pass,Pass,Pass,Pass,Skip,Pass,Pass,Pass,Pass,Pass,Pass,Pass,Pass,Pass,Pass,Pass,Pass,Pass,Pass,Pass,Pass,Pass,Pass,Pass,Pass,Pass,Pass,Pass,Pass,Pass,Pass,Pass,Pass,Pass,Pass,Skip,Pass,
05-28-2016,08:59:04,45.6,4,171680057735,PASS,Pass,Pass,Pass,Pass,Pass,Pass,Pass,Pass,Skip,Pass,Pass,Pass,Pass,Pass,Pass,Pass,Pass,Pass,Pass,Pass,Pass,Pass,Pass,Pass,Pass,Pass,Pass,Pass,Pass,Pass,Pass,Pass,Pass,Pass,Pass,Pass,Pass,Pass,Pass,Skip,Pass,
05-28-2016,08:59:07,47.1,6,171680057734,PASS,Pass,Pass,Pass,Pass,Pass,Pass,Pass,Pass,Skip,Pass,Pass,Pass,Pass,Pass,Pass,Pass,Pass,Pass,Pass,Pass,Pass,Pass,Pass,Pass,Pass,Pass,Pass,Pass,Pass,Pass,Pass,Pass,Pass,Pass,Pass,Pass,Pass,Pass,Pass,Skip,Pass,
05-28-2016,08:59:15,44.7,1,171680057702,PASS,Pass,Pass,Pass,Pass,Pass,Pass,Pass,Pass,Skip,Pass,Pass,Pass,Pass,Pass,Pass,Pass,Pass,Pass,Pass,Pass,Pass,Pass,Pass,Pass,Pass,Pass,Pass,Pass,Pass,Pass,Pass,Pass,Pass,Pass,Pass,Pass,Pass,Pass,Pass,Skip,Pass,
05-28-2016,09:00:22,45.5,1,171680057701,PASS,Pass,Pass,Pass,Pass,Pass,Pass,Pass,Pass,Skip,Pass,Pass,Pass,Pass,Pass,Pass,Pass,Pass,Pass,Pass,Pass,Pass,Pass,Pass,Pass,Pass,Pass,Pass,Pass,Pass,Pass,Pass,Pass,Pass,Pass,Pass,Pass,Pass,Pass,Pass,Skip,Pass,
05-28-2016,09:00:29,45.8,3,171680057755,PASS,Pass,Pass,Pass,Pass,Pass,Pass,Pass,Pass,Skip,Pass,Pass,Pass,Pass,Pass,Pass,Pass,Pass,Pass,Pass,Pass,Pass,Pass,Pass,Pass,Pass,Pass,Pass,Pass,Pass,Pass,Pass,Pass,Pass,Pass,Pass,Pass,Pass,Pass,Pass,Skip,Pass,
05-28-2016,09:00:37,45.8,5,171680057675,PASS,Pass,Pass,Pass,Pass,Pass,Pass,Pass,Pass,Skip,Pass,Pass,Pass,Pass,Pass,Pass,Pass,Pass,Pass,Pass,Pass,Pass,Pass,Pass,Pass,Pass,Pass,Pass,Pass,Pass,Pass,Pass,Pass,Pass,Pass,Pass,Pass,Pass,Pass,Pass,Skip,Pass,
05-28-2016,09:01:07,45.0,2,171680057703,PASS,Pass,Pass,Pass,Pass,Pass,Pass,Pass,Pass,Skip,Pass,Pass,Pass,Pass,Pass,Pass,Pass,Pass,Pass,Pass,Pass,Pass,Pass,Pass,Pass,Pass,Pass,Pass,Pass,Pass,Pass,Pass,Pass,Pass,Pass,Pass,Pass,Pass,Pass,Pass,Skip,Pass,
05-28-2016,09:01:13,44.2,4,171680057676,PASS,Pass,Pass,Pass,Pass,Pass,Pass,Pass,Pass,Skip,Pass,Pass,Pass,Pass,Pass,Pass,Pass,Pass,Pass,Pass,Pass,Pass,Pass,Pass,Pass,Pass,Pass,Pass,Pass,Pass,Pass,Pass,Pass,Pass,Pass,Pass,Pass,Pass,Pass,Pass,Skip,Pass,
05-28-2016,09:01:22,44.9,6,171680057756,PASS,Pass,Pass,Pass,Pass,Pass,Pass,Pass,Pass,Skip,Pass,Pass,Pass,Pass,Pass,Pass,Pass,Pass,Pass,Pass,Pass,Pass,Pass,Pass,Pass,Pass,Pass,Pass,Pass,Pass,Pass,Pass,Pass,Pass,Pass,Pass,Pass,Pass,Pass,Pass,Skip,Pass,
05-28-2016,09:02:11,44.1,1,171680057752,PASS,Pass,Pass,Pass,Pass,Pass,Pass,Pass,Pass,Skip,Pass,Pass,Pass,Pass,Pass,Pass,Pass,Pass,Pass,Pass,Pass,Pass,Pass,Pass,Pass,Pass,Pass,Pass,Pass,Pass,Pass,Pass,Pass,Pass,Pass,Pass,Pass,Pass,Pass,Pass,Skip,Pass,
05-28-2016,09:02:14,45.2,3,171680057753,PASS,Pass,Pass,Pass,Pass,Pass,Pass,Pass,Pass,Skip,Pass,Pass,Pass,Pass,Pass,Pass,Pass,Pass,Pass,Pass,Pass,Pass,Pass,Pass,Pass,Pass,Pass,Pass,Pass,Pass,Pass,Pass,Pass,Pass,Pass,Pass,Pass,Pass,Pass,Pass,Skip,Pass,
05-28-2016,09:02:22,45.0,5,171680057384,PASS,Pass,Pass,Pass,Pass,Pass,Pass,Pass,Pass,Skip,Pass,Pass,Pass,Pass,Pass,Pass,Pass,Pass,Pass,Pass,Pass,Pass,Pass,Pass,Pass,Pass,Pass,Pass,Pass,Pass,Pass,Pass,Pass,Pass,Pass,Pass,Pass,Pass,Pass,Pass,Skip,Pass,
05-28-2016,09:02:56,44.5,2,171680057754,PASS,Pass,Pass,Pass,Pass,Pass,Pass,Pass,Pass,Skip,Pass,Pass,Pass,Pass,Pass,Pass,Pass,Pass,Pass,Pass,Pass,Pass,Pass,Pass,Pass,Pass,Pass,Pass,Pass,Pass,Pass,Pass,Pass,Pass,Pass,Pass,Pass,Pass,Pass,Pass,Skip,Pass,
05-28-2016,09:02:59,44.0,4,171680057751,PASS,Pass,Pass,Pass,Pass,Pass,Pass,Pass,Pass,Skip,Pass,Pass,Pass,Pass,Pass,Pass,Pass,Pass,Pass,Pass,Pass,Pass,Pass,Pass,Pass,Pass,Pass,Pass,Pass,Pass,Pass,Pass,Pass,Pass,Pass,Pass,Pass,Pass,Pass,Pass,Skip,Pass,
05-28-2016,09:03:07,45.0,6,171680057382,PASS,Pass,Pass,Pass,Pass,Pass,Pass,Pass,Pass,Skip,Pass,Pass,Pass,Pass,Pass,Pass,Pass,Pass,Pass,Pass,Pass,Pass,Pass,Pass,Pass,Pass,Pass,Pass,Pass,Pass,Pass,Pass,Pass,Pass,Pass,Pass,Pass,Pass,Pass,Pass,Skip,Pass,
05-28-2016,09:05:26,44.4,6,171680057381,PASS,Pass,Pass,Pass,Pass,Pass,Pass,Pass,Pass,Skip,Pass,Pass,Pass,Pass,Pass,Pass,Pass,Pass,Pass,Pass,Pass,Pass,Pass,Pass,Pass,Pass,Pass,Pass,Pass,Pass,Pass,Pass,Pass,Pass,Pass,Pass,Pass,Pass,Pass,Pass,Skip,Pass,
05-28-2016,09:05:30,44.3,4,171680058376,PASS,Pass,Pass,Pass,Pass,Pass,Pass,Pass,Pass,Skip,Pass,Pass,Pass,Pass,Pass,Pass,Pass,Pass,Pass,Pass,Pass,Pass,Pass,Pass,Pass,Pass,Pass,Pass,Pass,Pass,Pass,Pass,Pass,Pass,Pass,Pass,Pass,Pass,Pass,Pass,Skip,Pass,
05-28-2016,09:05:36,44.0,2,171680058375,PASS,Pass,Pass,Pass,Pass,Pass,Pass,Pass,Pass,Skip,Pass,Pass,Pass,Pass,Pass,Pass,Pass,Pass,Pass,Pass,Pass,Pass,Pass,Pass,Pass,Pass,Pass,Pass,Pass,Pass,Pass,Pass,Pass,Pass,Pass,Pass,Pass,Pass,Pass,Pass,Skip,Pass,
05-28-2016,09:06:11,45.1,5,171680058366,PASS,Pass,Pass,Pass,Pass,Pass,Pass,Pass,Pass,Skip,Pass,Pass,Pass,Pass,Pass,Pass,Pass,Pass,Pass,Pass,Pass,Pass,Pass,Pass,Pass,Pass,Pass,Pass,Pass,Pass,Pass,Pass,Pass,Pass,Pass,Pass,Pass,Pass,Pass,Pass,Skip,Pass,
05-28-2016,09:06:15,44.9,3,171680058374,PASS,Pass,Pass,Pass,Pass,Pass,Pass,Pass,Pass,Skip,Pass,Pass,Pass,Pass,Pass,Pass,Pass,Pass,Pass,Pass,Pass,Pass,Pass,Pass,Pass,Pass,Pass,Pass,Pass,Pass,Pass,Pass,Pass,Pass,Pass,Pass,Pass,Pass,Pass,Pass,Skip,Pass,
05-28-2016,09:06:21,44.8,1,171680058381,PASS,Pass,Pass,Pass,Pass,Pass,Pass,Pass,Pass,Skip,Pass,Pass,Pass,Pass,Pass,Pass,Pass,Pass,Pass,Pass,Pass,Pass,Pass,Pass,Pass,Pass,Pass,Pass,Pass,Pass,Pass,Pass,Pass,Pass,Pass,Pass,Pass,Pass,Pass,Pass,Skip,Pass,
05-28-2016,09:11:00,45.2,1,171680058394,PASS,Pass,Pass,Pass,Pass,Pass,Pass,Pass,Pass,Skip,Pass,Pass,Pass,Pass,Pass,Pass,Pass,Pass,Pass,Pass,Pass,Pass,Pass,Pass,Pass,Pass,Pass,Pass,Pass,Pass,Pass,Pass,Pass,Pass,Pass,Pass,Pass,Pass,Pass,Pass,Skip,Pass,
05-28-2016,09:11:02,44.2,3,171680058385,PASS,Pass,Pass,Pass,Pass,Pass,Pass,Pass,Pass,Skip,Pass,Pass,Pass,Pass,Pass,Pass,Pass,Pass,Pass,Pass,Pass,Pass,Pass,Pass,Pass,Pass,Pass,Pass,Pass,Pass,Pass,Pass,Pass,Pass,Pass,Pass,Pass,Pass,Pass,Pass,Skip,Pass,
05-28-2016,09:11:07,44.9,5,171680058393,PASS,Pass,Pass,Pass,Pass,Pass,Pass,Pass,Pass,Skip,Pass,Pass,Pass,Pass,Pass,Pass,Pass,Pass,Pass,Pass,Pass,Pass,Pass,Pass,Pass,Pass,Pass,Pass,Pass,Pass,Pass,Pass,Pass,Pass,Pass,Pass,Pass,Pass,Pass,Pass,Skip,Pass,
05-28-2016,09:11:45,44.0,2,171680058386,PASS,Pass,Pass,Pass,Pass,Pass,Pass,Pass,Pass,Skip,Pass,Pass,Pass,Pass,Pass,Pass,Pass,Pass,Pass,Pass,Pass,Pass,Pass,Pass,Pass,Pass,Pass,Pass,Pass,Pass,Pass,Pass,Pass,Pass,Pass,Pass,Pass,Pass,Pass,Pass,Skip,Pass,
05-28-2016,09:11:47,44.4,4,171680058383,PASS,Pass,Pass,Pass,Pass,Pass,Pass,Pass,Pass,Skip,Pass,Pass,Pass,Pass,Pass,Pass,Pass,Pass,Pass,Pass,Pass,Pass,Pass,Pass,Pass,Pass,Pass,Pass,Pass,Pass,Pass,Pass,Pass,Pass,Pass,Pass,Pass,Pass,Pass,Pass,Skip,Pass,
05-28-2016,09:11:55,47.3,6,171680058395,PASS,Pass,Pass,Pass,Pass,Pass,Pass,Pass,Pass,Skip,Pass,Pass,Pass,Pass,Pass,Pass,Pass,Pass,Pass,Pass,Pass,Pass,Pass,Pass,Pass,Pass,Pass,Pass,Pass,Pass,Pass,Pass,Pass,Pass,Pass,Pass,Pass,Pass,Pass,Pass,Skip,Pass,
05-28-2016,09:13:46,44.3,1,171680054653,PASS,Pass,Pass,Pass,Pass,Pass,Pass,Pass,Pass,Skip,Pass,Pass,Pass,Pass,Pass,Pass,Pass,Pass,Pass,Pass,Pass,Pass,Pass,Pass,Pass,Pass,Pass,Pass,Pass,Pass,Pass,Pass,Pass,Pass,Pass,Pass,Pass,Pass,Pass,Pass,Skip,Pass,
05-28-2016,09:14:02,44.9,3,171680054652,PASS,Pass,Pass,Pass,Pass,Pass,Pass,Pass,Pass,Skip,Pass,Pass,Pass,Pass,Pass,Pass,Pass,Pass,Pass,Pass,Pass,Pass,Pass,Pass,Pass,Pass,Pass,Pass,Pass,Pass,Pass,Pass,Pass,Pass,Pass,Pass,Pass,Pass,Pass,Pass,Skip,Pass,
05-28-2016,09:14:31,44.8,2,171680058396,PASS,Pass,Pass,Pass,Pass,Pass,Pass,Pass,Pass,Skip,Pass,Pass,Pass,Pass,Pass,Pass,Pass,Pass,Pass,Pass,Pass,Pass,Pass,Pass,Pass,Pass,Pass,Pass,Pass,Pass,Pass,Pass,Pass,Pass,Pass,Pass,Pass,Pass,Pass,Pass,Skip,Pass,
05-28-2016,09:14:47,44.3,4,171680058402,PASS,Pass,Pass,Pass,Pass,Pass,Pass,Pass,Pass,Skip,Pass,Pass,Pass,Pass,Pass,Pass,Pass,Pass,Pass,Pass,Pass,Pass,Pass,Pass,Pass,Pass,Pass,Pass,Pass,Pass,Pass,Pass,Pass,Pass,Pass,Pass,Pass,Pass,Pass,Pass,Skip,Pass,
05-28-2016,09:14:56,49.2,5,171680054655,PASS,Pass,Pass,Pass,Pass,Pass,Pass,Pass,Pass,Skip,Pass,Pass,Pass,Pass,Pass,Pass,Pass,Pass,Pass,Pass,Pass,Pass,Pass,Pass,Pass,Pass,Pass,Pass,Pass,Pass,Pass,Pass,Pass,Pass,Pass,Pass,Pass,Pass,Pass,Pass,Skip,Pass,
05-28-2016,09:15:32,45.8,3,171680054656,PASS,Pass,Pass,Pass,Pass,Pass,Pass,Pass,Pass,Skip,Pass,Pass,Pass,Pass,Pass,Pass,Pass,Pass,Pass,Pass,Pass,Pass,Pass,Pass,Pass,Pass,Pass,Pass,Pass,Pass,Pass,Pass,Pass,Pass,Pass,Pass,Pass,Pass,Pass,Pass,Skip,Pass,
05-28-2016,09:15:43,47.1,6,171680054654,PASS,Pass,Pass,Pass,Pass,Pass,Pass,Pass,Pass,Skip,Pass,Pass,Pass,Pass,Pass,Pass,Pass,Pass,Pass,Pass,Pass,Pass,Pass,Pass,Pass,Pass,Pass,Pass,Pass,Pass,Pass,Pass,Pass,Pass,Pass,Pass,Pass,Pass,Pass,Pass,Skip,Pass,
05-28-2016,09:15:57,45.0,2,171680056771,PASS,Pass,Pass,Pass,Pass,Pass,Pass,Pass,Pass,Skip,Pass,Pass,Pass,Pass,Pass,Pass,Pass,Pass,Pass,Pass,Pass,Pass,Pass,Pass,Pass,Pass,Pass,Pass,Pass,Pass,Pass,Pass,Pass,Pass,Pass,Pass,Pass,Pass,Pass,Pass,Skip,Pass,
05-28-2016,09:17:48,45.6,1,171680056772,PASS,Pass,Pass,Pass,Pass,Pass,Pass,Pass,Pass,Skip,Pass,Pass,Pass,Pass,Pass,Pass,Pass,Pass,Pass,Pass,Pass,Pass,Pass,Pass,Pass,Pass,Pass,Pass,Pass,Pass,Pass,Pass,Pass,Pass,Pass,Pass,Pass,Pass,Pass,Pass,Skip,Pass,
05-28-2016,09:18:24,44.8,3,171680056774,PASS,Pass,Pass,Pass,Pass,Pass,Pass,Pass,Pass,Skip,Pass,Pass,Pass,Pass,Pass,Pass,Pass,Pass,Pass,Pass,Pass,Pass,Pass,Pass,Pass,Pass,Pass,Pass,Pass,Pass,Pass,Pass,Pass,Pass,Pass,Pass,Pass,Pass,Pass,Pass,Skip,Pass,
05-28-2016,09:18:32,44.1,2,171680056773,PASS,Pass,Pass,Pass,Pass,Pass,Pass,Pass,Pass,Skip,Pass,Pass,Pass,Pass,Pass,Pass,Pass,Pass,Pass,Pass,Pass,Pass,Pass,Pass,Pass,Pass,Pass,Pass,Pass,Pass,Pass,Pass,Pass,Pass,Pass,Pass,Pass,Pass,Pass,Pass,Skip,Pass,
05-28-2016,09:19:09,44.9,4,171680056775,PASS,Pass,Pass,Pass,Pass,Pass,Pass,Pass,Pass,Skip,Pass,Pass,Pass,Pass,Pass,Pass,Pass,Pass,Pass,Pass,Pass,Pass,Pass,Pass,Pass,Pass,Pass,Pass,Pass,Pass,Pass,Pass,Pass,Pass,Pass,Pass,Pass,Pass,Pass,Pass,Skip,Pass,
05-28-2016,09:19:11,45.0,5,171680056776,PASS,Pass,Pass,Pass,Pass,Pass,Pass,Pass,Pass,Skip,Pass,Pass,Pass,Pass,Pass,Pass,Pass,Pass,Pass,Pass,Pass,Pass,Pass,Pass,Pass,Pass,Pass,Pass,Pass,Pass,Pass,Pass,Pass,Pass,Pass,Pass,Pass,Pass,Pass,Pass,Skip,Pass,
05-28-2016,09:19:53,44.1,3,171680056731,PASS,Pass,Pass,Pass,Pass,Pass,Pass,Pass,Pass,Skip,Pass,Pass,Pass,Pass,Pass,Pass,Pass,Pass,Pass,Pass,Pass,Pass,Pass,Pass,Pass,Pass,Pass,Pass,Pass,Pass,Pass,Pass,Pass,Pass,Pass,Pass,Pass,Pass,Pass,Pass,Skip,Pass,
05-28-2016,09:19:56,45.1,1,171680056732,PASS,Pass,Pass,Pass,Pass,Pass,Pass,Pass,Pass,Skip,Pass,Pass,Pass,Pass,Pass,Pass,Pass,Pass,Pass,Pass,Pass,Pass,Pass,Pass,Pass,Pass,Pass,Pass,Pass,Pass,Pass,Pass,Pass,Pass,Pass,Pass,Pass,Pass,Pass,Pass,Skip,Pass,
05-28-2016,09:21:36,47.3,2,171680056733,PASS,Pass,Pass,Pass,Pass,Pass,Pass,Pass,Pass,Skip,Pass,Pass,Pass,Pass,Pass,Pass,Pass,Pass,Pass,Pass,Pass,Pass,Pass,Pass,Pass,Pass,Pass,Pass,Pass,Pass,Pass,Pass,Pass,Pass,Pass,Pass,Pass,Pass,Pass,Pass,Skip,Pass,
05-28-2016,09:21:45,45.6,3,171680056734,PASS,Pass,Pass,Pass,Pass,Pass,Pass,Pass,Pass,Skip,Pass,Pass,Pass,Pass,Pass,Pass,Pass,Pass,Pass,Pass,Pass,Pass,Pass,Pass,Pass,Pass,Pass,Pass,Pass,Pass,Pass,Pass,Pass,Pass,Pass,Pass,Pass,Pass,Pass,Pass,Skip,Pass,
05-28-2016,09:22:21,44.9,1,171680056735,PASS,Pass,Pass,Pass,Pass,Pass,Pass,Pass,Pass,Skip,Pass,Pass,Pass,Pass,Pass,Pass,Pass,Pass,Pass,Pass,Pass,Pass,Pass,Pass,Pass,Pass,Pass,Pass,Pass,Pass,Pass,Pass,Pass,Pass,Pass,Pass,Pass,Pass,Pass,Pass,Skip,Pass,
05-28-2016,09:25:35,44.0,1,171680056736,PASS,Pass,Pass,Pass,Pass,Pass,Pass,Pass,Pass,Skip,Pass,Pass,Pass,Pass,Pass,Pass,Pass,Pass,Pass,Pass,Pass,Pass,Pass,Pass,Pass,Pass,Pass,Pass,Pass,Pass,Pass,Pass,Pass,Pass,Pass,Pass,Pass,Pass,Pass,Pass,Skip,Pass,
05-28-2016,09:26:20,45.2,2,171680056781,PASS,Pass,Pass,Pass,Pass,Pass,Pass,Pass,Pass,Skip,Pass,Pass,Pass,Pass,Pass,Pass,Pass,Pass,Pass,Pass,Pass,Pass,Pass,Pass,Pass,Pass,Pass,Pass,Pass,Pass,Pass,Pass,Pass,Pass,Pass,Pass,Pass,Pass,Pass,Pass,Skip,Pass,
05-28-2016,09:26:23,44.1,3,171680056782,PASS,Pass,Pass,Pass,Pass,Pass,Pass,Pass,Pass,Skip,Pass,Pass,Pass,Pass,Pass,Pass,Pass,Pass,Pass,Pass,Pass,Pass,Pass,Pass,Pass,Pass,Pass,Pass,Pass,Pass,Pass,Pass,Pass,Pass,Pass,Pass,Pass,Pass,Pass,Pass,Skip,Pass,
05-28-2016,09:27:07,47.8,5,171680056784,PASS,Pass,Pass,Pass,Pass,Pass,Pass,Pass,Pass,Skip,Pass,Pass,Pass,Pass,Pass,Pass,Pass,Pass,Pass,Pass,Pass,Pass,Pass,Pass,Pass,Pass,Pass,Pass,Pass,Pass,Pass,Pass,Pass,Pass,Pass,Pass,Pass,Pass,Pass,Pass,Skip,Pass,
05-28-2016,09:27:08,45.1,4,171680056783,PASS,Pass,Pass,Pass,Pass,Pass,Pass,Pass,Pass,Skip,Pass,Pass,Pass,Pass,Pass,Pass,Pass,Pass,Pass,Pass,Pass,Pass,Pass,Pass,Pass,Pass,Pass,Pass,Pass,Pass,Pass,Pass,Pass,Pass,Pass,Pass,Pass,Pass,Pass,Pass,Skip,Pass,
05-28-2016,09:27:51,44.4,6,171680056785,PASS,Pass,Pass,Pass,Pass,Pass,Pass,Pass,Pass,Skip,Pass,Pass,Pass,Pass,Pass,Pass,Pass,Pass,Pass,Pass,Pass,Pass,Pass,Pass,Pass,Pass,Pass,Pass,Pass,Pass,Pass,Pass,Pass,Pass,Pass,Pass,Pass,Pass,Pass,Pass,Skip,Pass,
05-28-2016,09:27:52,44.0,3,171680056786,PASS,Pass,Pass,Pass,Pass,Pass,Pass,Pass,Pass,Skip,Pass,Pass,Pass,Pass,Pass,Pass,Pass,Pass,Pass,Pass,Pass,Pass,Pass,Pass,Pass,Pass,Pass,Pass,Pass,Pass,Pass,Pass,Pass,Pass,Pass,Pass,Pass,Pass,Pass,Pass,Skip,Pass,
05-28-2016,09:28:36,44.8,5,171680056881,PASS,Pass,Pass,Pass,Pass,Pass,Pass,Pass,Pass,Skip,Pass,Pass,Pass,Pass,Pass,Pass,Pass,Pass,Pass,Pass,Pass,Pass,Pass,Pass,Pass,Pass,Pass,Pass,Pass,Pass,Pass,Pass,Pass,Pass,Pass,Pass,Pass,Pass,Pass,Pass,Skip,Pass,
05-28-2016,09:28:39,44.7,1,171680056882,PASS,Pass,Pass,Pass,Pass,Pass,Pass,Pass,Pass,Skip,Pass,Pass,Pass,Pass,Pass,Pass,Pass,Pass,Pass,Pass,Pass,Pass,Pass,Pass,Pass,Pass,Pass,Pass,Pass,Pass,Pass,Pass,Pass,Pass,Pass,Pass,Pass,Pass,Pass,Pass,Skip,Pass,
05-28-2016,09:29:21,44.3,3,171680056884,PASS,Pass,Pass,Pass,Pass,Pass,Pass,Pass,Pass,Skip,Pass,Pass,Pass,Pass,Pass,Pass,Pass,Pass,Pass,Pass,Pass,Pass,Pass,Pass,Pass,Pass,Pass,Pass,Pass,Pass,Pass,Pass,Pass,Pass,Pass,Pass,Pass,Pass,Pass,Pass,Skip,Pass,
05-28-2016,09:29:26,46.5,2,171680056883,PASS,Pass,Pass,Pass,Pass,Pass,Pass,Pass,Pass,Skip,Pass,Pass,Pass,Pass,Pass,Pass,Pass,Pass,Pass,Pass,Pass,Pass,Pass,Pass,Pass,Pass,Pass,Pass,Pass,Pass,Pass,Pass,Pass,Pass,Pass,Pass,Pass,Pass,Pass,Pass,Skip,Pass,
05-28-2016,09:30:06,44.9,4,171680056885,PASS,Pass,Pass,Pass,Pass,Pass,Pass,Pass,Pass,Skip,Pass,Pass,Pass,Pass,Pass,Pass,Pass,Pass,Pass,Pass,Pass,Pass,Pass,Pass,Pass,Pass,Pass,Pass,Pass,Pass,Pass,Pass,Pass,Pass,Pass,Pass,Pass,Pass,Pass,Pass,Skip,Pass,
05-28-2016,09:30:12,45.9,1,171680056886,PASS,Pass,Pass,Pass,Pass,Pass,Pass,Pass,Pass,Skip,Pass,Pass,Pass,Pass,Pass,Pass,Pass,Pass,Pass,Pass,Pass,Pass,Pass,Pass,Pass,Pass,Pass,Pass,Pass,Pass,Pass,Pass,Pass,Pass,Pass,Pass,Pass,Pass,Pass,Pass,Skip,Pass,
05-28-2016,09:30:50,44.2,3,171680056791,PASS,Pass,Pass,Pass,Pass,Pass,Pass,Pass,Pass,Skip,Pass,Pass,Pass,Pass,Pass,Pass,Pass,Pass,Pass,Pass,Pass,Pass,Pass,Pass,Pass,Pass,Pass,Pass,Pass,Pass,Pass,Pass,Pass,Pass,Pass,Pass,Pass,Pass,Pass,Pass,Skip,Pass,
05-28-2016,09:32:48,45.8,1,171680056792,PASS,Pass,Pass,Pass,Pass,Pass,Pass,Pass,Pass,Skip,Pass,Pass,Pass,Pass,Pass,Pass,Pass,Pass,Pass,Pass,Pass,Pass,Pass,Pass,Pass,Pass,Pass,Pass,Pass,Pass,Pass,Pass,Pass,Pass,Pass,Pass,Pass,Pass,Pass,Pass,Skip,Pass,
05-28-2016,09:33:22,45.5,3,171680056794,PASS,Pass,Pass,Pass,Pass,Pass,Pass,Pass,Pass,Skip,Pass,Pass,Pass,Pass,Pass,Pass,Pass,Pass,Pass,Pass,Pass,Pass,Pass,Pass,Pass,Pass,Pass,Pass,Pass,Pass,Pass,Pass,Pass,Pass,Pass,Pass,Pass,Pass,Pass,Pass,Skip,Pass,
05-28-2016,09:33:33,44.2,2,171680056793,PASS,Pass,Pass,Pass,Pass,Pass,Pass,Pass,Pass,Skip,Pass,Pass,Pass,Pass,Pass,Pass,Pass,Pass,Pass,Pass,Pass,Pass,Pass,Pass,Pass,Pass,Pass,Pass,Pass,Pass,Pass,Pass,Pass,Pass,Pass,Pass,Pass,Pass,Pass,Pass,Skip,Pass,
05-28-2016,09:34:07,44.9,4,171680056795,PASS,Pass,Pass,Pass,Pass,Pass,Pass,Pass,Pass,Skip,Pass,Pass,Pass,Pass,Pass,Pass,Pass,Pass,Pass,Pass,Pass,Pass,Pass,Pass,Pass,Pass,Pass,Pass,Pass,Pass,Pass,Pass,Pass,Pass,Pass,Pass,Pass,Pass,Pass,Pass,Skip,Pass,
05-28-2016,09:34:19,45.8,1,171680056796,PASS,Pass,Pass,Pass,Pass,Pass,Pass,Pass,Pass,Skip,Pass,Pass,Pass,Pass,Pass,Pass,Pass,Pass,Pass,Pass,Pass,Pass,Pass,Pass,Pass,Pass,Pass,Pass,Pass,Pass,Pass,Pass,Pass,Pass,Pass,Pass,Pass,Pass,Pass,Pass,Skip,Pass,
05-28-2016,09:34:24,44.9,5,171680056801,PASS,Pass,Pass,Pass,Pass,Pass,Pass,Pass,Pass,Skip,Pass,Pass,Pass,Pass,Pass,Pass,Pass,Pass,Pass,Pass,Pass,Pass,Pass,Pass,Pass,Pass,Pass,Pass,Pass,Pass,Pass,Pass,Pass,Pass,Pass,Pass,Pass,Pass,Pass,Pass,Skip,Pass,
05-28-2016,09:35:04,45.5,2,171680056802,PASS,Pass,Pass,Pass,Pass,Pass,Pass,Pass,Pass,Skip,Pass,Pass,Pass,Pass,Pass,Pass,Pass,Pass,Pass,Pass,Pass,Pass,Pass,Pass,Pass,Pass,Pass,Pass,Pass,Pass,Pass,Pass,Pass,Pass,Pass,Pass,Pass,Pass,Pass,Pass,Skip,Pass,
05-28-2016,09:35:05,45.5,3,171680056803,PASS,Pass,Pass,Pass,Pass,Pass,Pass,Pass,Pass,Skip,Pass,Pass,Pass,Pass,Pass,Pass,Pass,Pass,Pass,Pass,Pass,Pass,Pass,Pass,Pass,Pass,Pass,Pass,Pass,Pass,Pass,Pass,Pass,Pass,Pass,Pass,Pass,Pass,Pass,Pass,Skip,Pass,
05-28-2016,09:35:51,46.3,1,171680056804,PASS,Pass,Pass,Pass,Pass,Pass,Pass,Pass,Pass,Skip,Pass,Pass,Pass,Pass,Pass,Pass,Pass,Pass,Pass,Pass,Pass,Pass,Pass,Pass,Pass,Pass,Pass,Pass,Pass,Pass,Pass,Pass,Pass,Pass,Pass,Pass,Pass,Pass,Pass,Pass,Skip,Pass,
05-28-2016,09:35:51,46.4,4,171680056805,PASS,Pass,Pass,Pass,Pass,Pass,Pass,Pass,Pass,Skip,Pass,Pass,Pass,Pass,Pass,Pass,Pass,Pass,Pass,Pass,Pass,Pass,Pass,Pass,Pass,Pass,Pass,Pass,Pass,Pass,Pass,Pass,Pass,Pass,Pass,Pass,Pass,Pass,Pass,Pass,Skip,Pass,
05-28-2016,09:36:03,46.4,5,171680056806,PASS,Pass,Pass,Pass,Pass,Pass,Pass,Pass,Pass,Skip,Pass,Pass,Pass,Pass,Pass,Pass,Pass,Pass,Pass,Pass,Pass,Pass,Pass,Pass,Pass,Pass,Pass,Pass,Pass,Pass,Pass,Pass,Pass,Pass,Pass,Pass,Pass,Pass,Pass,Pass,Skip,Pass,
05-28-2016,09:36:36,44.9,2,171680056811,PASS,Pass,Pass,Pass,Pass,Pass,Pass,Pass,Pass,Skip,Pass,Pass,Pass,Pass,Pass,Pass,Pass,Pass,Pass,Pass,Pass,Pass,Pass,Pass,Pass,Pass,Pass,Pass,Pass,Pass,Pass,Pass,Pass,Pass,Pass,Pass,Pass,Pass,Pass,Pass,Skip,Pass,
05-28-2016,09:37:08,43.9,3,171680056812,PASS,Pass,Pass,Pass,Pass,Pass,Pass,Pass,Pass,Skip,Pass,Pass,Pass,Pass,Pass,Pass,Pass,Pass,Pass,Pass,Pass,Pass,Pass,Pass,Pass,Pass,Pass,Pass,Pass,Pass,Pass,Pass,Pass,Pass,Pass,Pass,Pass,Pass,Pass,Pass,Skip,Pass,
05-28-2016,09:37:27,46.0,6,171680056813,PASS,Pass,Pass,Pass,Pass,Pass,Pass,Pass,Pass,Skip,Pass,Pass,Pass,Pass,Pass,Pass,Pass,Pass,Pass,Pass,Pass,Pass,Pass,Pass,Pass,Pass,Pass,Pass,Pass,Pass,Pass,Pass,Pass,Pass,Pass,Pass,Pass,Pass,Pass,Pass,Skip,Pass,
05-28-2016,09:37:47,45.7,1,171680056814,PASS,Pass,Pass,Pass,Pass,Pass,Pass,Pass,Pass,Skip,Pass,Pass,Pass,Pass,Pass,Pass,Pass,Pass,Pass,Pass,Pass,Pass,Pass,Pass,Pass,Pass,Pass,Pass,Pass,Pass,Pass,Pass,Pass,Pass,Pass,Pass,Pass,Pass,Pass,Pass,Skip,Pass,
05-28-2016,09:38:25,44.3,3,171680056816,PASS,Pass,Pass,Pass,Pass,Pass,Pass,Pass,Pass,Skip,Pass,Pass,Pass,Pass,Pass,Pass,Pass,Pass,Pass,Pass,Pass,Pass,Pass,Pass,Pass,Pass,Pass,Pass,Pass,Pass,Pass,Pass,Pass,Pass,Pass,Pass,Pass,Pass,Pass,Pass,Skip,Pass,
05-28-2016,09:38:32,45.0,2,171680056815,PASS,Pass,Pass,Pass,Pass,Pass,Pass,Pass,Pass,Skip,Pass,Pass,Pass,Pass,Pass,Pass,Pass,Pass,Pass,Pass,Pass,Pass,Pass,Pass,Pass,Pass,Pass,Pass,Pass,Pass,Pass,Pass,Pass,Pass,Pass,Pass,Pass,Pass,Pass,Pass,Skip,Pass,
05-28-2016,09:39:08,45.1,5,171680056902,PASS,Pass,Pass,Pass,Pass,Pass,Pass,Pass,Pass,Skip,Pass,Pass,Pass,Pass,Pass,Pass,Pass,Pass,Pass,Pass,Pass,Pass,Pass,Pass,Pass,Pass,Pass,Pass,Pass,Pass,Pass,Pass,Pass,Pass,Pass,Pass,Pass,Pass,Pass,Pass,Skip,Pass,
05-28-2016,09:39:09,44.3,4,171680056901,PASS,Pass,Pass,Pass,Pass,Pass,Pass,Pass,Pass,Skip,Pass,Pass,Pass,Pass,Pass,Pass,Pass,Pass,Pass,Pass,Pass,Pass,Pass,Pass,Pass,Pass,Pass,Pass,Pass,Pass,Pass,Pass,Pass,Pass,Pass,Pass,Pass,Pass,Pass,Pass,Skip,Pass,
05-28-2016,09:39:53,45.0,6,171680056903,PASS,Pass,Pass,Pass,Pass,Pass,Pass,Pass,Pass,Skip,Pass,Pass,Pass,Pass,Pass,Pass,Pass,Pass,Pass,Pass,Pass,Pass,Pass,Pass,Pass,Pass,Pass,Pass,Pass,Pass,Pass,Pass,Pass,Pass,Pass,Pass,Pass,Pass,Pass,Pass,Skip,Pass,
05-28-2016,09:42:19,46.2,1,171680056904,PASS,Pass,Pass,Pass,Pass,Pass,Pass,Pass,Pass,Skip,Pass,Pass,Pass,Pass,Pass,Pass,Pass,Pass,Pass,Pass,Pass,Pass,Pass,Pass,Pass,Pass,Pass,Pass,Pass,Pass,Pass,Pass,Pass,Pass,Pass,Pass,Pass,Pass,Pass,Pass,Skip,Pass,
05-28-2016,09:42:48,45.0,3,171680056906,PASS,Pass,Pass,Pass,Pass,Pass,Pass,Pass,Pass,Skip,Pass,Pass,Pass,Pass,Pass,Pass,Pass,Pass,Pass,Pass,Pass,Pass,Pass,Pass,Pass,Pass,Pass,Pass,Pass,Pass,Pass,Pass,Pass,Pass,Pass,Pass,Pass,Pass,Pass,Pass,Skip,Pass,
05-28-2016,09:43:05,45.1,2,171680056905,PASS,Pass,Pass,Pass,Pass,Pass,Pass,Pass,Pass,Skip,Pass,Pass,Pass,Pass,Pass,Pass,Pass,Pass,Pass,Pass,Pass,Pass,Pass,Pass,Pass,Pass,Pass,Pass,Pass,Pass,Pass,Pass,Pass,Pass,Pass,Pass,Pass,Pass,Pass,Pass,Skip,Pass,
05-28-2016,09:43:34,45.8,4,171680056831,PASS,Pass,Pass,Pass,Pass,Pass,Pass,Pass,Pass,Skip,Pass,Pass,Pass,Pass,Pass,Pass,Pass,Pass,Pass,Pass,Pass,Pass,Pass,Pass,Pass,Pass,Pass,Pass,Pass,Pass,Pass,Pass,Pass,Pass,Pass,Pass,Pass,Pass,Pass,Pass,Skip,Pass,
05-28-2016,09:43:49,44.2,1,171680056832,PASS,Pass,Pass,Pass,Pass,Pass,Pass,Pass,Pass,Skip,Pass,Pass,Pass,Pass,Pass,Pass,Pass,Pass,Pass,Pass,Pass,Pass,Pass,Pass,Pass,Pass,Pass,Pass,Pass,Pass,Pass,Pass,Pass,Pass,Pass,Pass,Pass,Pass,Pass,Pass,Skip,Pass,
05-28-2016,09:43:52,47.3,5,171680056833,PASS,Pass,Pass,Pass,Pass,Pass,Pass,Pass,Pass,Skip,Pass,Pass,Pass,Pass,Pass,Pass,Pass,Pass,Pass,Pass,Pass,Pass,Pass,Pass,Pass,Pass,Pass,Pass,Pass,Pass,Pass,Pass,Pass,Pass,Pass,Pass,Pass,Pass,Pass,Pass,Skip,Pass,
05-28-2016,09:44:34,45.1,2,171680056835,PASS,Pass,Pass,Pass,Pass,Pass,Pass,Pass,Pass,Skip,Pass,Pass,Pass,Pass,Pass,Pass,Pass,Pass,Pass,Pass,Pass,Pass,Pass,Pass,Pass,Pass,Pass,Pass,Pass,Pass,Pass,Pass,Pass,Pass,Pass,Pass,Pass,Pass,Pass,Pass,Skip,Pass,
05-28-2016,09:44:36,44.1,6,171680056834,PASS,Pass,Pass,Pass,Pass,Pass,Pass,Pass,Pass,Skip,Pass,Pass,Pass,Pass,Pass,Pass,Pass,Pass,Pass,Pass,Pass,Pass,Pass,Pass,Pass,Pass,Pass,Pass,Pass,Pass,Pass,Pass,Pass,Pass,Pass,Pass,Pass,Pass,Pass,Pass,Skip,Pass,
05-28-2016,09:44:47,45.2,3,171680056836,PASS,Pass,Pass,Pass,Pass,Pass,Pass,Pass,Pass,Skip,Pass,Pass,Pass,Pass,Pass,Pass,Pass,Pass,Pass,Pass,Pass,Pass,Pass,Pass,Pass,Pass,Pass,Pass,Pass,Pass,Pass,Pass,Pass,Pass,Pass,Pass,Pass,Pass,Pass,Pass,Skip,Pass,
05-28-2016,09:45:20,45.7,1,171680056851,PASS,Pass,Pass,Pass,Pass,Pass,Pass,Pass,Pass,Skip,Pass,Pass,Pass,Pass,Pass,Pass,Pass,Pass,Pass,Pass,Pass,Pass,Pass,Pass,Pass,Pass,Pass,Pass,Pass,Pass,Pass,Pass,Pass,Pass,Pass,Pass,Pass,Pass,Pass,Pass,Skip,Pass,
05-28-2016,09:45:32,45.1,4,171680056852,PASS,Pass,Pass,Pass,Pass,Pass,Pass,Pass,Pass,Skip,Pass,Pass,Pass,Pass,Pass,Pass,Pass,Pass,Pass,Pass,Pass,Pass,Pass,Pass,Pass,Pass,Pass,Pass,Pass,Pass,Pass,Pass,Pass,Pass,Pass,Pass,Pass,Pass,Pass,Pass,Skip,Pass,
05-28-2016,09:45:53,48.0,5,171680056853,PASS,Pass,Pass,Pass,Pass,Pass,Pass,Pass,Pass,Skip,Pass,Pass,Pass,Pass,Pass,Pass,Pass,Pass,Pass,Pass,Pass,Pass,Pass,Pass,Pass,Pass,Pass,Pass,Pass,Pass,Pass,Pass,Pass,Pass,Pass,Pass,Pass,Pass,Pass,Pass,Skip,Pass,
05-28-2016,09:46:11,44.9,1,171680056854,PASS,Pass,Pass,Pass,Pass,Pass,Pass,Pass,Pass,Skip,Pass,Pass,Pass,Pass,Pass,Pass,Pass,Pass,Pass,Pass,Pass,Pass,Pass,Pass,Pass,Pass,Pass,Pass,Pass,Pass,Pass,Pass,Pass,Pass,Pass,Pass,Pass,Pass,Pass,Pass,Skip,Pass,
05-28-2016,09:48:38,46.3,1,171680056855,PASS,Pass,Pass,Pass,Pass,Pass,Pass,Pass,Pass,Skip,Pass,Pass,Pass,Pass,Pass,Pass,Pass,Pass,Pass,Pass,Pass,Pass,Pass,Pass,Pass,Pass,Pass,Pass,Pass,Pass,Pass,Pass,Pass,Pass,Pass,Pass,Pass,Pass,Pass,Pass,Skip,Pass,
05-28-2016,09:49:27,45.0,2,171680056856,PASS,Pass,Pass,Pass,Pass,Pass,Pass,Pass,Pass,Skip,Pass,Pass,Pass,Pass,Pass,Pass,Pass,Pass,Pass,Pass,Pass,Pass,Pass,Pass,Pass,Pass,Pass,Pass,Pass,Pass,Pass,Pass,Pass,Pass,Pass,Pass,Pass,Pass,Pass,Pass,Skip,Pass,
05-28-2016,09:49:47,45.5,3,171680056871,PASS,Pass,Pass,Pass,Pass,Pass,Pass,Pass,Pass,Skip,Pass,Pass,Pass,Pass,Pass,Pass,Pass,Pass,Pass,Pass,Pass,Pass,Pass,Pass,Pass,Pass,Pass,Pass,Pass,Pass,Pass,Pass,Pass,Pass,Pass,Pass,Pass,Pass,Pass,Pass,Skip,Pass,
05-28-2016,09:50:32,44.2,4,171680056872,PASS,Pass,Pass,Pass,Pass,Pass,Pass,Pass,Pass,Skip,Pass,Pass,Pass,Pass,Pass,Pass,Pass,Pass,Pass,Pass,Pass,Pass,Pass,Pass,Pass,Pass,Pass,Pass,Pass,Pass,Pass,Pass,Pass,Pass,Pass,Pass,Pass,Pass,Pass,Pass,Skip,Pass,
05-28-2016,09:50:47,45.6,1,171680056873,PASS,Pass,Pass,Pass,Pass,Pass,Pass,Pass,Pass,Skip,Pass,Pass,Pass,Pass,Pass,Pass,Pass,Pass,Pass,Pass,Pass,Pass,Pass,Pass,Pass,Pass,Pass,Pass,Pass,Pass,Pass,Pass,Pass,Pass,Pass,Pass,Pass,Pass,Pass,Pass,Skip,Pass,
05-28-2016,09:51:23,44.9,3,171680056875,PASS,Pass,Pass,Pass,Pass,Pass,Pass,Pass,Pass,Skip,Pass,Pass,Pass,Pass,Pass,Pass,Pass,Pass,Pass,Pass,Pass,Pass,Pass,Pass,Pass,Pass,Pass,Pass,Pass,Pass,Pass,Pass,Pass,Pass,Pass,Pass,Pass,Pass,Pass,Pass,Skip,Pass,
05-28-2016,09:51:34,46.1,2,171680056874,PASS,Pass,Pass,Pass,Pass,Pass,Pass,Pass,Pass,Skip,Pass,Pass,Pass,Pass,Pass,Pass,Pass,Pass,Pass,Pass,Pass,Pass,Pass,Pass,Pass,Pass,Pass,Pass,Pass,Pass,Pass,Pass,Pass,Pass,Pass,Pass,Pass,Pass,Pass,Pass,Skip,Pass,
05-28-2016,09:51:59,45.7,5,171680056876,PASS,Pass,Pass,Pass,Pass,Pass,Pass,Pass,Pass,Skip,Pass,Pass,Pass,Pass,Pass,Pass,Pass,Pass,Pass,Pass,Pass,Pass,Pass,Pass,Pass,Pass,Pass,Pass,Pass,Pass,Pass,Pass,Pass,Pass,Pass,Pass,Pass,Pass,Pass,Pass,Skip,Pass,
05-28-2016,09:52:34,45.6,1,171680056892,PASS,Pass,Pass,Pass,Pass,Pass,Pass,Pass,Pass,Skip,Pass,Pass,Pass,Pass,Pass,Pass,Pass,Pass,Pass,Pass,Pass,Pass,Pass,Pass,Pass,Pass,Pass,Pass,Pass,Pass,Pass,Pass,Pass,Pass,Pass,Pass,Pass,Pass,Pass,Pass,Skip,Pass,
05-28-2016,09:52:44,44.8,6,171680056891,PASS,Pass,Pass,Pass,Pass,Pass,Pass,Pass,Pass,Skip,Pass,Pass,Pass,Pass,Pass,Pass,Pass,Pass,Pass,Pass,Pass,Pass,Pass,Pass,Pass,Pass,Pass,Pass,Pass,Pass,Pass,Pass,Pass,Pass,Pass,Pass,Pass,Pass,Pass,Pass,Skip,Pass,
05-28-2016,09:53:02,44.0,3,171680056894,PASS,Pass,Pass,Pass,Pass,Pass,Pass,Pass,Pass,Skip,Pass,Pass,Pass,Pass,Pass,Pass,Pass,Pass,Pass,Pass,Pass,Pass,Pass,Pass,Pass,Pass,Pass,Pass,Pass,Pass,Pass,Pass,Pass,Pass,Pass,Pass,Pass,Pass,Pass,Pass,Skip,Pass,
05-28-2016,09:53:20,45.6,2,171680056893,PASS,Pass,Pass,Pass,Pass,Pass,Pass,Pass,Pass,Skip,Pass,Pass,Pass,Pass,Pass,Pass,Pass,Pass,Pass,Pass,Pass,Pass,Pass,Pass,Pass,Pass,Pass,Pass,Pass,Pass,Pass,Pass,Pass,Pass,Pass,Pass,Pass,Pass,Pass,Pass,Skip,Pass,
05-28-2016,09:53:48,46.5,4,171680056895,PASS,Pass,Pass,Pass,Pass,Pass,Pass,Pass,Pass,Skip,Pass,Pass,Pass,Pass,Pass,Pass,Pass,Pass,Pass,Pass,Pass,Pass,Pass,Pass,Pass,Pass,Pass,Pass,Pass,Pass,Pass,Pass,Pass,Pass,Pass,Pass,Pass,Pass,Pass,Pass,Skip,Pass,
05-28-2016,09:54:05,44.9,1,171680056896,PASS,Pass,Pass,Pass,Pass,Pass,Pass,Pass,Pass,Skip,Pass,Pass,Pass,Pass,Pass,Pass,Pass,Pass,Pass,Pass,Pass,Pass,Pass,Pass,Pass,Pass,Pass,Pass,Pass,Pass,Pass,Pass,Pass,Pass,Pass,Pass,Pass,Pass,Pass,Pass,Skip,Pass,
05-28-2016,09:57:10,44.3,4,171680056916,PASS,Pass,Pass,Pass,Pass,Pass,Pass,Pass,Pass,Skip,Pass,Pass,Pass,Pass,Pass,Pass,Pass,Pass,Pass,Pass,Pass,Pass,Pass,Pass,Pass,Pass,Pass,Pass,Pass,Pass,Pass,Pass,Pass,Pass,Pass,Pass,Pass,Pass,Pass,Pass,Skip,Pass,
05-28-2016,09:57:51,45.7,5,171680056932,PASS,Pass,Pass,Pass,Pass,Pass,Pass,Pass,Pass,Skip,Pass,Pass,Pass,Pass,Pass,Pass,Pass,Pass,Pass,Pass,Pass,Pass,Pass,Pass,Pass,Pass,Pass,Pass,Pass,Pass,Pass,Pass,Pass,Pass,Pass,Pass,Pass,Pass,Pass,Pass,Skip,Pass,
05-28-2016,09:58:35,45.7,1,171680056934,PASS,Pass,Pass,Pass,Pass,Pass,Pass,Pass,Pass,Skip,Pass,Pass,Pass,Pass,Pass,Pass,Pass,Pass,Pass,Pass,Pass,Pass,Pass,Pass,Pass,Pass,Pass,Pass,Pass,Pass,Pass,Pass,Pass,Pass,Pass,Pass,Pass,Pass,Pass,Pass,Skip,Pass,
05-28-2016,09:59:20,45.9,2,171680056935,PASS,Pass,Pass,Pass,Pass,Pass,Pass,Pass,Pass,Skip,Pass,Pass,Pass,Pass,Pass,Pass,Pass,Pass,Pass,Pass,Pass,Pass,Pass,Pass,Pass,Pass,Pass,Pass,Pass,Pass,Pass,Pass,Pass,Pass,Pass,Pass,Pass,Pass,Pass,Pass,Skip,Pass,
05-28-2016,10:00:57,44.5,3,171680056953,PASS,Pass,Pass,Pass,Pass,Pass,Pass,Pass,Pass,Skip,Pass,Pass,Pass,Pass,Pass,Pass,Pass,Pass,Pass,Pass,Pass,Pass,Pass,Pass,Pass,Pass,Pass,Pass,Pass,Pass,Pass,Pass,Pass,Pass,Pass,Pass,Pass,Pass,Pass,Pass,Skip,Pass,
05-28-2016,10:01:57,45.2,1,171680056956,PASS,Pass,Pass,Pass,Pass,Pass,Pass,Pass,Pass,Skip,Pass,Pass,Pass,Pass,Pass,Pass,Pass,Pass,Pass,Pass,Pass,Pass,Pass,Pass,Pass,Pass,Pass,Pass,Pass,Pass,Pass,Pass,Pass,Pass,Pass,Pass,Pass,Pass,Pass,Pass,Skip,Pass,
05-28-2016,10:03:58,45.7,1,171680056845,PASS,Pass,Pass,Pass,Pass,Pass,Pass,Pass,Pass,Skip,Pass,Pass,Pass,Pass,Pass,Pass,Pass,Pass,Pass,Pass,Pass,Pass,Pass,Pass,Pass,Pass,Pass,Pass,Pass,Pass,Pass,Pass,Pass,Pass,Pass,Pass,Pass,Pass,Pass,Pass,Skip,Pass,
05-28-2016,10:04:36,45.7,3,171680056921,PASS,Pass,Pass,Pass,Pass,Pass,Pass,Pass,Pass,Skip,Pass,Pass,Pass,Pass,Pass,Pass,Pass,Pass,Pass,Pass,Pass,Pass,Pass,Pass,Pass,Pass,Pass,Pass,Pass,Pass,Pass,Pass,Pass,Pass,Pass,Pass,Pass,Pass,Pass,Pass,Skip,Pass,
05-28-2016,10:04:46,47.6,2,171680056846,PASS,Pass,Pass,Pass,Pass,Pass,Pass,Pass,Pass,Skip,Pass,Pass,Pass,Pass,Pass,Pass,Pass,Pass,Pass,Pass,Pass,Pass,Pass,Pass,Pass,Pass,Pass,Pass,Pass,Pass,Pass,Pass,Pass,Pass,Pass,Pass,Pass,Pass,Pass,Pass,Skip,Pass,
05-28-2016,10:06:43,45.0,1,171680056922,PASS,Pass,Pass,Pass,Pass,Pass,Pass,Pass,Pass,Skip,Pass,Pass,Pass,Pass,Pass,Pass,Pass,Pass,Pass,Pass,Pass,Pass,Pass,Pass,Pass,Pass,Pass,Pass,Pass,Pass,Pass,Pass,Pass,Pass,Pass,Pass,Pass,Pass,Pass,Pass,Skip,Pass,
05-28-2016,10:06:54,44.8,3,171680056923,PASS,Pass,Pass,Pass,Pass,Pass,Pass,Pass,Pass,Skip,Pass,Pass,Pass,Pass,Pass,Pass,Pass,Pass,Pass,Pass,Pass,Pass,Pass,Pass,Pass,Pass,Pass,Pass,Pass,Pass,Pass,Pass,Pass,Pass,Pass,Pass,Pass,Pass,Pass,Pass,Skip,Pass,
05-28-2016,10:07:28,45.0,2,171680056924,PASS,Pass,Pass,Pass,Pass,Pass,Pass,Pass,Pass,Skip,Pass,Pass,Pass,Pass,Pass,Pass,Pass,Pass,Pass,Pass,Pass,Pass,Pass,Pass,Pass,Pass,Pass,Pass,Pass,Pass,Pass,Pass,Pass,Pass,Pass,Pass,Pass,Pass,Pass,Pass,Skip,Pass,
05-28-2016,10:07:38,44.8,4,171680056925,PASS,Pass,Pass,Pass,Pass,Pass,Pass,Pass,Pass,Skip,Pass,Pass,Pass,Pass,Pass,Pass,Pass,Pass,Pass,Pass,Pass,Pass,Pass,Pass,Pass,Pass,Pass,Pass,Pass,Pass,Pass,Pass,Pass,Pass,Pass,Pass,Pass,Pass,Pass,Pass,Skip,Pass,
05-28-2016,10:08:13,44.8,1,171680056926,PASS,Pass,Pass,Pass,Pass,Pass,Pass,Pass,Pass,Skip,Pass,Pass,Pass,Pass,Pass,Pass,Pass,Pass,Pass,Pass,Pass,Pass,Pass,Pass,Pass,Pass,Pass,Pass,Pass,Pass,Pass,Pass,Pass,Pass,Pass,Pass,Pass,Pass,Pass,Pass,Skip,Pass,
05-28-2016,10:08:23,44.3,3,171680060321,PASS,Pass,Pass,Pass,Pass,Pass,Pass,Pass,Pass,Skip,Pass,Pass,Pass,Pass,Pass,Pass,Pass,Pass,Pass,Pass,Pass,Pass,Pass,Pass,Pass,Pass,Pass,Pass,Pass,Pass,Pass,Pass,Pass,Pass,Pass,Pass,Pass,Pass,Pass,Pass,Skip,Pass,
05-28-2016,10:08:57,44.2,2,171680060322,PASS,Pass,Pass,Pass,Pass,Pass,Pass,Pass,Pass,Skip,Pass,Pass,Pass,Pass,Pass,Pass,Pass,Pass,Pass,Pass,Pass,Pass,Pass,Pass,Pass,Pass,Pass,Pass,Pass,Pass,Pass,Pass,Pass,Pass,Pass,Pass,Pass,Pass,Pass,Pass,Skip,Pass,
05-28-2016,10:09:07,44.2,4,171680060323,PASS,Pass,Pass,Pass,Pass,Pass,Pass,Pass,Pass,Skip,Pass,Pass,Pass,Pass,Pass,Pass,Pass,Pass,Pass,Pass,Pass,Pass,Pass,Pass,Pass,Pass,Pass,Pass,Pass,Pass,Pass,Pass,Pass,Pass,Pass,Pass,Pass,Pass,Pass,Pass,Skip,Pass,
05-28-2016,10:09:14,47.5,5,171680060324,PASS,Pass,Pass,Pass,Pass,Pass,Pass,Pass,Pass,Skip,Pass,Pass,Pass,Pass,Pass,Pass,Pass,Pass,Pass,Pass,Pass,Pass,Pass,Pass,Pass,Pass,Pass,Pass,Pass,Pass,Pass,Pass,Pass,Pass,Pass,Pass,Pass,Pass,Pass,Pass,Skip,Pass,
05-28-2016,10:09:59,45.0,6,171680060325,PASS,Pass,Pass,Pass,Pass,Pass,Pass,Pass,Pass,Skip,Pass,Pass,Pass,Pass,Pass,Pass,Pass,Pass,Pass,Pass,Pass,Pass,Pass,Pass,Pass,Pass,Pass,Pass,Pass,Pass,Pass,Pass,Pass,Pass,Pass,Pass,Pass,Pass,Pass,Pass,Skip,Pass,
05-28-2016,10:10:11,46.1,1,171680060326,PASS,Pass,Pass,Pass,Pass,Pass,Pass,Pass,Pass,Skip,Pass,Pass,Pass,Pass,Pass,Pass,Pass,Pass,Pass,Pass,Pass,Pass,Pass,Pass,Pass,Pass,Pass,Pass,Pass,Pass,Pass,Pass,Pass,Pass,Pass,Pass,Pass,Pass,Pass,Pass,Skip,Pass,
05-28-2016,10:10:56,49.0,5,171680056514,PASS,Pass,Pass,Pass,Pass,Pass,Pass,Pass,Pass,Skip,Pass,Pass,Pass,Pass,Pass,Pass,Pass,Pass,Pass,Pass,Pass,Pass,Pass,Pass,Pass,Pass,Pass,Pass,Pass,Pass,Pass,Pass,Pass,Pass,Pass,Pass,Pass,Pass,Pass,Pass,Skip,Pass,
05-28-2016,10:10:56,44.9,2,171680060451,PASS,Pass,Pass,Pass,Pass,Pass,Pass,Pass,Pass,Skip,Pass,Pass,Pass,Pass,Pass,Pass,Pass,Pass,Pass,Pass,Pass,Pass,Pass,Pass,Pass,Pass,Pass,Pass,Pass,Pass,Pass,Pass,Pass,Pass,Pass,Pass,Pass,Pass,Pass,Pass,Skip,Pass,
05-28-2016,10:11:01,45.9,3,171680054643,PASS,Pass,Pass,Pass,Pass,Pass,Pass,Pass,Pass,Skip,Pass,Pass,Pass,Pass,Pass,Pass,Pass,Pass,Pass,Pass,Pass,Pass,Pass,Pass,Pass,Pass,Pass,Pass,Pass,Pass,Pass,Pass,Pass,Pass,Pass,Pass,Pass,Pass,Pass,Pass,Skip,Pass,
05-28-2016,10:11:40,44.3,6,171680054651,PASS,Pass,Pass,Pass,Pass,Pass,Pass,Pass,Pass,Skip,Pass,Pass,Pass,Pass,Pass,Pass,Pass,Pass,Pass,Pass,Pass,Pass,Pass,Pass,Pass,Pass,Pass,Pass,Pass,Pass,Pass,Pass,Pass,Pass,Pass,Pass,Pass,Pass,Pass,Pass,Skip,Pass,
05-28-2016,10:11:45,44.6,4,171680056513,PASS,Pass,Pass,Pass,Pass,Pass,Pass,Pass,Pass,Skip,Pass,Pass,Pass,Pass,Pass,Pass,Pass,Pass,Pass,Pass,Pass,Pass,Pass,Pass,Pass,Pass,Pass,Pass,Pass,Pass,Pass,Pass,Pass,Pass,Pass,Pass,Pass,Pass,Pass,Pass,Skip,Pass,
05-28-2016,10:11:46,45.2,1,171680056511,PASS,Pass,Pass,Pass,Pass,Pass,Pass,Pass,Pass,Skip,Pass,Pass,Pass,Pass,Pass,Pass,Pass,Pass,Pass,Pass,Pass,Pass,Pass,Pass,Pass,Pass,Pass,Pass,Pass,Pass,Pass,Pass,Pass,Pass,Pass,Pass,Pass,Pass,Pass,Pass,Skip,Pass,
05-28-2016,10:12:26,45.4,5,171680054646,PASS,Pass,Pass,Pass,Pass,Pass,Pass,Pass,Pass,Skip,Pass,Pass,Pass,Pass,Pass,Pass,Pass,Pass,Pass,Pass,Pass,Pass,Pass,Pass,Pass,Pass,Pass,Pass,Pass,Pass,Pass,Pass,Pass,Pass,Pass,Pass,Pass,Pass,Pass,Pass,Skip,Pass,
05-28-2016,10:12:30,44.2,2,171680055944,PASS,Pass,Pass,Pass,Pass,Pass,Pass,Pass,Pass,Skip,Pass,Pass,Pass,Pass,Pass,Pass,Pass,Pass,Pass,Pass,Pass,Pass,Pass,Pass,Pass,Pass,Pass,Pass,Pass,Pass,Pass,Pass,Pass,Pass,Pass,Pass,Pass,Pass,Pass,Pass,Skip,Pass,
05-28-2016,10:12:31,45.8,3,171680055946,PASS,Pass,Pass,Pass,Pass,Pass,Pass,Pass,Pass,Skip,Pass,Pass,Pass,Pass,Pass,Pass,Pass,Pass,Pass,Pass,Pass,Pass,Pass,Pass,Pass,Pass,Pass,Pass,Pass,Pass,Pass,Pass,Pass,Pass,Pass,Pass,Pass,Pass,Pass,Pass,Skip,Pass,
05-28-2016,10:13:55,45.7,1,171680055943,PASS,Pass,Pass,Pass,Pass,Pass,Pass,Pass,Pass,Skip,Pass,Pass,Pass,Pass,Pass,Pass,Pass,Pass,Pass,Pass,Pass,Pass,Pass,Pass,Pass,Pass,Pass,Pass,Pass,Pass,Pass,Pass,Pass,Pass,Pass,Pass,Pass,Pass,Pass,Pass,Skip,Pass,
05-28-2016,10:13:56,46.3,3,171680056512,PASS,Pass,Pass,Pass,Pass,Pass,Pass,Pass,Pass,Skip,Pass,Pass,Pass,Pass,Pass,Pass,Pass,Pass,Pass,Pass,Pass,Pass,Pass,Pass,Pass,Pass,Pass,Pass,Pass,Pass,Pass,Pass,Pass,Pass,Pass,Pass,Pass,Pass,Pass,Pass,Skip,Pass,
05-28-2016,10:13:59,45.1,6,171680054644,PASS,Pass,Pass,Pass,Pass,Pass,Pass,Pass,Pass,Skip,Pass,Pass,Pass,Pass,Pass,Pass,Pass,Pass,Pass,Pass,Pass,Pass,Pass,Pass,Pass,Pass,Pass,Pass,Pass,Pass,Pass,Pass,Pass,Pass,Pass,Pass,Pass,Pass,Pass,Pass,Skip,Pass,
05-28-2016,10:14:41,44.8,4,171680060453,PASS,Pass,Pass,Pass,Pass,Pass,Pass,Pass,Pass,Skip,Pass,Pass,Pass,Pass,Pass,Pass,Pass,Pass,Pass,Pass,Pass,Pass,Pass,Pass,Pass,Pass,Pass,Pass,Pass,Pass,Pass,Pass,Pass,Pass,Pass,Pass,Pass,Pass,Pass,Pass,Skip,Pass,
05-28-2016,10:14:42,46.4,2,171680060452,PASS,Pass,Pass,Pass,Pass,Pass,Pass,Pass,Pass,Skip,Pass,Pass,Pass,Pass,Pass,Pass,Pass,Pass,Pass,Pass,Pass,Pass,Pass,Pass,Pass,Pass,Pass,Pass,Pass,Pass,Pass,Pass,Pass,Pass,Pass,Pass,Pass,Pass,Pass,Pass,Skip,Pass,
05-28-2016,10:14:47,47.1,5,171680055945,PASS,Pass,Pass,Pass,Pass,Pass,Pass,Pass,Pass,Skip,Pass,Pass,Pass,Pass,Pass,Pass,Pass,Pass,Pass,Pass,Pass,Pass,Pass,Pass,Pass,Pass,Pass,Pass,Pass,Pass,Pass,Pass,Pass,Pass,Pass,Pass,Pass,Pass,Pass,Pass,Skip,Pass,
05-28-2016,10:15:26,45.0,3,171680060456,PASS,Pass,Pass,Pass,Pass,Pass,Pass,Pass,Pass,Skip,Pass,Pass,Pass,Pass,Pass,Pass,Pass,Pass,Pass,Pass,Pass,Pass,Pass,Pass,Pass,Pass,Pass,Pass,Pass,Pass,Pass,Pass,Pass,Pass,Pass,Pass,Pass,Pass,Pass,Pass,Skip,Pass,
05-28-2016,10:15:27,45.6,1,171680060455,PASS,Pass,Pass,Pass,Pass,Pass,Pass,Pass,Pass,Skip,Pass,Pass,Pass,Pass,Pass,Pass,Pass,Pass,Pass,Pass,Pass,Pass,Pass,Pass,Pass,Pass,Pass,Pass,Pass,Pass,Pass,Pass,Pass,Pass,Pass,Pass,Pass,Pass,Pass,Pass,Skip,Pass,
05-28-2016,10:15:34,47.2,6,171680054641,PASS,Pass,Pass,Pass,Pass,Pass,Pass,Pass,Pass,Skip,Pass,Pass,Pass,Pass,Pass,Pass,Pass,Pass,Pass,Pass,Pass,Pass,Pass,Pass,Pass,Pass,Pass,Pass,Pass,Pass,Pass,Pass,Pass,Pass,Pass,Pass,Pass,Pass,Pass,Pass,Skip,Pass,
05-28-2016,10:16:12,45.2,2,171680060143,PASS,Pass,Pass,Pass,Pass,Pass,Pass,Pass,Pass,Skip,Pass,Pass,Pass,Pass,Pass,Pass,Pass,Pass,Pass,Pass,Pass,Pass,Pass,Pass,Pass,Pass,Pass,Pass,Pass,Pass,Pass,Pass,Pass,Pass,Pass,Pass,Pass,Pass,Pass,Pass,Skip,Pass,
05-28-2016,10:16:14,48.4,4,171680060141,PASS,Pass,Pass,Pass,Pass,Pass,Pass,Pass,Pass,Skip,Pass,Pass,Pass,Pass,Pass,Pass,Pass,Pass,Pass,Pass,Pass,Pass,Pass,Pass,Pass,Pass,Pass,Pass,Pass,Pass,Pass,Pass,Pass,Pass,Pass,Pass,Pass,Pass,Pass,Pass,Skip,Pass,
05-28-2016,10:16:23,49.3,5,171680060142,PASS,Pass,Pass,Pass,Pass,Pass,Pass,Pass,Pass,Skip,Pass,Pass,Pass,Pass,Pass,Pass,Pass,Pass,Pass,Pass,Pass,Pass,Pass,Pass,Pass,Pass,Pass,Pass,Pass,Pass,Pass,Pass,Pass,Pass,Pass,Pass,Pass,Pass,Pass,Pass,Skip,Pass,
05-28-2016,10:17:10,45.8,6,171680054645,PASS,Pass,Pass,Pass,Pass,Pass,Pass,Pass,Pass,Skip,Pass,Pass,Pass,Pass,Pass,Pass,Pass,Pass,Pass,Pass,Pass,Pass,Pass,Pass,Pass,Pass,Pass,Pass,Pass,Pass,Pass,Pass,Pass,Pass,Pass,Pass,Pass,Pass,Pass,Pass,Skip,Pass,
05-28-2016,10:17:13,47.2,4,171680060144,PASS,Pass,Pass,Pass,Pass,Pass,Pass,Pass,Pass,Skip,Pass,Pass,Pass,Pass,Pass,Pass,Pass,Pass,Pass,Pass,Pass,Pass,Pass,Pass,Pass,Pass,Pass,Pass,Pass,Pass,Pass,Pass,Pass,Pass,Pass,Pass,Pass,Pass,Pass,Pass,Skip,Pass,
05-28-2016,10:18:10,45.1,1,171680054642,PASS,Pass,Pass,Pass,Pass,Pass,Pass,Pass,Pass,Skip,Pass,Pass,Pass,Pass,Pass,Pass,Pass,Pass,Pass,Pass,Pass,Pass,Pass,Pass,Pass,Pass,Pass,Pass,Pass,Pass,Pass,Pass,Pass,Pass,Pass,Pass,Pass,Pass,Pass,Pass,Skip,Pass,
05-28-2016,10:18:10,44.9,3,171680060454,PASS,Pass,Pass,Pass,Pass,Pass,Pass,Pass,Pass,Skip,Pass,Pass,Pass,Pass,Pass,Pass,Pass,Pass,Pass,Pass,Pass,Pass,Pass,Pass,Pass,Pass,Pass,Pass,Pass,Pass,Pass,Pass,Pass,Pass,Pass,Pass,Pass,Pass,Pass,Pass,Skip,Pass,
05-28-2016,10:18:21,45.8,5,171680055942,PASS,Pass,Pass,Pass,Pass,Pass,Pass,Pass,Pass,Skip,Pass,Pass,Pass,Pass,Pass,Pass,Pass,Pass,Pass,Pass,Pass,Pass,Pass,Pass,Pass,Pass,Pass,Pass,Pass,Pass,Pass,Pass,Pass,Pass,Pass,Pass,Pass,Pass,Pass,Pass,Skip,Pass,
05-28-2016,10:19:20,44.8,4,171680060145,PASS,Pass,Pass,Pass,Pass,Pass,Pass,Pass,Pass,Skip,Pass,Pass,Pass,Pass,Pass,Pass,Pass,Pass,Pass,Pass,Pass,Pass,Pass,Pass,Pass,Pass,Pass,Pass,Pass,Pass,Pass,Pass,Pass,Pass,Pass,Pass,Pass,Pass,Pass,Pass,Skip,Pass,
05-28-2016,10:19:21,47.2,6,171680060146,PASS,Pass,Pass,Pass,Pass,Pass,Pass,Pass,Pass,Skip,Pass,Pass,Pass,Pass,Pass,Pass,Pass,Pass,Pass,Pass,Pass,Pass,Pass,Pass,Pass,Pass,Pass,Pass,Pass,Pass,Pass,Pass,Pass,Pass,Pass,Pass,Pass,Pass,Pass,Pass,Skip,Pass,
05-28-2016,10:23:44,44.2,1,171680060421,PASS,Pass,Pass,Pass,Pass,Pass,Pass,Pass,Pass,Skip,Pass,Pass,Pass,Pass,Pass,Pass,Pass,Pass,Pass,Pass,Pass,Pass,Pass,Pass,Pass,Pass,Pass,Pass,Pass,Pass,Pass,Pass,Pass,Pass,Pass,Pass,Pass,Pass,Pass,Pass,Skip,Pass,
05-28-2016,10:24:10,44.1,3,171680060423,PASS,Pass,Pass,Pass,Pass,Pass,Pass,Pass,Pass,Skip,Pass,Pass,Pass,Pass,Pass,Pass,Pass,Pass,Pass,Pass,Pass,Pass,Pass,Pass,Pass,Pass,Pass,Pass,Pass,Pass,Pass,Pass,Pass,Pass,Pass,Pass,Pass,Pass,Pass,Pass,Skip,Pass,
05-28-2016,10:24:28,44.1,2,171680060422,PASS,Pass,Pass,Pass,Pass,Pass,Pass,Pass,Pass,Skip,Pass,Pass,Pass,Pass,Pass,Pass,Pass,Pass,Pass,Pass,Pass,Pass,Pass,Pass,Pass,Pass,Pass,Pass,Pass,Pass,Pass,Pass,Pass,Pass,Pass,Pass,Pass,Pass,Pass,Pass,Skip,Pass,
05-28-2016,10:24:56,45.6,4,171680060424,PASS,Pass,Pass,Pass,Pass,Pass,Pass,Pass,Pass,Skip,Pass,Pass,Pass,Pass,Pass,Pass,Pass,Pass,Pass,Pass,Pass,Pass,Pass,Pass,Pass,Pass,Pass,Pass,Pass,Pass,Pass,Pass,Pass,Pass,Pass,Pass,Pass,Pass,Pass,Pass,Skip,Pass,
05-28-2016,10:25:14,45.3,1,171680060425,PASS,Pass,Pass,Pass,Pass,Pass,Pass,Pass,Pass,Skip,Pass,Pass,Pass,Pass,Pass,Pass,Pass,Pass,Pass,Pass,Pass,Pass,Pass,Pass,Pass,Pass,Pass,Pass,Pass,Pass,Pass,Pass,Pass,Pass,Pass,Pass,Pass,Pass,Pass,Pass,Skip,Pass,
05-28-2016,10:26:00,46.4,2,171680060426,PASS,Pass,Pass,Pass,Pass,Pass,Pass,Pass,Pass,Skip,Pass,Pass,Pass,Pass,Pass,Pass,Pass,Pass,Pass,Pass,Pass,Pass,Pass,Pass,Pass,Pass,Pass,Pass,Pass,Pass,Pass,Pass,Pass,Pass,Pass,Pass,Pass,Pass,Pass,Pass,Skip,Pass,
05-28-2016,10:26:08,44.9,3,171680060301,PASS,Pass,Pass,Pass,Pass,Pass,Pass,Pass,Pass,Skip,Pass,Pass,Pass,Pass,Pass,Pass,Pass,Pass,Pass,Pass,Pass,Pass,Pass,Pass,Pass,Pass,Pass,Pass,Pass,Pass,Pass,Pass,Pass,Pass,Pass,Pass,Pass,Pass,Pass,Pass,Skip,Pass,
05-28-2016,10:26:45,45.0,1,171680060302,PASS,Pass,Pass,Pass,Pass,Pass,Pass,Pass,Pass,Skip,Pass,Pass,Pass,Pass,Pass,Pass,Pass,Pass,Pass,Pass,Pass,Pass,Pass,Pass,Pass,Pass,Pass,Pass,Pass,Pass,Pass,Pass,Pass,Pass,Pass,Pass,Pass,Pass,Pass,Pass,Skip,Pass,
05-28-2016,10:26:52,44.1,4,171680060303,PASS,Pass,Pass,Pass,Pass,Pass,Pass,Pass,Pass,Skip,Pass,Pass,Pass,Pass,Pass,Pass,Pass,Pass,Pass,Pass,Pass,Pass,Pass,Pass,Pass,Pass,Pass,Pass,Pass,Pass,Pass,Pass,Pass,Pass,Pass,Pass,Pass,Pass,Pass,Pass,Skip,Pass,
05-28-2016,10:27:30,44.5,2,171680060304,PASS,Pass,Pass,Pass,Pass,Pass,Pass,Pass,Pass,Skip,Pass,Pass,Pass,Pass,Pass,Pass,Pass,Pass,Pass,Pass,Pass,Pass,Pass,Pass,Pass,Pass,Pass,Pass,Pass,Pass,Pass,Pass,Pass,Pass,Pass,Pass,Pass,Pass,Pass,Pass,Skip,Pass,
05-28-2016,10:27:37,44.9,3,171680060305,PASS,Pass,Pass,Pass,Pass,Pass,Pass,Pass,Pass,Skip,Pass,Pass,Pass,Pass,Pass,Pass,Pass,Pass,Pass,Pass,Pass,Pass,Pass,Pass,Pass,Pass,Pass,Pass,Pass,Pass,Pass,Pass,Pass,Pass,Pass,Pass,Pass,Pass,Pass,Pass,Skip,Pass,
05-28-2016,10:27:48,44.8,6,171680060306,PASS,Pass,Pass,Pass,Pass,Pass,Pass,Pass,Pass,Skip,Pass,Pass,Pass,Pass,Pass,Pass,Pass,Pass,Pass,Pass,Pass,Pass,Pass,Pass,Pass,Pass,Pass,Pass,Pass,Pass,Pass,Pass,Pass,Pass,Pass,Pass,Pass,Pass,Pass,Pass,Skip,Pass,
05-28-2016,10:28:37,47.2,5,171680060151,PASS,Pass,Pass,Pass,Pass,Pass,Pass,Pass,Pass,Skip,Pass,Pass,Pass,Pass,Pass,Pass,Pass,Pass,Pass,Pass,Pass,Pass,Pass,Pass,Pass,Pass,Pass,Pass,Pass,Pass,Pass,Pass,Pass,Pass,Pass,Pass,Pass,Pass,Pass,Pass,Skip,Pass,
05-28-2016,10:30:19,46.2,1,171680060152,PASS,Pass,Pass,Pass,Pass,Pass,Pass,Pass,Pass,Skip,Pass,Pass,Pass,Pass,Pass,Pass,Pass,Pass,Pass,Pass,Pass,Pass,Pass,Pass,Pass,Pass,Pass,Pass,Pass,Pass,Pass,Pass,Pass,Pass,Pass,Pass,Pass,Pass,Pass,Pass,Skip,Pass,
05-28-2016,10:30:55,48.5,3,171680060154,PASS,Pass,Pass,Pass,Pass,Pass,Pass,Pass,Pass,Skip,Pass,Pass,Pass,Pass,Pass,Pass,Pass,Pass,Pass,Pass,Pass,Pass,Pass,Pass,Pass,Pass,Pass,Pass,Pass,Pass,Pass,Pass,Pass,Pass,Pass,Pass,Pass,Pass,Pass,Pass,Skip,Pass,
05-28-2016,10:31:05,45.6,2,171680060153,PASS,Pass,Pass,Pass,Pass,Pass,Pass,Pass,Pass,Skip,Pass,Pass,Pass,Pass,Pass,Pass,Pass,Pass,Pass,Pass,Pass,Pass,Pass,Pass,Pass,Pass,Pass,Pass,Pass,Pass,Pass,Pass,Pass,Pass,Pass,Pass,Pass,Pass,Pass,Pass,Skip,Pass,
05-28-2016,10:31:18,46.2,6,171680060155,PASS,Pass,Pass,Pass,Pass,Pass,Pass,Pass,Pass,Skip,Pass,Pass,Pass,Pass,Pass,Pass,Pass,Pass,Pass,Pass,Pass,Pass,Pass,Pass,Pass,Pass,Pass,Pass,Pass,Pass,Pass,Pass,Pass,Pass,Pass,Pass,Pass,Pass,Pass,Pass,Skip,Pass,
05-28-2016,10:31:51,44.4,3,171680060401,PASS,Pass,Pass,Pass,Pass,Pass,Pass,Pass,Pass,Skip,Pass,Pass,Pass,Pass,Pass,Pass,Pass,Pass,Pass,Pass,Pass,Pass,Pass,Pass,Pass,Pass,Pass,Pass,Pass,Pass,Pass,Pass,Pass,Pass,Pass,Pass,Pass,Pass,Pass,Pass,Skip,Pass,
05-28-2016,10:31:52,47.0,1,171680060156,PASS,Pass,Pass,Pass,Pass,Pass,Pass,Pass,Pass,Skip,Pass,Pass,Pass,Pass,Pass,Pass,Pass,Pass,Pass,Pass,Pass,Pass,Pass,Pass,Pass,Pass,Pass,Pass,Pass,Pass,Pass,Pass,Pass,Pass,Pass,Pass,Pass,Pass,Pass,Pass,Skip,Pass,
05-28-2016,10:32:32,45.1,5,171680060403,PASS,Pass,Pass,Pass,Pass,Pass,Pass,Pass,Pass,Skip,Pass,Pass,Pass,Pass,Pass,Pass,Pass,Pass,Pass,Pass,Pass,Pass,Pass,Pass,Pass,Pass,Pass,Pass,Pass,Pass,Pass,Pass,Pass,Pass,Pass,Pass,Pass,Pass,Pass,Pass,Skip,Pass,
05-28-2016,10:32:36,44.5,4,171680060402,PASS,Pass,Pass,Pass,Pass,Pass,Pass,Pass,Pass,Skip,Pass,Pass,Pass,Pass,Pass,Pass,Pass,Pass,Pass,Pass,Pass,Pass,Pass,Pass,Pass,Pass,Pass,Pass,Pass,Pass,Pass,Pass,Pass,Pass,Pass,Pass,Pass,Pass,Pass,Pass,Skip,Pass,
05-28-2016,10:32:52,44.2,2,171680060404,PASS,Pass,Pass,Pass,Pass,Pass,Pass,Pass,Pass,Skip,Pass,Pass,Pass,Pass,Pass,Pass,Pass,Pass,Pass,Pass,Pass,Pass,Pass,Pass,Pass,Pass,Pass,Pass,Pass,Pass,Pass,Pass,Pass,Pass,Pass,Pass,Pass,Pass,Pass,Pass,Skip,Pass,
05-28-2016,10:33:32,45.7,3,171680060406,PASS,Pass,Pass,Pass,Pass,Pass,Pass,Pass,Pass,Skip,Pass,Pass,Pass,Pass,Pass,Pass,Pass,Pass,Pass,Pass,Pass,Pass,Pass,Pass,Pass,Pass,Pass,Pass,Pass,Pass,Pass,Pass,Pass,Pass,Pass,Pass,Pass,Pass,Pass,Pass,Skip,Pass,
05-28-2016,10:33:38,45.4,1,171680060405,PASS,Pass,Pass,Pass,Pass,Pass,Pass,Pass,Pass,Skip,Pass,Pass,Pass,Pass,Pass,Pass,Pass,Pass,Pass,Pass,Pass,Pass,Pass,Pass,Pass,Pass,Pass,Pass,Pass,Pass,Pass,Pass,Pass,Pass,Pass,Pass,Pass,Pass,Pass,Pass,Skip,Pass,
05-28-2016,10:33:54,45.0,5,171680060391,PASS,Pass,Pass,Pass,Pass,Pass,Pass,Pass,Pass,Skip,Pass,Pass,Pass,Pass,Pass,Pass,Pass,Pass,Pass,Pass,Pass,Pass,Pass,Pass,Pass,Pass,Pass,Pass,Pass,Pass,Pass,Pass,Pass,Pass,Pass,Pass,Pass,Pass,Pass,Pass,Skip,Pass,
05-28-2016,10:34:22,44.2,2,171680060392,PASS,Pass,Pass,Pass,Pass,Pass,Pass,Pass,Pass,Skip,Pass,Pass,Pass,Pass,Pass,Pass,Pass,Pass,Pass,Pass,Pass,Pass,Pass,Pass,Pass,Pass,Pass,Pass,Pass,Pass,Pass,Pass,Pass,Pass,Pass,Pass,Pass,Pass,Pass,Pass,Skip,Pass,
05-28-2016,10:35:07,44.9,1,171680060393,PASS,Pass,Pass,Pass,Pass,Pass,Pass,Pass,Pass,Skip,Pass,Pass,Pass,Pass,Pass,Pass,Pass,Pass,Pass,Pass,Pass,Pass,Pass,Pass,Pass,Pass,Pass,Pass,Pass,Pass,Pass,Pass,Pass,Pass,Pass,Pass,Pass,Pass,Pass,Pass,Skip,Pass,
05-28-2016,10:35:51,45.7,4,171680060394,PASS,Pass,Pass,Pass,Pass,Pass,Pass,Pass,Pass,Skip,Pass,Pass,Pass,Pass,Pass,Pass,Pass,Pass,Pass,Pass,Pass,Pass,Pass,Pass,Pass,Pass,Pass,Pass,Pass,Pass,Pass,Pass,Pass,Pass,Pass,Pass,Pass,Pass,Pass,Pass,Skip,Pass,
05-28-2016,10:36:09,45.1,1,171680060395,PASS,Pass,Pass,Pass,Pass,Pass,Pass,Pass,Pass,Skip,Pass,Pass,Pass,Pass,Pass,Pass,Pass,Pass,Pass,Pass,Pass,Pass,Pass,Pass,Pass,Pass,Pass,Pass,Pass,Pass,Pass,Pass,Pass,Pass,Pass,Pass,Pass,Pass,Pass,Pass,Skip,Pass,
05-28-2016,10:36:16,45.4,5,171680060396,PASS,Pass,Pass,Pass,Pass,Pass,Pass,Pass,Pass,Skip,Pass,Pass,Pass,Pass,Pass,Pass,Pass,Pass,Pass,Pass,Pass,Pass,Pass,Pass,Pass,Pass,Pass,Pass,Pass,Pass,Pass,Pass,Pass,Pass,Pass,Pass,Pass,Pass,Pass,Pass,Skip,Pass,
05-28-2016,10:36:40,44.9,3,171680060381,PASS,Pass,Pass,Pass,Pass,Pass,Pass,Pass,Pass,Skip,Pass,Pass,Pass,Pass,Pass,Pass,Pass,Pass,Pass,Pass,Pass,Pass,Pass,Pass,Pass,Pass,Pass,Pass,Pass,Pass,Pass,Pass,Pass,Pass,Pass,Pass,Pass,Pass,Pass,Pass,Skip,Pass,
05-28-2016,10:36:56,47.4,2,171680060382,PASS,Pass,Pass,Pass,Pass,Pass,Pass,Pass,Pass,Skip,Pass,Pass,Pass,Pass,Pass,Pass,Pass,Pass,Pass,Pass,Pass,Pass,Pass,Pass,Pass,Pass,Pass,Pass,Pass,Pass,Pass,Pass,Pass,Pass,Pass,Pass,Pass,Pass,Pass,Pass,Skip,Pass,
05-28-2016,10:37:25,44.9,4,171680060383,PASS,Pass,Pass,Pass,Pass,Pass,Pass,Pass,Pass,Skip,Pass,Pass,Pass,Pass,Pass,Pass,Pass,Pass,Pass,Pass,Pass,Pass,Pass,Pass,Pass,Pass,Pass,Pass,Pass,Pass,Pass,Pass,Pass,Pass,Pass,Pass,Pass,Pass,Pass,Pass,Skip,Pass,
05-28-2016,10:37:42,45.7,1,171680060384,PASS,Pass,Pass,Pass,Pass,Pass,Pass,Pass,Pass,Skip,Pass,Pass,Pass,Pass,Pass,Pass,Pass,Pass,Pass,Pass,Pass,Pass,Pass,Pass,Pass,Pass,Pass,Pass,Pass,Pass,Pass,Pass,Pass,Pass,Pass,Pass,Pass,Pass,Pass,Pass,Skip,Pass,
05-28-2016,10:38:10,45.0,3,171680060385,PASS,Pass,Pass,Pass,Pass,Pass,Pass,Pass,Pass,Skip,Pass,Pass,Pass,Pass,Pass,Pass,Pass,Pass,Pass,Pass,Pass,Pass,Pass,Pass,Pass,Pass,Pass,Pass,Pass,Pass,Pass,Pass,Pass,Pass,Pass,Pass,Pass,Pass,Pass,Pass,Skip,Pass,
05-28-2016,10:38:12,45.8,5,171680060386,PASS,Pass,Pass,Pass,Pass,Pass,Pass,Pass,Pass,Skip,Pass,Pass,Pass,Pass,Pass,Pass,Pass,Pass,Pass,Pass,Pass,Pass,Pass,Pass,Pass,Pass,Pass,Pass,Pass,Pass,Pass,Pass,Pass,Pass,Pass,Pass,Pass,Pass,Pass,Pass,Skip,Pass,
05-28-2016,10:38:57,45.7,6,171680060361,PASS,Pass,Pass,Pass,Pass,Pass,Pass,Pass,Pass,Skip,Pass,Pass,Pass,Pass,Pass,Pass,Pass,Pass,Pass,Pass,Pass,Pass,Pass,Pass,Pass,Pass,Pass,Pass,Pass,Pass,Pass,Pass,Pass,Pass,Pass,Pass,Pass,Pass,Pass,Pass,Skip,Pass,
05-28-2016,10:39:04,44.9,1,171680060362,PASS,Pass,Pass,Pass,Pass,Pass,Pass,Pass,Pass,Skip,Pass,Pass,Pass,Pass,Pass,Pass,Pass,Pass,Pass,Pass,Pass,Pass,Pass,Pass,Pass,Pass,Pass,Pass,Pass,Pass,Pass,Pass,Pass,Pass,Pass,Pass,Pass,Pass,Pass,Pass,Skip,Pass,
05-28-2016,10:39:45,46.8,3,171680060364,PASS,Pass,Pass,Pass,Pass,Pass,Pass,Pass,Pass,Skip,Pass,Pass,Pass,Pass,Pass,Pass,Pass,Pass,Pass,Pass,Pass,Pass,Pass,Pass,Pass,Pass,Pass,Pass,Pass,Pass,Pass,Pass,Pass,Pass,Pass,Pass,Pass,Pass,Pass,Pass,Skip,Pass,
05-28-2016,10:39:49,44.8,2,171680060363,PASS,Pass,Pass,Pass,Pass,Pass,Pass,Pass,Pass,Skip,Pass,Pass,Pass,Pass,Pass,Pass,Pass,Pass,Pass,Pass,Pass,Pass,Pass,Pass,Pass,Pass,Pass,Pass,Pass,Pass,Pass,Pass,Pass,Pass,Pass,Pass,Pass,Pass,Pass,Pass,Skip,Pass,
05-28-2016,10:40:33,45.8,6,171680060366,PASS,Pass,Pass,Pass,Pass,Pass,Pass,Pass,Pass,Skip,Pass,Pass,Pass,Pass,Pass,Pass,Pass,Pass,Pass,Pass,Pass,Pass,Pass,Pass,Pass,Pass,Pass,Pass,Pass,Pass,Pass,Pass,Pass,Pass,Pass,Pass,Pass,Pass,Pass,Pass,Skip,Pass,
05-28-2016,10:40:34,45.1,1,171680060365,PASS,Pass,Pass,Pass,Pass,Pass,Pass,Pass,Pass,Skip,Pass,Pass,Pass,Pass,Pass,Pass,Pass,Pass,Pass,Pass,Pass,Pass,Pass,Pass,Pass,Pass,Pass,Pass,Pass,Pass,Pass,Pass,Pass,Pass,Pass,Pass,Pass,Pass,Pass,Pass,Skip,Pass,
05-28-2016,10:40:49,44.3,3,171680060331,PASS,Pass,Pass,Pass,Pass,Pass,Pass,Pass,Pass,Skip,Pass,Pass,Pass,Pass,Pass,Pass,Pass,Pass,Pass,Pass,Pass,Pass,Pass,Pass,Pass,Pass,Pass,Pass,Pass,Pass,Pass,Pass,Pass,Pass,Pass,Pass,Pass,Pass,Pass,Pass,Skip,Pass,
05-28-2016,10:41:20,45.6,2,171680060332,PASS,Pass,Pass,Pass,Pass,Pass,Pass,Pass,Pass,Skip,Pass,Pass,Pass,Pass,Pass,Pass,Pass,Pass,Pass,Pass,Pass,Pass,Pass,Pass,Pass,Pass,Pass,Pass,Pass,Pass,Pass,Pass,Pass,Pass,Pass,Pass,Pass,Pass,Pass,Pass,Skip,Pass,
05-28-2016,10:41:33,44.4,4,171680060333,PASS,Pass,Pass,Pass,Pass,Pass,Pass,Pass,Pass,Skip,Pass,Pass,Pass,Pass,Pass,Pass,Pass,Pass,Pass,Pass,Pass,Pass,Pass,Pass,Pass,Pass,Pass,Pass,Pass,Pass,Pass,Pass,Pass,Pass,Pass,Pass,Pass,Pass,Pass,Pass,Skip,Pass,
05-28-2016,10:41:48,45.3,5,171680060334,PASS,Pass,Pass,Pass,Pass,Pass,Pass,Pass,Pass,Skip,Pass,Pass,Pass,Pass,Pass,Pass,Pass,Pass,Pass,Pass,Pass,Pass,Pass,Pass,Pass,Pass,Pass,Pass,Pass,Pass,Pass,Pass,Pass,Pass,Pass,Pass,Pass,Pass,Pass,Pass,Skip,Pass,
05-28-2016,10:42:07,45.0,1,171680060335,PASS,Pass,Pass,Pass,Pass,Pass,Pass,Pass,Pass,Skip,Pass,Pass,Pass,Pass,Pass,Pass,Pass,Pass,Pass,Pass,Pass,Pass,Pass,Pass,Pass,Pass,Pass,Pass,Pass,Pass,Pass,Pass,Pass,Pass,Pass,Pass,Pass,Pass,Pass,Pass,Skip,Pass,
05-28-2016,10:42:52,44.9,2,171680060336,PASS,Pass,Pass,Pass,Pass,Pass,Pass,Pass,Pass,Skip,Pass,Pass,Pass,Pass,Pass,Pass,Pass,Pass,Pass,Pass,Pass,Pass,Pass,Pass,Pass,Pass,Pass,Pass,Pass,Pass,Pass,Pass,Pass,Pass,Pass,Pass,Pass,Pass,Pass,Pass,Skip,Pass,
05-28-2016,10:43:15,46.4,6,171680062151,PASS,Pass,Pass,Pass,Pass,Pass,Pass,Pass,Pass,Skip,Pass,Pass,Pass,Pass,Pass,Pass,Pass,Pass,Pass,Pass,Pass,Pass,Pass,Pass,Pass,Pass,Pass,Pass,Pass,Pass,Pass,Pass,Pass,Pass,Pass,Pass,Pass,Pass,Pass,Pass,Skip,Pass,
05-28-2016,10:44:46,45.6,1,171680062153,PASS,Pass,Pass,Pass,Pass,Pass,Pass,Pass,Pass,Skip,Pass,Pass,Pass,Pass,Pass,Pass,Pass,Pass,Pass,Pass,Pass,Pass,Pass,Pass,Pass,Pass,Pass,Pass,Pass,Pass,Pass,Pass,Pass,Pass,Pass,Pass,Pass,Pass,Pass,Pass,Skip,Pass,
05-28-2016,10:44:50,45.1,3,171680062152,PASS,Pass,Pass,Pass,Pass,Pass,Pass,Pass,Pass,Skip,Pass,Pass,Pass,Pass,Pass,Pass,Pass,Pass,Pass,Pass,Pass,Pass,Pass,Pass,Pass,Pass,Pass,Pass,Pass,Pass,Pass,Pass,Pass,Pass,Pass,Pass,Pass,Pass,Pass,Pass,Skip,Pass,
05-28-2016,10:45:18,45.2,5,171680062155,PASS,Pass,Pass,Pass,Pass,Pass,Pass,Pass,Pass,Skip,Pass,Pass,Pass,Pass,Pass,Pass,Pass,Pass,Pass,Pass,Pass,Pass,Pass,Pass,Pass,Pass,Pass,Pass,Pass,Pass,Pass,Pass,Pass,Pass,Pass,Pass,Pass,Pass,Pass,Pass,Skip,Pass,
05-28-2016,10:45:31,45.0,2,171680062154,PASS,Pass,Pass,Pass,Pass,Pass,Pass,Pass,Pass,Skip,Pass,Pass,Pass,Pass,Pass,Pass,Pass,Pass,Pass,Pass,Pass,Pass,Pass,Pass,Pass,Pass,Pass,Pass,Pass,Pass,Pass,Pass,Pass,Pass,Pass,Pass,Pass,Pass,Pass,Pass,Skip,Pass,
05-28-2016,10:45:40,45.6,4,171680062156,PASS,Pass,Pass,Pass,Pass,Pass,Pass,Pass,Pass,Skip,Pass,Pass,Pass,Pass,Pass,Pass,Pass,Pass,Pass,Pass,Pass,Pass,Pass,Pass,Pass,Pass,Pass,Pass,Pass,Pass,Pass,Pass,Pass,Pass,Pass,Pass,Pass,Pass,Pass,Pass,Skip,Pass,
05-28-2016,10:46:03,44.2,6,171680062171,PASS,Pass,Pass,Pass,Pass,Pass,Pass,Pass,Pass,Skip,Pass,Pass,Pass,Pass,Pass,Pass,Pass,Pass,Pass,Pass,Pass,Pass,Pass,Pass,Pass,Pass,Pass,Pass,Pass,Pass,Pass,Pass,Pass,Pass,Pass,Pass,Pass,Pass,Pass,Pass,Skip,Pass,
05-28-2016,10:46:22,48.0,1,171680062172,PASS,Pass,Pass,Pass,Pass,Pass,Pass,Pass,Pass,Skip,Pass,Pass,Pass,Pass,Pass,Pass,Pass,Pass,Pass,Pass,Pass,Pass,Pass,Pass,Pass,Pass,Pass,Pass,Pass,Pass,Pass,Pass,Pass,Pass,Pass,Pass,Pass,Pass,Pass,Pass,Skip,Pass,
05-28-2016,10:46:53,45.1,3,171680062174,PASS,Pass,Pass,Pass,Pass,Pass,Pass,Pass,Pass,Skip,Pass,Pass,Pass,Pass,Pass,Pass,Pass,Pass,Pass,Pass,Pass,Pass,Pass,Pass,Pass,Pass,Pass,Pass,Pass,Pass,Pass,Pass,Pass,Pass,Pass,Pass,Pass,Pass,Pass,Pass,Skip,Pass,
05-28-2016,10:47:08,45.6,2,171680062173,PASS,Pass,Pass,Pass,Pass,Pass,Pass,Pass,Pass,Skip,Pass,Pass,Pass,Pass,Pass,Pass,Pass,Pass,Pass,Pass,Pass,Pass,Pass,Pass,Pass,Pass,Pass,Pass,Pass,Pass,Pass,Pass,Pass,Pass,Pass,Pass,Pass,Pass,Pass,Pass,Skip,Pass,
05-28-2016,10:47:27,57.6,5,171680062175,PASS,Pass,Pass,Pass,Pass,Pass,Pass,Pass,Pass,Skip,Pass,Pass,Pass,Pass,Pass,Pass,Pass,Pass,Pass,Pass,Pass,Pass,Pass,Pass,Pass,Pass,Pass,Pass,Pass,Pass,Pass,Pass,Pass,Pass,Pass,Pass,Pass,Pass,Pass,Pass,Skip,Pass,
05-28-2016,10:47:41,47.2,4,171680062176,PASS,Pass,Pass,Pass,Pass,Pass,Pass,Pass,Pass,Skip,Pass,Pass,Pass,Pass,Pass,Pass,Pass,Pass,Pass,Pass,Pass,Pass,Pass,Pass,Pass,Pass,Pass,Pass,Pass,Pass,Pass,Pass,Pass,Pass,Pass,Pass,Pass,Pass,Pass,Pass,Skip,Pass,
05-28-2016,10:47:59,46.8,1,171680062181,PASS,Pass,Pass,Pass,Pass,Pass,Pass,Pass,Pass,Skip,Pass,Pass,Pass,Pass,Pass,Pass,Pass,Pass,Pass,Pass,Pass,Pass,Pass,Pass,Pass,Pass,Pass,Pass,Pass,Pass,Pass,Pass,Pass,Pass,Pass,Pass,Pass,Pass,Pass,Pass,Skip,Pass,
05-28-2016,10:49:35,46.5,6,171680062182,PASS,Pass,Pass,Pass,Pass,Pass,Pass,Pass,Pass,Skip,Pass,Pass,Pass,Pass,Pass,Pass,Pass,Pass,Pass,Pass,Pass,Pass,Pass,Pass,Pass,Pass,Pass,Pass,Pass,Pass,Pass,Pass,Pass,Pass,Pass,Pass,Pass,Pass,Pass,Pass,Skip,Pass,
05-28-2016,10:49:47,47.3,3,171680062183,PASS,Pass,Pass,Pass,Pass,Pass,Pass,Pass,Pass,Skip,Pass,Pass,Pass,Pass,Pass,Pass,Pass,Pass,Pass,Pass,Pass,Pass,Pass,Pass,Pass,Pass,Pass,Pass,Pass,Pass,Pass,Pass,Pass,Pass,Pass,Pass,Pass,Pass,Pass,Pass,Skip,Pass,
05-28-2016,10:50:03,47.3,2,171680062184,PASS,Pass,Pass,Pass,Pass,Pass,Pass,Pass,Pass,Skip,Pass,Pass,Pass,Pass,Pass,Pass,Pass,Pass,Pass,Pass,Pass,Pass,Pass,Pass,Pass,Pass,Pass,Pass,Pass,Pass,Pass,Pass,Pass,Pass,Pass,Pass,Pass,Pass,Pass,Pass,Skip,Pass,
05-28-2016,10:50:23,47.4,5,171680062185,PASS,Pass,Pass,Pass,Pass,Pass,Pass,Pass,Pass,Skip,Pass,Pass,Pass,Pass,Pass,Pass,Pass,Pass,Pass,Pass,Pass,Pass,Pass,Pass,Pass,Pass,Pass,Pass,Pass,Pass,Pass,Pass,Pass,Pass,Pass,Pass,Pass,Pass,Pass,Pass,Skip,Pass,
05-28-2016,10:50:50,47.7,1,171680062186,PASS,Pass,Pass,Pass,Pass,Pass,Pass,Pass,Pass,Skip,Pass,Pass,Pass,Pass,Pass,Pass,Pass,Pass,Pass,Pass,Pass,Pass,Pass,Pass,Pass,Pass,Pass,Pass,Pass,Pass,Pass,Pass,Pass,Pass,Pass,Pass,Pass,Pass,Pass,Pass,Skip,Pass,
05-28-2016,10:51:19,45.4,3,171680062202,PASS,Pass,Pass,Pass,Pass,Pass,Pass,Pass,Pass,Skip,Pass,Pass,Pass,Pass,Pass,Pass,Pass,Pass,Pass,Pass,Pass,Pass,Pass,Pass,Pass,Pass,Pass,Pass,Pass,Pass,Pass,Pass,Pass,Pass,Pass,Pass,Pass,Pass,Pass,Pass,Skip,Pass,
05-28-2016,10:51:39,48.4,2,171680062201,PASS,Pass,Pass,Pass,Pass,Pass,Pass,Pass,Pass,Skip,Pass,Pass,Pass,Pass,Pass,Pass,Pass,Pass,Pass,Pass,Pass,Pass,Pass,Pass,Pass,Pass,Pass,Pass,Pass,Pass,Pass,Pass,Pass,Pass,Pass,Pass,Pass,Pass,Pass,Pass,Skip,Pass,
05-28-2016,10:52:07,47.8,4,171680062203,PASS,Pass,Pass,Pass,Pass,Pass,Pass,Pass,Pass,Skip,Pass,Pass,Pass,Pass,Pass,Pass,Pass,Pass,Pass,Pass,Pass,Pass,Pass,Pass,Pass,Pass,Pass,Pass,Pass,Pass,Pass,Pass,Pass,Pass,Pass,Pass,Pass,Pass,Pass,Pass,Skip,Pass,
05-28-2016,10:52:27,48.0,1,171680062204,PASS,Pass,Pass,Pass,Pass,Pass,Pass,Pass,Pass,Skip,Pass,Pass,Pass,Pass,Pass,Pass,Pass,Pass,Pass,Pass,Pass,Pass,Pass,Pass,Pass,Pass,Pass,Pass,Pass,Pass,Pass,Pass,Pass,Pass,Pass,Pass,Pass,Pass,Pass,Pass,Skip,Pass,
05-28-2016,10:52:44,48.5,5,171680062206,PASS,Pass,Pass,Pass,Pass,Pass,Pass,Pass,Pass,Skip,Pass,Pass,Pass,Pass,Pass,Pass,Pass,Pass,Pass,Pass,Pass,Pass,Pass,Pass,Pass,Pass,Pass,Pass,Pass,Pass,Pass,Pass,Pass,Pass,Pass,Pass,Pass,Pass,Pass,Pass,Skip,Pass,
05-28-2016,10:52:55,48.0,3,171680062205,PASS,Pass,Pass,Pass,Pass,Pass,Pass,Pass,Pass,Skip,Pass,Pass,Pass,Pass,Pass,Pass,Pass,Pass,Pass,Pass,Pass,Pass,Pass,Pass,Pass,Pass,Pass,Pass,Pass,Pass,Pass,Pass,Pass,Pass,Pass,Pass,Pass,Pass,Pass,Pass,Skip,Pass,
05-28-2016,10:53:13,45.7,2,171680062191,PASS,Pass,Pass,Pass,Pass,Pass,Pass,Pass,Pass,Skip,Pass,Pass,Pass,Pass,Pass,Pass,Pass,Pass,Pass,Pass,Pass,Pass,Pass,Pass,Pass,Pass,Pass,Pass,Pass,Pass,Pass,Pass,Pass,Pass,Pass,Pass,Pass,Pass,Pass,Pass,Skip,Pass,
05-28-2016,10:53:53,45.0,4,171680062192,PASS,Pass,Pass,Pass,Pass,Pass,Pass,Pass,Pass,Skip,Pass,Pass,Pass,Pass,Pass,Pass,Pass,Pass,Pass,Pass,Pass,Pass,Pass,Pass,Pass,Pass,Pass,Pass,Pass,Pass,Pass,Pass,Pass,Pass,Pass,Pass,Pass,Pass,Pass,Pass,Skip,Pass,
05-28-2016,10:54:11,44.1,1,171680062193,PASS,Pass,Pass,Pass,Pass,Pass,Pass,Pass,Pass,Skip,Pass,Pass,Pass,Pass,Pass,Pass,Pass,Pass,Pass,Pass,Pass,Pass,Pass,Pass,Pass,Pass,Pass,Pass,Pass,Pass,Pass,Pass,Pass,Pass,Pass,Pass,Pass,Pass,Pass,Pass,Skip,Pass,
05-28-2016,10:54:41,45.2,3,171680062194,PASS,Pass,Pass,Pass,Pass,Pass,Pass,Pass,Pass,Skip,Pass,Pass,Pass,Pass,Pass,Pass,Pass,Pass,Pass,Pass,Pass,Pass,Pass,Pass,Pass,Pass,Pass,Pass,Pass,Pass,Pass,Pass,Pass,Pass,Pass,Pass,Pass,Pass,Pass,Pass,Skip,Pass,
05-28-2016,10:55:01,45.7,2,171680062195,PASS,Pass,Pass,Pass,Pass,Pass,Pass,Pass,Pass,Skip,Pass,Pass,Pass,Pass,Pass,Pass,Pass,Pass,Pass,Pass,Pass,Pass,Pass,Pass,Pass,Pass,Pass,Pass,Pass,Pass,Pass,Pass,Pass,Pass,Pass,Pass,Pass,Pass,Pass,Pass,Skip,Pass,
05-28-2016,10:55:28,45.3,4,171680062211,PASS,Pass,Pass,Pass,Pass,Pass,Pass,Pass,Pass,Skip,Pass,Pass,Pass,Pass,Pass,Pass,Pass,Pass,Pass,Pass,Pass,Pass,Pass,Pass,Pass,Pass,Pass,Pass,Pass,Pass,Pass,Pass,Pass,Pass,Pass,Pass,Pass,Pass,Pass,Pass,Skip,Pass,
05-28-2016,10:55:48,46.4,1,171680062196,PASS,Pass,Pass,Pass,Pass,Pass,Pass,Pass,Pass,Skip,Pass,Pass,Pass,Pass,Pass,Pass,Pass,Pass,Pass,Pass,Pass,Pass,Pass,Pass,Pass,Pass,Pass,Pass,Pass,Pass,Pass,Pass,Pass,Pass,Pass,Pass,Pass,Pass,Pass,Pass,Skip,Pass,
05-28-2016,10:56:08,46.7,5,171680062213,PASS,Pass,Pass,Pass,Pass,Pass,Pass,Pass,Pass,Skip,Pass,Pass,Pass,Pass,Pass,Pass,Pass,Pass,Pass,Pass,Pass,Pass,Pass,Pass,Pass,Pass,Pass,Pass,Pass,Pass,Pass,Pass,Pass,Pass,Pass,Pass,Pass,Pass,Pass,Pass,Skip,Pass,
05-28-2016,10:56:15,47.3,3,171680062212,PASS,Pass,Pass,Pass,Pass,Pass,Pass,Pass,Pass,Skip,Pass,Pass,Pass,Pass,Pass,Pass,Pass,Pass,Pass,Pass,Pass,Pass,Pass,Pass,Pass,Pass,Pass,Pass,Pass,Pass,Pass,Pass,Pass,Pass,Pass,Pass,Pass,Pass,Pass,Pass,Skip,Pass,
05-28-2016,10:56:35,47.1,2,171680062214,PASS,Pass,Pass,Pass,Pass,Pass,Pass,Pass,Pass,Skip,Pass,Pass,Pass,Pass,Pass,Pass,Pass,Pass,Pass,Pass,Pass,Pass,Pass,Pass,Pass,Pass,Pass,Pass,Pass,Pass,Pass,Pass,Pass,Pass,Pass,Pass,Pass,Pass,Pass,Pass,Skip,Pass,
05-28-2016,10:56:53,45.4,6,171680062215,PASS,Pass,Pass,Pass,Pass,Pass,Pass,Pass,Pass,Skip,Pass,Pass,Pass,Pass,Pass,Pass,Pass,Pass,Pass,Pass,Pass,Pass,Pass,Pass,Pass,Pass,Pass,Pass,Pass,Pass,Pass,Pass,Pass,Pass,Pass,Pass,Pass,Pass,Pass,Pass,Skip,Pass,
05-28-2016,10:57:20,44.9,1,171680062216,PASS,Pass,Pass,Pass,Pass,Pass,Pass,Pass,Pass,Skip,Pass,Pass,Pass,Pass,Pass,Pass,Pass,Pass,Pass,Pass,Pass,Pass,Pass,Pass,Pass,Pass,Pass,Pass,Pass,Pass,Pass,Pass,Pass,Pass,Pass,Pass,Pass,Pass,Pass,Pass,Skip,Pass,
05-28-2016,10:57:31,47.4,4,171680062221,PASS,Pass,Pass,Pass,Pass,Pass,Pass,Pass,Pass,Skip,Pass,Pass,Pass,Pass,Pass,Pass,Pass,Pass,Pass,Pass,Pass,Pass,Pass,Pass,Pass,Pass,Pass,Pass,Pass,Pass,Pass,Pass,Pass,Pass,Pass,Pass,Pass,Pass,Pass,Pass,Skip,Pass,
05-28-2016,10:58:58,50.0,2,171680062222,PASS,Pass,Pass,Pass,Pass,Pass,Pass,Pass,Pass,Skip,Pass,Pass,Pass,Pass,Pass,Pass,Pass,Pass,Pass,Pass,Pass,Pass,Pass,Pass,Pass,Pass,Pass,Pass,Pass,Pass,Pass,Pass,Pass,Pass,Pass,Pass,Pass,Pass,Pass,Pass,Skip,Pass,
05-28-2016,10:59:24,44.9,3,171680062224,PASS,Pass,Pass,Pass,Pass,Pass,Pass,Pass,Pass,Skip,Pass,Pass,Pass,Pass,Pass,Pass,Pass,Pass,Pass,Pass,Pass,Pass,Pass,Pass,Pass,Pass,Pass,Pass,Pass,Pass,Pass,Pass,Pass,Pass,Pass,Pass,Pass,Pass,Pass,Pass,Skip,Pass,
05-28-2016,10:59:44,45.6,1,171680062223,PASS,Pass,Pass,Pass,Pass,Pass,Pass,Pass,Pass,Skip,Pass,Pass,Pass,Pass,Pass,Pass,Pass,Pass,Pass,Pass,Pass,Pass,Pass,Pass,Pass,Pass,Pass,Pass,Pass,Pass,Pass,Pass,Pass,Pass,Pass,Pass,Pass,Pass,Pass,Pass,Skip,Pass,
05-28-2016,11:00:10,45.7,4,171680062225,PASS,Pass,Pass,Pass,Pass,Pass,Pass,Pass,Pass,Skip,Pass,Pass,Pass,Pass,Pass,Pass,Pass,Pass,Pass,Pass,Pass,Pass,Pass,Pass,Pass,Pass,Pass,Pass,Pass,Pass,Pass,Pass,Pass,Pass,Pass,Pass,Pass,Pass,Pass,Pass,Skip,Pass,
05-28-2016,11:01:00,56.3,5,171680062226,PASS,Pass,Pass,Pass,Pass,Pass,Pass,Pass,Pass,Skip,Pass,Pass,Pass,Pass,Pass,Pass,Pass,Pass,Pass,Pass,Pass,Pass,Pass,Pass,Pass,Pass,Pass,Pass,Pass,Pass,Pass,Pass,Pass,Pass,Pass,Pass,Pass,Pass,Pass,Pass,Skip,Pass,
05-28-2016,11:01:48,47.9,6,171680062231,PASS,Pass,Pass,Pass,Pass,Pass,Pass,Pass,Pass,Skip,Pass,Pass,Pass,Pass,Pass,Pass,Pass,Pass,Pass,Pass,Pass,Pass,Pass,Pass,Pass,Pass,Pass,Pass,Pass,Pass,Pass,Pass,Pass,Pass,Pass,Pass,Pass,Pass,Pass,Pass,Skip,Pass,
05-28-2016,11:02:08,48.4,1,171680062232,PASS,Pass,Pass,Pass,Pass,Pass,Pass,Pass,Pass,Skip,Pass,Pass,Pass,Pass,Pass,Pass,Pass,Pass,Pass,Pass,Pass,Pass,Pass,Pass,Pass,Pass,Pass,Pass,Pass,Pass,Pass,Pass,Pass,Pass,Pass,Pass,Pass,Pass,Pass,Pass,Skip,Pass,
05-28-2016,11:02:52,44.2,2,171680062233,PASS,Pass,Pass,Pass,Pass,Pass,Pass,Pass,Pass,Skip,Pass,Pass,Pass,Pass,Pass,Pass,Pass,Pass,Pass,Pass,Pass,Pass,Pass,Pass,Pass,Pass,Pass,Pass,Pass,Pass,Pass,Pass,Pass,Pass,Pass,Pass,Pass,Pass,Pass,Pass,Skip,Pass,
05-28-2016,11:02:59,46.4,3,171680062234,PASS,Pass,Pass,Pass,Pass,Pass,Pass,Pass,Pass,Skip,Pass,Pass,Pass,Pass,Pass,Pass,Pass,Pass,Pass,Pass,Pass,Pass,Pass,Pass,Pass,Pass,Pass,Pass,Pass,Pass,Pass,Pass,Pass,Pass,Pass,Pass,Pass,Pass,Pass,Pass,Skip,Pass,
05-28-2016,11:03:36,44.2,1,171680062235,PASS,Pass,Pass,Pass,Pass,Pass,Pass,Pass,Pass,Skip,Pass,Pass,Pass,Pass,Pass,Pass,Pass,Pass,Pass,Pass,Pass,Pass,Pass,Pass,Pass,Pass,Pass,Pass,Pass,Pass,Pass,Pass,Pass,Pass,Pass,Pass,Pass,Pass,Pass,Pass,Skip,Pass,
05-28-2016,11:03:46,47.1,4,171680062236,PASS,Pass,Pass,Pass,Pass,Pass,Pass,Pass,Pass,Skip,Pass,Pass,Pass,Pass,Pass,Pass,Pass,Pass,Pass,Pass,Pass,Pass,Pass,Pass,Pass,Pass,Pass,Pass,Pass,Pass,Pass,Pass,Pass,Pass,Pass,Pass,Pass,Pass,Pass,Pass,Skip,Pass,
05-28-2016,11:04:21,44.1,2,171680062241,PASS,Pass,Pass,Pass,Pass,Pass,Pass,Pass,Pass,Skip,Pass,Pass,Pass,Pass,Pass,Pass,Pass,Pass,Pass,Pass,Pass,Pass,Pass,Pass,Pass,Pass,Pass,Pass,Pass,Pass,Pass,Pass,Pass,Pass,Pass,Pass,Pass,Pass,Pass,Pass,Skip,Pass,
05-28-2016,11:04:59,47.4,3,171680062243,PASS,Pass,Pass,Pass,Pass,Pass,Pass,Pass,Pass,Skip,Pass,Pass,Pass,Pass,Pass,Pass,Pass,Pass,Pass,Pass,Pass,Pass,Pass,Pass,Pass,Pass,Pass,Pass,Pass,Pass,Pass,Pass,Pass,Pass,Pass,Pass,Pass,Pass,Pass,Pass,Skip,Pass,
05-28-2016,11:05:08,47.1,1,171680062242,PASS,Pass,Pass,Pass,Pass,Pass,Pass,Pass,Pass,Skip,Pass,Pass,Pass,Pass,Pass,Pass,Pass,Pass,Pass,Pass,Pass,Pass,Pass,Pass,Pass,Pass,Pass,Pass,Pass,Pass,Pass,Pass,Pass,Pass,Pass,Pass,Pass,Pass,Pass,Pass,Skip,Pass,
05-28-2016,11:05:45,45.8,4,171680062244,PASS,Pass,Pass,Pass,Pass,Pass,Pass,Pass,Pass,Skip,Pass,Pass,Pass,Pass,Pass,Pass,Pass,Pass,Pass,Pass,Pass,Pass,Pass,Pass,Pass,Pass,Pass,Pass,Pass,Pass,Pass,Pass,Pass,Pass,Pass,Pass,Pass,Pass,Pass,Pass,Skip,Pass,
05-28-2016,11:06:21,52.8,5,171680062245,PASS,Pass,Pass,Pass,Pass,Pass,Pass,Pass,Pass,Skip,Pass,Pass,Pass,Pass,Pass,Pass,Pass,Pass,Pass,Pass,Pass,Pass,Pass,Pass,Pass,Pass,Pass,Pass,Pass,Pass,Pass,Pass,Pass,Pass,Pass,Pass,Pass,Pass,Pass,Pass,Skip,Pass,
05-28-2016,11:07:03,47.8,3,171680062251,PASS,Pass,Pass,Pass,Pass,Pass,Pass,Pass,Pass,Skip,Pass,Pass,Pass,Pass,Pass,Pass,Pass,Pass,Pass,Pass,Pass,Pass,Pass,Pass,Pass,Pass,Pass,Pass,Pass,Pass,Pass,Pass,Pass,Pass,Pass,Pass,Pass,Pass,Pass,Pass,Skip,Pass,
05-28-2016,11:07:07,45.9,6,171680062246,PASS,Pass,Pass,Pass,Pass,Pass,Pass,Pass,Pass,Skip,Pass,Pass,Pass,Pass,Pass,Pass,Pass,Pass,Pass,Pass,Pass,Pass,Pass,Pass,Pass,Pass,Pass,Pass,Pass,Pass,Pass,Pass,Pass,Pass,Pass,Pass,Pass,Pass,Pass,Pass,Skip,Pass,
05-28-2016,11:07:49,46.4,4,171680062252,PASS,Pass,Pass,Pass,Pass,Pass,Pass,Pass,Pass,Skip,Pass,Pass,Pass,Pass,Pass,Pass,Pass,Pass,Pass,Pass,Pass,Pass,Pass,Pass,Pass,Pass,Pass,Pass,Pass,Pass,Pass,Pass,Pass,Pass,Pass,Pass,Pass,Pass,Pass,Pass,Skip,Pass,
05-28-2016,11:07:51,49.4,2,171680062253,PASS,Pass,Pass,Pass,Pass,Pass,Pass,Pass,Pass,Skip,Pass,Pass,Pass,Pass,Pass,Pass,Pass,Pass,Pass,Pass,Pass,Pass,Pass,Pass,Pass,Pass,Pass,Pass,Pass,Pass,Pass,Pass,Pass,Pass,Pass,Pass,Pass,Pass,Pass,Pass,Skip,Pass,
05-28-2016,11:08:28,47.6,6,171680062255,PASS,Pass,Pass,Pass,Pass,Pass,Pass,Pass,Pass,Skip,Pass,Pass,Pass,Pass,Pass,Pass,Pass,Pass,Pass,Pass,Pass,Pass,Pass,Pass,Pass,Pass,Pass,Pass,Pass,Pass,Pass,Pass,Pass,Pass,Pass,Pass,Pass,Pass,Pass,Pass,Skip,Pass,
05-28-2016,11:08:39,48.6,1,171680062254,PASS,Pass,Pass,Pass,Pass,Pass,Pass,Pass,Pass,Skip,Pass,Pass,Pass,Pass,Pass,Pass,Pass,Pass,Pass,Pass,Pass,Pass,Pass,Pass,Pass,Pass,Pass,Pass,Pass,Pass,Pass,Pass,Pass,Pass,Pass,Pass,Pass,Pass,Pass,Pass,Skip,Pass,
05-28-2016,11:09:15,45.3,3,171680062161,PASS,Pass,Pass,Pass,Pass,Pass,Pass,Pass,Pass,Skip,Pass,Pass,Pass,Pass,Pass,Pass,Pass,Pass,Pass,Pass,Pass,Pass,Pass,Pass,Pass,Pass,Pass,Pass,Pass,Pass,Pass,Pass,Pass,Pass,Pass,Pass,Pass,Pass,Pass,Pass,Skip,Pass,
05-28-2016,11:09:29,50.0,2,171680062256,PASS,Pass,Pass,Pass,Pass,Pass,Pass,Pass,Pass,Skip,Pass,Pass,Pass,Pass,Pass,Pass,Pass,Pass,Pass,Pass,Pass,Pass,Pass,Pass,Pass,Pass,Pass,Pass,Pass,Pass,Pass,Pass,Pass,Pass,Pass,Pass,Pass,Pass,Pass,Pass,Skip,Pass,
05-28-2016,11:10:15,45.6,1,171680062162,PASS,Pass,Pass,Pass,Pass,Pass,Pass,Pass,Pass,Skip,Pass,Pass,Pass,Pass,Pass,Pass,Pass,Pass,Pass,Pass,Pass,Pass,Pass,Pass,Pass,Pass,Pass,Pass,Pass,Pass,Pass,Pass,Pass,Pass,Pass,Pass,Pass,Pass,Pass,Pass,Skip,Pass,
05-28-2016,11:10:52,44.6,3,171680062164,PASS,Pass,Pass,Pass,Pass,Pass,Pass,Pass,Pass,Skip,Pass,Pass,Pass,Pass,Pass,Pass,Pass,Pass,Pass,Pass,Pass,Pass,Pass,Pass,Pass,Pass,Pass,Pass,Pass,Pass,Pass,Pass,Pass,Pass,Pass,Pass,Pass,Pass,Pass,Pass,Skip,Pass,
05-28-2016,11:11:02,46.1,2,171680062163,PASS,Pass,Pass,Pass,Pass,Pass,Pass,Pass,Pass,Skip,Pass,Pass,Pass,Pass,Pass,Pass,Pass,Pass,Pass,Pass,Pass,Pass,Pass,Pass,Pass,Pass,Pass,Pass,Pass,Pass,Pass,Pass,Pass,Pass,Pass,Pass,Pass,Pass,Pass,Pass,Skip,Pass,
05-28-2016,11:11:37,44.9,5,171680062261,PASS,Pass,Pass,Pass,Pass,Pass,Pass,Pass,Pass,Skip,Pass,Pass,Pass,Pass,Pass,Pass,Pass,Pass,Pass,Pass,Pass,Pass,Pass,Pass,Pass,Pass,Pass,Pass,Pass,Pass,Pass,Pass,Pass,Pass,Pass,Pass,Pass,Pass,Pass,Pass,Skip,Pass,
05-28-2016,11:11:40,48.1,4,171680062165,PASS,Pass,Pass,Pass,Pass,Pass,Pass,Pass,Pass,Skip,Pass,Pass,Pass,Pass,Pass,Pass,Pass,Pass,Pass,Pass,Pass,Pass,Pass,Pass,Pass,Pass,Pass,Pass,Pass,Pass,Pass,Pass,Pass,Pass,Pass,Pass,Pass,Pass,Pass,Pass,Skip,Pass,
05-28-2016,11:12:15,47.8,2,171680062262,PASS,Pass,Pass,Pass,Pass,Pass,Pass,Pass,Pass,Skip,Pass,Pass,Pass,Pass,Pass,Pass,Pass,Pass,Pass,Pass,Pass,Pass,Pass,Pass,Pass,Pass,Pass,Pass,Pass,Pass,Pass,Pass,Pass,Pass,Pass,Pass,Pass,Pass,Pass,Pass,Skip,Pass,
05-28-2016,11:15:22,48.6,2,171680062263,PASS,Pass,Pass,Pass,Pass,Pass,Pass,Pass,Pass,Skip,Pass,Pass,Pass,Pass,Pass,Pass,Pass,Pass,Pass,Pass,Pass,Pass,Pass,Pass,Pass,Pass,Pass,Pass,Pass,Pass,Pass,Pass,Pass,Pass,Pass,Pass,Pass,Pass,Pass,Pass,Skip,Pass,
05-28-2016,11:15:59,46.7,3,171680062265,PASS,Pass,Pass,Pass,Pass,Pass,Pass,Pass,Pass,Skip,Pass,Pass,Pass,Pass,Pass,Pass,Pass,Pass,Pass,Pass,Pass,Pass,Pass,Pass,Pass,Pass,Pass,Pass,Pass,Pass,Pass,Pass,Pass,Pass,Pass,Pass,Pass,Pass,Pass,Pass,Skip,Pass,
05-28-2016,11:16:07,44.9,1,171680062264,PASS,Pass,Pass,Pass,Pass,Pass,Pass,Pass,Pass,Skip,Pass,Pass,Pass,Pass,Pass,Pass,Pass,Pass,Pass,Pass,Pass,Pass,Pass,Pass,Pass,Pass,Pass,Pass,Pass,Pass,Pass,Pass,Pass,Pass,Pass,Pass,Pass,Pass,Pass,Pass,Skip,Pass,
05-28-2016,11:17:58,47.2,2,171680062266,PASS,Pass,Pass,Pass,Pass,Pass,Pass,Pass,Pass,Skip,Pass,Pass,Pass,Pass,Pass,Pass,Pass,Pass,Pass,Pass,Pass,Pass,Pass,Pass,Pass,Pass,Pass,Pass,Pass,Pass,Pass,Pass,Pass,Pass,Pass,Pass,Pass,Pass,Pass,Pass,Skip,Pass,
05-28-2016,11:18:06,45.6,3,171680062271,PASS,Pass,Pass,Pass,Pass,Pass,Pass,Pass,Pass,Skip,Pass,Pass,Pass,Pass,Pass,Pass,Pass,Pass,Pass,Pass,Pass,Pass,Pass,Pass,Pass,Pass,Pass,Pass,Pass,Pass,Pass,Pass,Pass,Pass,Pass,Pass,Pass,Pass,Pass,Pass,Skip,Pass,
05-28-2016,11:18:45,44.7,1,171680062273,PASS,Pass,Pass,Pass,Pass,Pass,Pass,Pass,Pass,Skip,Pass,Pass,Pass,Pass,Pass,Pass,Pass,Pass,Pass,Pass,Pass,Pass,Pass,Pass,Pass,Pass,Pass,Pass,Pass,Pass,Pass,Pass,Pass,Pass,Pass,Pass,Pass,Pass,Pass,Pass,Skip,Pass,
05-28-2016,11:18:52,45.8,4,171680062272,PASS,Pass,Pass,Pass,Pass,Pass,Pass,Pass,Pass,Skip,Pass,Pass,Pass,Pass,Pass,Pass,Pass,Pass,Pass,Pass,Pass,Pass,Pass,Pass,Pass,Pass,Pass,Pass,Pass,Pass,Pass,Pass,Pass,Pass,Pass,Pass,Pass,Pass,Pass,Pass,Skip,Pass,
05-28-2016,11:19:30,44.9,2,171680062274,PASS,Pass,Pass,Pass,Pass,Pass,Pass,Pass,Pass,Skip,Pass,Pass,Pass,Pass,Pass,Pass,Pass,Pass,Pass,Pass,Pass,Pass,Pass,Pass,Pass,Pass,Pass,Pass,Pass,Pass,Pass,Pass,Pass,Pass,Pass,Pass,Pass,Pass,Pass,Pass,Skip,Pass,
05-28-2016,11:19:37,44.8,3,171680062275,PASS,Pass,Pass,Pass,Pass,Pass,Pass,Pass,Pass,Skip,Pass,Pass,Pass,Pass,Pass,Pass,Pass,Pass,Pass,Pass,Pass,Pass,Pass,Pass,Pass,Pass,Pass,Pass,Pass,Pass,Pass,Pass,Pass,Pass,Pass,Pass,Pass,Pass,Pass,Pass,Skip,Pass,
05-28-2016,11:20:16,46.4,1,171680062276,PASS,Pass,Pass,Pass,Pass,Pass,Pass,Pass,Pass,Skip,Pass,Pass,Pass,Pass,Pass,Pass,Pass,Pass,Pass,Pass,Pass,Pass,Pass,Pass,Pass,Pass,Pass,Pass,Pass,Pass,Pass,Pass,Pass,Pass,Pass,Pass,Pass,Pass,Pass,Pass,Skip,Pass,
05-28-2016,11:23:43,48.6,1,171680062281,PASS,Pass,Pass,Pass,Pass,Pass,Pass,Pass,Pass,Skip,Pass,Pass,Pass,Pass,Pass,Pass,Pass,Pass,Pass,Pass,Pass,Pass,Pass,Pass,Pass,Pass,Pass,Pass,Pass,Pass,Pass,Pass,Pass,Pass,Pass,Pass,Pass,Pass,Pass,Pass,Skip,Pass,
05-28-2016,11:24:11,47.2,3,171680062283,PASS,Pass,Pass,Pass,Pass,Pass,Pass,Pass,Pass,Skip,Pass,Pass,Pass,Pass,Pass,Pass,Pass,Pass,Pass,Pass,Pass,Pass,Pass,Pass,Pass,Pass,Pass,Pass,Pass,Pass,Pass,Pass,Pass,Pass,Pass,Pass,Pass,Pass,Pass,Pass,Skip,Pass,
05-28-2016,11:24:28,45.0,2,171680062282,PASS,Pass,Pass,Pass,Pass,Pass,Pass,Pass,Pass,Skip,Pass,Pass,Pass,Pass,Pass,Pass,Pass,Pass,Pass,Pass,Pass,Pass,Pass,Pass,Pass,Pass,Pass,Pass,Pass,Pass,Pass,Pass,Pass,Pass,Pass,Pass,Pass,Pass,Pass,Pass,Skip,Pass,
05-28-2016,11:24:56,45.0,4,171680062284,PASS,Pass,Pass,Pass,Pass,Pass,Pass,Pass,Pass,Skip,Pass,Pass,Pass,Pass,Pass,Pass,Pass,Pass,Pass,Pass,Pass,Pass,Pass,Pass,Pass,Pass,Pass,Pass,Pass,Pass,Pass,Pass,Pass,Pass,Pass,Pass,Pass,Pass,Pass,Pass,Skip,Pass,
05-28-2016,11:25:03,48.9,5,171680062285,PASS,Pass,Pass,Pass,Pass,Pass,Pass,Pass,Pass,Skip,Pass,Pass,Pass,Pass,Pass,Pass,Pass,Pass,Pass,Pass,Pass,Pass,Pass,Pass,Pass,Pass,Pass,Pass,Pass,Pass,Pass,Pass,Pass,Pass,Pass,Pass,Pass,Pass,Pass,Pass,Skip,Pass,
05-28-2016,11:25:46,44.4,1,171680062286,PASS,Pass,Pass,Pass,Pass,Pass,Pass,Pass,Pass,Skip,Pass,Pass,Pass,Pass,Pass,Pass,Pass,Pass,Pass,Pass,Pass,Pass,Pass,Pass,Pass,Pass,Pass,Pass,Pass,Pass,Pass,Pass,Pass,Pass,Pass,Pass,Pass,Pass,Pass,Pass,Skip,Pass,
05-28-2016,11:26:34,48.1,2,171680062291,PASS,Pass,Pass,Pass,Pass,Pass,Pass,Pass,Pass,Skip,Pass,Pass,Pass,Pass,Pass,Pass,Pass,Pass,Pass,Pass,Pass,Pass,Pass,Pass,Pass,Pass,Pass,Pass,Pass,Pass,Pass,Pass,Pass,Pass,Pass,Pass,Pass,Pass,Pass,Pass,Skip,Pass,
05-28-2016,11:26:36,45.8,3,171680062292,PASS,Pass,Pass,Pass,Pass,Pass,Pass,Pass,Pass,Skip,Pass,Pass,Pass,Pass,Pass,Pass,Pass,Pass,Pass,Pass,Pass,Pass,Pass,Pass,Pass,Pass,Pass,Pass,Pass,Pass,Pass,Pass,Pass,Pass,Pass,Pass,Pass,Pass,Pass,Pass,Skip,Pass,
05-28-2016,11:27:22,53.0,5,171680062294,PASS,Pass,Pass,Pass,Pass,Pass,Pass,Pass,Pass,Skip,Pass,Pass,Pass,Pass,Pass,Pass,Pass,Pass,Pass,Pass,Pass,Pass,Pass,Pass,Pass,Pass,Pass,Pass,Pass,Pass,Pass,Pass,Pass,Pass,Pass,Pass,Pass,Pass,Pass,Pass,Skip,Pass,
05-28-2016,11:27:22,45.6,4,171680062293,PASS,Pass,Pass,Pass,Pass,Pass,Pass,Pass,Pass,Skip,Pass,Pass,Pass,Pass,Pass,Pass,Pass,Pass,Pass,Pass,Pass,Pass,Pass,Pass,Pass,Pass,Pass,Pass,Pass,Pass,Pass,Pass,Pass,Pass,Pass,Pass,Pass,Pass,Pass,Pass,Skip,Pass,
05-28-2016,11:28:10,47.8,6,171680062295,PASS,Pass,Pass,Pass,Pass,Pass,Pass,Pass,Pass,Skip,Pass,Pass,Pass,Pass,Pass,Pass,Pass,Pass,Pass,Pass,Pass,Pass,Pass,Pass,Pass,Pass,Pass,Pass,Pass,Pass,Pass,Pass,Pass,Pass,Pass,Pass,Pass,Pass,Pass,Pass,Skip,Pass,
05-28-2016,11:32:19,50.9,3,171680062296,PASS,Pass,Pass,Pass,Pass,Pass,Pass,Pass,Pass,Skip,Pass,Pass,Pass,Pass,Pass,Pass,Pass,Pass,Pass,Pass,Pass,Pass,Pass,Pass,Pass,Pass,Pass,Pass,Pass,Pass,Pass,Pass,Pass,Pass,Pass,Pass,Pass,Pass,Pass,Pass,Skip,Pass,
05-28-2016,11:32:45,45.2,5,171680062301,PASS,Pass,Pass,Pass,Pass,Pass,Pass,Pass,Pass,Skip,Pass,Pass,Pass,Pass,Pass,Pass,Pass,Pass,Pass,Pass,Pass,Pass,Pass,Pass,Pass,Pass,Pass,Pass,Pass,Pass,Pass,Pass,Pass,Pass,Pass,Pass,Pass,Pass,Pass,Pass,Skip,Pass,
05-28-2016,11:33:52,47.2,1,171680062302,PASS,Pass,Pass,Pass,Pass,Pass,Pass,Pass,Pass,Skip,Pass,Pass,Pass,Pass,Pass,Pass,Pass,Pass,Pass,Pass,Pass,Pass,Pass,Pass,Pass,Pass,Pass,Pass,Pass,Pass,Pass,Pass,Pass,Pass,Pass,Pass,Pass,Pass,Pass,Pass,Skip,Pass,
05-28-2016,11:34:05,46.3,3,171680062303,PASS,Pass,Pass,Pass,Pass,Pass,Pass,Pass,Pass,Skip,Pass,Pass,Pass,Pass,Pass,Pass,Pass,Pass,Pass,Pass,Pass,Pass,Pass,Pass,Pass,Pass,Pass,Pass,Pass,Pass,Pass,Pass,Pass,Pass,Pass,Pass,Pass,Pass,Pass,Pass,Skip,Pass,
05-28-2016,11:34:23,45.7,6,171680062304,PASS,Pass,Pass,Pass,Pass,Pass,Pass,Pass,Pass,Skip,Pass,Pass,Pass,Pass,Pass,Pass,Pass,Pass,Pass,Pass,Pass,Pass,Pass,Pass,Pass,Pass,Pass,Pass,Pass,Pass,Pass,Pass,Pass,Pass,Pass,Pass,Pass,Pass,Pass,Pass,Skip,Pass,
05-28-2016,11:34:52,44.9,2,171680062305,PASS,Pass,Pass,Pass,Pass,Pass,Pass,Pass,Pass,Skip,Pass,Pass,Pass,Pass,Pass,Pass,Pass,Pass,Pass,Pass,Pass,Pass,Pass,Pass,Pass,Pass,Pass,Pass,Pass,Pass,Pass,Pass,Pass,Pass,Pass,Pass,Pass,Pass,Pass,Pass,Skip,Pass,
05-28-2016,11:37:01,46.6,4,171680062314,PASS,Pass,Pass,Pass,Pass,Pass,Pass,Pass,Pass,Skip,Pass,Pass,Pass,Pass,Pass,Pass,Pass,Pass,Pass,Pass,Pass,Pass,Pass,Pass,Pass,Pass,Pass,Pass,Pass,Pass,Pass,Pass,Pass,Pass,Pass,Pass,Pass,Pass,Pass,Pass,Skip,Pass,
05-28-2016,11:37:32,46.2,5,171680062315,PASS,Pass,Pass,Pass,Pass,Pass,Pass,Pass,Pass,Skip,Pass,Pass,Pass,Pass,Pass,Pass,Pass,Pass,Pass,Pass,Pass,Pass,Pass,Pass,Pass,Pass,Pass,Pass,Pass,Pass,Pass,Pass,Pass,Pass,Pass,Pass,Pass,Pass,Pass,Pass,Skip,Pass,
05-28-2016,11:38:24,51.5,6,171680062316,PASS,Pass,Pass,Pass,Pass,Pass,Pass,Pass,Pass,Skip,Pass,Pass,Pass,Pass,Pass,Pass,Pass,Pass,Pass,Pass,Pass,Pass,Pass,Pass,Pass,Pass,Pass,Pass,Pass,Pass,Pass,Pass,Pass,Pass,Pass,Pass,Pass,Pass,Pass,Pass,Skip,Pass,
05-28-2016,11:38:37,46.4,1,171680062342,PASS,Pass,Pass,Pass,Pass,Pass,Pass,Pass,Pass,Skip,Pass,Pass,Pass,Pass,Pass,Pass,Pass,Pass,Pass,Pass,Pass,Pass,Pass,Pass,Pass,Pass,Pass,Pass,Pass,Pass,Pass,Pass,Pass,Pass,Pass,Pass,Pass,Pass,Pass,Pass,Skip,Pass,
05-28-2016,11:38:54,48.2,3,171680062343,PASS,Pass,Pass,Pass,Pass,Pass,Pass,Pass,Pass,Skip,Pass,Pass,Pass,Pass,Pass,Pass,Pass,Pass,Pass,Pass,Pass,Pass,Pass,Pass,Pass,Pass,Pass,Pass,Pass,Pass,Pass,Pass,Pass,Pass,Pass,Pass,Pass,Pass,Pass,Pass,Skip,Pass,
05-28-2016,11:39:15,47.1,5,171680062344,PASS,Pass,Pass,Pass,Pass,Pass,Pass,Pass,Pass,Skip,Pass,Pass,Pass,Pass,Pass,Pass,Pass,Pass,Pass,Pass,Pass,Pass,Pass,Pass,Pass,Pass,Pass,Pass,Pass,Pass,Pass,Pass,Pass,Pass,Pass,Pass,Pass,Pass,Pass,Pass,Skip,Pass,
05-28-2016,11:39:32,45.4,2,171680062345,PASS,Pass,Pass,Pass,Pass,Pass,Pass,Pass,Pass,Skip,Pass,Pass,Pass,Pass,Pass,Pass,Pass,Pass,Pass,Pass,Pass,Pass,Pass,Pass,Pass,Pass,Pass,Pass,Pass,Pass,Pass,Pass,Pass,Pass,Pass,Pass,Pass,Pass,Pass,Pass,Skip,Pass,
05-28-2016,11:40:13,45.8,4,171680062351,PASS,Pass,Pass,Pass,Pass,Pass,Pass,Pass,Pass,Skip,Pass,Pass,Pass,Pass,Pass,Pass,Pass,Pass,Pass,Pass,Pass,Pass,Pass,Pass,Pass,Pass,Pass,Pass,Pass,Pass,Pass,Pass,Pass,Pass,Pass,Pass,Pass,Pass,Pass,Pass,Skip,Pass,
05-28-2016,11:40:59,45.3,3,171680062352,PASS,Pass,Pass,Pass,Pass,Pass,Pass,Pass,Pass,Skip,Pass,Pass,Pass,Pass,Pass,Pass,Pass,Pass,Pass,Pass,Pass,Pass,Pass,Pass,Pass,Pass,Pass,Pass,Pass,Pass,Pass,Pass,Pass,Pass,Pass,Pass,Pass,Pass,Pass,Pass,Skip,Pass,
05-28-2016,11:41:21,46.3,5,171680062353,PASS,Pass,Pass,Pass,Pass,Pass,Pass,Pass,Pass,Skip,Pass,Pass,Pass,Pass,Pass,Pass,Pass,Pass,Pass,Pass,Pass,Pass,Pass,Pass,Pass,Pass,Pass,Pass,Pass,Pass,Pass,Pass,Pass,Pass,Pass,Pass,Pass,Pass,Pass,Pass,Skip,Pass,
05-28-2016,11:42:07,46.0,6,171680062354,PASS,Pass,Pass,Pass,Pass,Pass,Pass,Pass,Pass,Skip,Pass,Pass,Pass,Pass,Pass,Pass,Pass,Pass,Pass,Pass,Pass,Pass,Pass,Pass,Pass,Pass,Pass,Pass,Pass,Pass,Pass,Pass,Pass,Pass,Pass,Pass,Pass,Pass,Pass,Pass,Skip,Pass,
05-28-2016,11:42:17,44.9,1,171680062355,PASS,Pass,Pass,Pass,Pass,Pass,Pass,Pass,Pass,Skip,Pass,Pass,Pass,Pass,Pass,Pass,Pass,Pass,Pass,Pass,Pass,Pass,Pass,Pass,Pass,Pass,Pass,Pass,Pass,Pass,Pass,Pass,Pass,Pass,Pass,Pass,Pass,Pass,Pass,Pass,Skip,Pass,
05-28-2016,11:42:26,45.6,3,171680062356,PASS,Pass,Pass,Pass,Pass,Pass,Pass,Pass,Pass,Skip,Pass,Pass,Pass,Pass,Pass,Pass,Pass,Pass,Pass,Pass,Pass,Pass,Pass,Pass,Pass,Pass,Pass,Pass,Pass,Pass,Pass,Pass,Pass,Pass,Pass,Pass,Pass,Pass,Pass,Pass,Skip,Pass,
05-28-2016,11:42:52,45.0,5,171680062321,PASS,Pass,Pass,Pass,Pass,Pass,Pass,Pass,Pass,Skip,Pass,Pass,Pass,Pass,Pass,Pass,Pass,Pass,Pass,Pass,Pass,Pass,Pass,Pass,Pass,Pass,Pass,Pass,Pass,Pass,Pass,Pass,Pass,Pass,Pass,Pass,Pass,Pass,Pass,Pass,Skip,Pass,
05-28-2016,11:43:15,48.6,4,171680062322,PASS,Pass,Pass,Pass,Pass,Pass,Pass,Pass,Pass,Skip,Pass,Pass,Pass,Pass,Pass,Pass,Pass,Pass,Pass,Pass,Pass,Pass,Pass,Pass,Pass,Pass,Pass,Pass,Pass,Pass,Pass,Pass,Pass,Pass,Pass,Pass,Pass,Pass,Pass,Pass,Skip,Pass,
05-28-2016,11:44:08,46.2,1,171680062324,PASS,Pass,Pass,Pass,Pass,Pass,Pass,Pass,Pass,Skip,Pass,Pass,Pass,Pass,Pass,Pass,Pass,Pass,Pass,Pass,Pass,Pass,Pass,Pass,Pass,Pass,Pass,Pass,Pass,Pass,Pass,Pass,Pass,Pass,Pass,Pass,Pass,Pass,Pass,Pass,Skip,Pass,
05-28-2016,11:45:10,48.7,3,171680062331,PASS,Pass,Pass,Pass,Pass,Pass,Pass,Pass,Pass,Skip,Pass,Pass,Pass,Pass,Pass,Pass,Pass,Pass,Pass,Pass,Pass,Pass,Pass,Pass,Pass,Pass,Pass,Pass,Pass,Pass,Pass,Pass,Pass,Pass,Pass,Pass,Pass,Pass,Pass,Pass,Skip,Pass,
05-28-2016,11:46:53,49.3,5,171680062334,PASS,Pass,Pass,Pass,Pass,Pass,Pass,Pass,Pass,Skip,Pass,Pass,Pass,Pass,Pass,Pass,Pass,Pass,Pass,Pass,Pass,Pass,Pass,Pass,Pass,Pass,Pass,Pass,Pass,Pass,Pass,Pass,Pass,Pass,Pass,Pass,Pass,Pass,Pass,Pass,Skip,Pass,
05-28-2016,11:47:07,48.3,4,171680062335,PASS,Pass,Pass,Pass,Pass,Pass,Pass,Pass,Pass,Skip,Pass,Pass,Pass,Pass,Pass,Pass,Pass,Pass,Pass,Pass,Pass,Pass,Pass,Pass,Pass,Pass,Pass,Pass,Pass,Pass,Pass,Pass,Pass,Pass,Pass,Pass,Pass,Pass,Pass,Pass,Skip,Pass,
05-28-2016,11:47:39,45.8,6,171680062336,PASS,Pass,Pass,Pass,Pass,Pass,Pass,Pass,Pass,Skip,Pass,Pass,Pass,Pass,Pass,Pass,Pass,Pass,Pass,Pass,Pass,Pass,Pass,Pass,Pass,Pass,Pass,Pass,Pass,Pass,Pass,Pass,Pass,Pass,Pass,Pass,Pass,Pass,Pass,Pass,Skip,Pass,
05-28-2016,11:47:48,45.6,2,171680062381,PASS,Pass,Pass,Pass,Pass,Pass,Pass,Pass,Pass,Skip,Pass,Pass,Pass,Pass,Pass,Pass,Pass,Pass,Pass,Pass,Pass,Pass,Pass,Pass,Pass,Pass,Pass,Pass,Pass,Pass,Pass,Pass,Pass,Pass,Pass,Pass,Pass,Pass,Pass,Pass,Skip,Pass,
05-28-2016,11:48:32,52.5,5,171680062382,PASS,Pass,Pass,Pass,Pass,Pass,Pass,Pass,Pass,Skip,Pass,Pass,Pass,Pass,Pass,Pass,Pass,Pass,Pass,Pass,Pass,Pass,Pass,Pass,Pass,Pass,Pass,Pass,Pass,Pass,Pass,Pass,Pass,Pass,Pass,Pass,Pass,Pass,Pass,Pass,Skip,Pass,
05-28-2016,11:48:44,46.1,4,171680062384,PASS,Pass,Pass,Pass,Pass,Pass,Pass,Pass,Pass,Skip,Pass,Pass,Pass,Pass,Pass,Pass,Pass,Pass,Pass,Pass,Pass,Pass,Pass,Pass,Pass,Pass,Pass,Pass,Pass,Pass,Pass,Pass,Pass,Pass,Pass,Pass,Pass,Pass,Pass,Pass,Skip,Pass,
05-28-2016,11:53:09,44.3,3,171680062393,PASS,Pass,Pass,Pass,Pass,Pass,Pass,Pass,Pass,Skip,Pass,Pass,Pass,Pass,Pass,Pass,Pass,Pass,Pass,Pass,Pass,Pass,Pass,Pass,Pass,Pass,Pass,Pass,Pass,Pass,Pass,Pass,Pass,Pass,Pass,Pass,Pass,Pass,Pass,Pass,Skip,Pass,
05-28-2016,11:53:24,47.9,6,171680062394,PASS,Pass,Pass,Pass,Pass,Pass,Pass,Pass,Pass,Skip,Pass,Pass,Pass,Pass,Pass,Pass,Pass,Pass,Pass,Pass,Pass,Pass,Pass,Pass,Pass,Pass,Pass,Pass,Pass,Pass,Pass,Pass,Pass,Pass,Pass,Pass,Pass,Pass,Pass,Pass,Skip,Pass,
05-28-2016,11:54:05,48.6,1,171680062395,PASS,Pass,Pass,Pass,Pass,Pass,Pass,Pass,Pass,Skip,Pass,Pass,Pass,Pass,Pass,Pass,Pass,Pass,Pass,Pass,Pass,Pass,Pass,Pass,Pass,Pass,Pass,Pass,Pass,Pass,Pass,Pass,Pass,Pass,Pass,Pass,Pass,Pass,Pass,Pass,Skip,Pass,
05-28-2016,11:54:30,52.3,5,171680062396,PASS,Pass,Pass,Pass,Pass,Pass,Pass,Pass,Pass,Skip,Pass,Pass,Pass,Pass,Pass,Pass,Pass,Pass,Pass,Pass,Pass,Pass,Pass,Pass,Pass,Pass,Pass,Pass,Pass,Pass,Pass,Pass,Pass,Pass,Pass,Pass,Pass,Pass,Pass,Pass,Skip,Pass,
05-28-2016,11:54:50,53.6,4,171680062421,PASS,Pass,Pass,Pass,Pass,Pass,Pass,Pass,Pass,Skip,Pass,Pass,Pass,Pass,Pass,Pass,Pass,Pass,Pass,Pass,Pass,Pass,Pass,Pass,Pass,Pass,Pass,Pass,Pass,Pass,Pass,Pass,Pass,Pass,Pass,Pass,Pass,Pass,Pass,Pass,Skip,Pass,
05-28-2016,11:59:54,44.2,6,171680062325,PASS,Pass,Pass,Pass,Pass,Pass,Pass,Pass,Pass,Skip,Pass,Pass,Pass,Pass,Pass,Pass,Pass,Pass,Pass,Pass,Pass,Pass,Pass,Pass,Pass,Pass,Pass,Pass,Pass,Pass,Pass,Pass,Pass,Pass,Pass,Pass,Pass,Pass,Pass,Pass,Skip,Pass,
05-28-2016,11:59:58,44.3,4,171680062323,PASS,Pass,Pass,Pass,Pass,Pass,Pass,Pass,Pass,Skip,Pass,Pass,Pass,Pass,Pass,Pass,Pass,Pass,Pass,Pass,Pass,Pass,Pass,Pass,Pass,Pass,Pass,Pass,Pass,Pass,Pass,Pass,Pass,Pass,Pass,Pass,Pass,Pass,Pass,Pass,Skip,Pass,
05-28-2016,12:00:03,44.3,2,171680062386,PASS,Pass,Pass,Pass,Pass,Pass,Pass,Pass,Pass,Skip,Pass,Pass,Pass,Pass,Pass,Pass,Pass,Pass,Pass,Pass,Pass,Pass,Pass,Pass,Pass,Pass,Pass,Pass,Pass,Pass,Pass,Pass,Pass,Pass,Pass,Pass,Pass,Pass,Pass,Pass,Skip,Pass,
05-28-2016,12:00:42,48.4,5,171680062385,PASS,Pass,Pass,Pass,Pass,Pass,Pass,Pass,Pass,Skip,Pass,Pass,Pass,Pass,Pass,Pass,Pass,Pass,Pass,Pass,Pass,Pass,Pass,Pass,Pass,Pass,Pass,Pass,Pass,Pass,Pass,Pass,Pass,Pass,Pass,Pass,Pass,Pass,Pass,Pass,Skip,Pass,
05-28-2016,12:00:44,46.2,3,171680062346,PASS,Pass,Pass,Pass,Pass,Pass,Pass,Pass,Pass,Skip,Pass,Pass,Pass,Pass,Pass,Pass,Pass,Pass,Pass,Pass,Pass,Pass,Pass,Pass,Pass,Pass,Pass,Pass,Pass,Pass,Pass,Pass,Pass,Pass,Pass,Pass,Pass,Pass,Pass,Pass,Skip,Pass,
05-28-2016,12:00:48,44.8,1,171680062391,PASS,Pass,Pass,Pass,Pass,Pass,Pass,Pass,Pass,Skip,Pass,Pass,Pass,Pass,Pass,Pass,Pass,Pass,Pass,Pass,Pass,Pass,Pass,Pass,Pass,Pass,Pass,Pass,Pass,Pass,Pass,Pass,Pass,Pass,Pass,Pass,Pass,Pass,Pass,Pass,Skip,Pass,
05-28-2016,12:01:26,44.4,6,171680062312,PASS,Pass,Pass,Pass,Pass,Pass,Pass,Pass,Pass,Skip,Pass,Pass,Pass,Pass,Pass,Pass,Pass,Pass,Pass,Pass,Pass,Pass,Pass,Pass,Pass,Pass,Pass,Pass,Pass,Pass,Pass,Pass,Pass,Pass,Pass,Pass,Pass,Pass,Pass,Pass,Skip,Pass,
05-28-2016,12:01:29,44.9,4,171680062383,PASS,Pass,Pass,Pass,Pass,Pass,Pass,Pass,Pass,Skip,Pass,Pass,Pass,Pass,Pass,Pass,Pass,Pass,Pass,Pass,Pass,Pass,Pass,Pass,Pass,Pass,Pass,Pass,Pass,Pass,Pass,Pass,Pass,Pass,Pass,Pass,Pass,Pass,Pass,Pass,Skip,Pass,
05-28-2016,12:01:33,44.9,2,171680062306,PASS,Pass,Pass,Pass,Pass,Pass,Pass,Pass,Pass,Skip,Pass,Pass,Pass,Pass,Pass,Pass,Pass,Pass,Pass,Pass,Pass,Pass,Pass,Pass,Pass,Pass,Pass,Pass,Pass,Pass,Pass,Pass,Pass,Pass,Pass,Pass,Pass,Pass,Pass,Pass,Skip,Pass,
05-28-2016,12:02:15,45.7,3,171680062333,PASS,Pass,Pass,Pass,Pass,Pass,Pass,Pass,Pass,Skip,Pass,Pass,Pass,Pass,Pass,Pass,Pass,Pass,Pass,Pass,Pass,Pass,Pass,Pass,Pass,Pass,Pass,Pass,Pass,Pass,Pass,Pass,Pass,Pass,Pass,Pass,Pass,Pass,Pass,Pass,Skip,Pass,
05-28-2016,12:02:19,45.9,1,171680062326,PASS,Pass,Pass,Pass,Pass,Pass,Pass,Pass,Pass,Skip,Pass,Pass,Pass,Pass,Pass,Pass,Pass,Pass,Pass,Pass,Pass,Pass,Pass,Pass,Pass,Pass,Pass,Pass,Pass,Pass,Pass,Pass,Pass,Pass,Pass,Pass,Pass,Pass,Pass,Pass,Skip,Pass,
05-28-2016,12:02:31,46.6,6,171680062311,PASS,Pass,Pass,Pass,Pass,Pass,Pass,Pass,Pass,Skip,Pass,Pass,Pass,Pass,Pass,Pass,Pass,Pass,Pass,Pass,Pass,Pass,Pass,Pass,Pass,Pass,Pass,Pass,Pass,Pass,Pass,Pass,Pass,Pass,Pass,Pass,Pass,Pass,Pass,Pass,Skip,Pass,
05-28-2016,12:03:01,46.3,4,171680062341,PASS,Pass,Pass,Pass,Pass,Pass,Pass,Pass,Pass,Skip,Pass,Pass,Pass,Pass,Pass,Pass,Pass,Pass,Pass,Pass,Pass,Pass,Pass,Pass,Pass,Pass,Pass,Pass,Pass,Pass,Pass,Pass,Pass,Pass,Pass,Pass,Pass,Pass,Pass,Pass,Skip,Pass,
05-28-2016,12:03:07,47.7,2,171680062332,PASS,Pass,Pass,Pass,Pass,Pass,Pass,Pass,Pass,Skip,Pass,Pass,Pass,Pass,Pass,Pass,Pass,Pass,Pass,Pass,Pass,Pass,Pass,Pass,Pass,Pass,Pass,Pass,Pass,Pass,Pass,Pass,Pass,Pass,Pass,Pass,Pass,Pass,Pass,Pass,Skip,Pass,
05-28-2016,12:03:20,49.1,5,171680062313,PASS,Pass,Pass,Pass,Pass,Pass,Pass,Pass,Pass,Skip,Pass,Pass,Pass,Pass,Pass,Pass,Pass,Pass,Pass,Pass,Pass,Pass,Pass,Pass,Pass,Pass,Pass,Pass,Pass,Pass,Pass,Pass,Pass,Pass,Pass,Pass,Pass,Pass,Pass,Pass,Skip,Pass,
05-28-2016,12:03:47,45.8,3,171680062392,PASS,Pass,Pass,Pass,Pass,Pass,Pass,Pass,Pass,Skip,Pass,Pass,Pass,Pass,Pass,Pass,Pass,Pass,Pass,Pass,Pass,Pass,Pass,Pass,Pass,Pass,Pass,Pass,Pass,Pass,Pass,Pass,Pass,Pass,Pass,Pass,Pass,Pass,Pass,Pass,Skip,Pass,
05-28-2016,12:03:52,45.6,1,171680056912,PASS,Pass,Pass,Pass,Pass,Pass,Pass,Pass,Pass,Skip,Pass,Pass,Pass,Pass,Pass,Pass,Pass,Pass,Pass,Pass,Pass,Pass,Pass,Pass,Pass,Pass,Pass,Pass,Pass,Pass,Pass,Pass,Pass,Pass,Pass,Pass,Pass,Pass,Pass,Pass,Skip,Pass,
05-28-2016,12:04:11,46.3,6,171680056911,PASS,Pass,Pass,Pass,Pass,Pass,Pass,Pass,Pass,Skip,Pass,Pass,Pass,Pass,Pass,Pass,Pass,Pass,Pass,Pass,Pass,Pass,Pass,Pass,Pass,Pass,Pass,Pass,Pass,Pass,Pass,Pass,Pass,Pass,Pass,Pass,Pass,Pass,Pass,Pass,Skip,Pass,
05-28-2016,12:04:33,45.5,4,171680056915,PASS,Pass,Pass,Pass,Pass,Pass,Pass,Pass,Pass,Skip,Pass,Pass,Pass,Pass,Pass,Pass,Pass,Pass,Pass,Pass,Pass,Pass,Pass,Pass,Pass,Pass,Pass,Pass,Pass,Pass,Pass,Pass,Pass,Pass,Pass,Pass,Pass,Pass,Pass,Pass,Skip,Pass,
05-28-2016,12:04:38,45.6,2,171680056844,PASS,Pass,Pass,Pass,Pass,Pass,Pass,Pass,Pass,Skip,Pass,Pass,Pass,Pass,Pass,Pass,Pass,Pass,Pass,Pass,Pass,Pass,Pass,Pass,Pass,Pass,Pass,Pass,Pass,Pass,Pass,Pass,Pass,Pass,Pass,Pass,Pass,Pass,Pass,Pass,Skip,Pass,
05-28-2016,12:04:55,44.3,5,171680056951,PASS,Pass,Pass,Pass,Pass,Pass,Pass,Pass,Pass,Skip,Pass,Pass,Pass,Pass,Pass,Pass,Pass,Pass,Pass,Pass,Pass,Pass,Pass,Pass,Pass,Pass,Pass,Pass,Pass,Pass,Pass,Pass,Pass,Pass,Pass,Pass,Pass,Pass,Pass,Pass,Skip,Pass,
05-28-2016,12:05:19,45.7,3,171680056952,PASS,Pass,Pass,Pass,Pass,Pass,Pass,Pass,Pass,Skip,Pass,Pass,Pass,Pass,Pass,Pass,Pass,Pass,Pass,Pass,Pass,Pass,Pass,Pass,Pass,Pass,Pass,Pass,Pass,Pass,Pass,Pass,Pass,Pass,Pass,Pass,Pass,Pass,Pass,Pass,Skip,Pass,
05-28-2016,12:05:25,47.1,1,171680056931,PASS,Pass,Pass,Pass,Pass,Pass,Pass,Pass,Pass,Skip,Pass,Pass,Pass,Pass,Pass,Pass,Pass,Pass,Pass,Pass,Pass,Pass,Pass,Pass,Pass,Pass,Pass,Pass,Pass,Pass,Pass,Pass,Pass,Pass,Pass,Pass,Pass,Pass,Pass,Pass,Skip,Pass,
05-28-2016,12:05:44,45.9,6,171680056842,PASS,Pass,Pass,Pass,Pass,Pass,Pass,Pass,Pass,Skip,Pass,Pass,Pass,Pass,Pass,Pass,Pass,Pass,Pass,Pass,Pass,Pass,Pass,Pass,Pass,Pass,Pass,Pass,Pass,Pass,Pass,Pass,Pass,Pass,Pass,Pass,Pass,Pass,Pass,Pass,Skip,Pass,
05-28-2016,12:06:03,44.3,4,171680056843,PASS,Pass,Pass,Pass,Pass,Pass,Pass,Pass,Pass,Skip,Pass,Pass,Pass,Pass,Pass,Pass,Pass,Pass,Pass,Pass,Pass,Pass,Pass,Pass,Pass,Pass,Pass,Pass,Pass,Pass,Pass,Pass,Pass,Pass,Pass,Pass,Pass,Pass,Pass,Pass,Skip,Pass,
05-28-2016,12:06:11,45.6,2,171680056933,PASS,Pass,Pass,Pass,Pass,Pass,Pass,Pass,Pass,Skip,Pass,Pass,Pass,Pass,Pass,Pass,Pass,Pass,Pass,Pass,Pass,Pass,Pass,Pass,Pass,Pass,Pass,Pass,Pass,Pass,Pass,Pass,Pass,Pass,Pass,Pass,Pass,Pass,Pass,Pass,Skip,Pass,
05-28-2016,12:06:29,44.9,5,171680056951,PASS,Pass,Pass,Pass,Pass,Pass,Pass,Pass,Pass,Skip,Pass,Pass,Pass,Pass,Pass,Pass,Pass,Pass,Pass,Pass,Pass,Pass,Pass,Pass,Pass,Pass,Pass,Pass,Pass,Pass,Pass,Pass,Pass,Pass,Pass,Pass,Pass,Pass,Pass,Pass,Skip,Pass,
05-28-2016,12:06:47,44.3,3,171680056954,PASS,Pass,Pass,Pass,Pass,Pass,Pass,Pass,Pass,Skip,Pass,Pass,Pass,Pass,Pass,Pass,Pass,Pass,Pass,Pass,Pass,Pass,Pass,Pass,Pass,Pass,Pass,Pass,Pass,Pass,Pass,Pass,Pass,Pass,Pass,Pass,Pass,Pass,Pass,Pass,Skip,Pass,
05-28-2016,12:06:57,45.8,1,171680056913,PASS,Pass,Pass,Pass,Pass,Pass,Pass,Pass,Pass,Skip,Pass,Pass,Pass,Pass,Pass,Pass,Pass,Pass,Pass,Pass,Pass,Pass,Pass,Pass,Pass,Pass,Pass,Pass,Pass,Pass,Pass,Pass,Pass,Pass,Pass,Pass,Pass,Pass,Pass,Pass,Skip,Pass,
05-28-2016,12:07:22,44.0,6,171680056955,PASS,Pass,Pass,Pass,Pass,Pass,Pass,Pass,Pass,Skip,Pass,Pass,Pass,Pass,Pass,Pass,Pass,Pass,Pass,Pass,Pass,Pass,Pass,Pass,Pass,Pass,Pass,Pass,Pass,Pass,Pass,Pass,Pass,Pass,Pass,Pass,Pass,Pass,Pass,Pass,Skip,Pass,
05-28-2016,12:07:33,45.7,4,171680056936,PASS,Pass,Pass,Pass,Pass,Pass,Pass,Pass,Pass,Skip,Pass,Pass,Pass,Pass,Pass,Pass,Pass,Pass,Pass,Pass,Pass,Pass,Pass,Pass,Pass,Pass,Pass,Pass,Pass,Pass,Pass,Pass,Pass,Pass,Pass,Pass,Pass,Pass,Pass,Pass,Skip,Pass,
05-28-2016,12:07:43,45.7,2,171680056914,PASS,Pass,Pass,Pass,Pass,Pass,Pass,Pass,Pass,Skip,Pass,Pass,Pass,Pass,Pass,Pass,Pass,Pass,Pass,Pass,Pass,Pass,Pass,Pass,Pass,Pass,Pass,Pass,Pass,Pass,Pass,Pass,Pass,Pass,Pass,Pass,Pass,Pass,Pass,Pass,Skip,Pass,
05-28-2016,12:08:07,44.5,5,171680056841,PASS,Pass,Pass,Pass,Pass,Pass,Pass,Pass,Pass,Skip,Pass,Pass,Pass,Pass,Pass,Pass,Pass,Pass,Pass,Pass,Pass,Pass,Pass,Pass,Pass,Pass,Pass,Pass,Pass,Pass,Pass,Pass,Pass,Pass,Pass,Pass,Pass,Pass,Pass,Pass,Skip,Pass,
05-28-2016,12:10:17,44.8,1,171680062422,PASS,Pass,Pass,Pass,Pass,Pass,Pass,Pass,Pass,Skip,Pass,Pass,Pass,Pass,Pass,Pass,Pass,Pass,Pass,Pass,Pass,Pass,Pass,Pass,Pass,Pass,Pass,Pass,Pass,Pass,Pass,Pass,Pass,Pass,Pass,Pass,Pass,Pass,Pass,Pass,Skip,Pass,
05-28-2016,12:11:04,45.1,3,171680062423,PASS,Pass,Pass,Pass,Pass,Pass,Pass,Pass,Pass,Skip,Pass,Pass,Pass,Pass,Pass,Pass,Pass,Pass,Pass,Pass,Pass,Pass,Pass,Pass,Pass,Pass,Pass,Pass,Pass,Pass,Pass,Pass,Pass,Pass,Pass,Pass,Pass,Pass,Pass,Pass,Skip,Pass,
05-28-2016,12:11:35,47.6,2,171680062425,PASS,Pass,Pass,Pass,Pass,Pass,Pass,Pass,Pass,Skip,Pass,Pass,Pass,Pass,Pass,Pass,Pass,Pass,Pass,Pass,Pass,Pass,Pass,Pass,Pass,Pass,Pass,Pass,Pass,Pass,Pass,Pass,Pass,Pass,Pass,Pass,Pass,Pass,Pass,Pass,Skip,Pass,
05-28-2016,12:11:53,48.6,4,171680062424,PASS,Pass,Pass,Pass,Pass,Pass,Pass,Pass,Pass,Skip,Pass,Pass,Pass,Pass,Pass,Pass,Pass,Pass,Pass,Pass,Pass,Pass,Pass,Pass,Pass,Pass,Pass,Pass,Pass,Pass,Pass,Pass,Pass,Pass,Pass,Pass,Pass,Pass,Pass,Pass,Skip,Pass,
05-28-2016,12:11:58,49.2,5,171680062426,PASS,Pass,Pass,Pass,Pass,Pass,Pass,Pass,Pass,Skip,Pass,Pass,Pass,Pass,Pass,Pass,Pass,Pass,Pass,Pass,Pass,Pass,Pass,Pass,Pass,Pass,Pass,Pass,Pass,Pass,Pass,Pass,Pass,Pass,Pass,Pass,Pass,Pass,Pass,Pass,Skip,Pass,
05-28-2016,12:12:42,44.5,6,171680062431,PASS,Pass,Pass,Pass,Pass,Pass,Pass,Pass,Pass,Skip,Pass,Pass,Pass,Pass,Pass,Pass,Pass,Pass,Pass,Pass,Pass,Pass,Pass,Pass,Pass,Pass,Pass,Pass,Pass,Pass,Pass,Pass,Pass,Pass,Pass,Pass,Pass,Pass,Pass,Pass,Skip,Pass,
05-28-2016,12:14:07,45.0,1,171680062434,PASS,Pass,Pass,Pass,Pass,Pass,Pass,Pass,Pass,Skip,Pass,Pass,Pass,Pass,Pass,Pass,Pass,Pass,Pass,Pass,Pass,Pass,Pass,Pass,Pass,Pass,Pass,Pass,Pass,Pass,Pass,Pass,Pass,Pass,Pass,Pass,Pass,Pass,Pass,Pass,Skip,Pass,
05-28-2016,12:14:10,47.7,3,171680062433,PASS,Pass,Pass,Pass,Pass,Pass,Pass,Pass,Pass,Skip,Pass,Pass,Pass,Pass,Pass,Pass,Pass,Pass,Pass,Pass,Pass,Pass,Pass,Pass,Pass,Pass,Pass,Pass,Pass,Pass,Pass,Pass,Pass,Pass,Pass,Pass,Pass,Pass,Pass,Pass,Skip,Pass,
05-28-2016,12:14:43,46.5,5,171680062436,PASS,Pass,Pass,Pass,Pass,Pass,Pass,Pass,Pass,Skip,Pass,Pass,Pass,Pass,Pass,Pass,Pass,Pass,Pass,Pass,Pass,Pass,Pass,Pass,Pass,Pass,Pass,Pass,Pass,Pass,Pass,Pass,Pass,Pass,Pass,Pass,Pass,Pass,Pass,Pass,Skip,Pass,
05-28-2016,12:14:52,44.9,2,171680062435,PASS,Pass,Pass,Pass,Pass,Pass,Pass,Pass,Pass,Skip,Pass,Pass,Pass,Pass,Pass,Pass,Pass,Pass,Pass,Pass,Pass,Pass,Pass,Pass,Pass,Pass,Pass,Pass,Pass,Pass,Pass,Pass,Pass,Pass,Pass,Pass,Pass,Pass,Pass,Pass,Skip,Pass,
05-28-2016,12:14:56,45.6,4,171680062432,PASS,Pass,Pass,Pass,Pass,Pass,Pass,Pass,Pass,Skip,Pass,Pass,Pass,Pass,Pass,Pass,Pass,Pass,Pass,Pass,Pass,Pass,Pass,Pass,Pass,Pass,Pass,Pass,Pass,Pass,Pass,Pass,Pass,Pass,Pass,Pass,Pass,Pass,Pass,Pass,Skip,Pass,
05-28-2016,12:15:43,48.0,6,171680062441,PASS,Pass,Pass,Pass,Pass,Pass,Pass,Pass,Pass,Skip,Pass,Pass,Pass,Pass,Pass,Pass,Pass,Pass,Pass,Pass,Pass,Pass,Pass,Pass,Pass,Pass,Pass,Pass,Pass,Pass,Pass,Pass,Pass,Pass,Pass,Pass,Pass,Pass,Pass,Pass,Skip,Pass,
05-28-2016,12:16:52,44.1,1,171680062444,PASS,Pass,Pass,Pass,Pass,Pass,Pass,Pass,Pass,Skip,Pass,Pass,Pass,Pass,Pass,Pass,Pass,Pass,Pass,Pass,Pass,Pass,Pass,Pass,Pass,Pass,Pass,Pass,Pass,Pass,Pass,Pass,Pass,Pass,Pass,Pass,Pass,Pass,Pass,Pass,Skip,Pass,
05-28-2016,12:16:56,45.8,3,171680062443,PASS,Pass,Pass,Pass,Pass,Pass,Pass,Pass,Pass,Skip,Pass,Pass,Pass,Pass,Pass,Pass,Pass,Pass,Pass,Pass,Pass,Pass,Pass,Pass,Pass,Pass,Pass,Pass,Pass,Pass,Pass,Pass,Pass,Pass,Pass,Pass,Pass,Pass,Pass,Pass,Skip,Pass,
05-28-2016,12:17:43,46.6,4,171680062442,PASS,Pass,Pass,Pass,Pass,Pass,Pass,Pass,Pass,Skip,Pass,Pass,Pass,Pass,Pass,Pass,Pass,Pass,Pass,Pass,Pass,Pass,Pass,Pass,Pass,Pass,Pass,Pass,Pass,Pass,Pass,Pass,Pass,Pass,Pass,Pass,Pass,Pass,Pass,Pass,Skip,Pass,
05-28-2016,12:17:47,45.7,2,171680062445,PASS,Pass,Pass,Pass,Pass,Pass,Pass,Pass,Pass,Skip,Pass,Pass,Pass,Pass,Pass,Pass,Pass,Pass,Pass,Pass,Pass,Pass,Pass,Pass,Pass,Pass,Pass,Pass,Pass,Pass,Pass,Pass,Pass,Pass,Pass,Pass,Pass,Pass,Pass,Pass,Skip,Pass,
05-28-2016,12:18:22,45.9,5,171680062446,PASS,Pass,Pass,Pass,Pass,Pass,Pass,Pass,Pass,Skip,Pass,Pass,Pass,Pass,Pass,Pass,Pass,Pass,Pass,Pass,Pass,Pass,Pass,Pass,Pass,Pass,Pass,Pass,Pass,Pass,Pass,Pass,Pass,Pass,Pass,Pass,Pass,Pass,Pass,Pass,Skip,Pass,
05-28-2016,12:19:18,44.9,6,171680062451,PASS,Pass,Pass,Pass,Pass,Pass,Pass,Pass,Pass,Skip,Pass,Pass,Pass,Pass,Pass,Pass,Pass,Pass,Pass,Pass,Pass,Pass,Pass,Pass,Pass,Pass,Pass,Pass,Pass,Pass,Pass,Pass,Pass,Pass,Pass,Pass,Pass,Pass,Pass,Pass,Skip,Pass,
05-28-2016,12:21:44,45.0,4,171680062454,PASS,Pass,Pass,Pass,Pass,Pass,Pass,Pass,Pass,Skip,Pass,Pass,Pass,Pass,Pass,Pass,Pass,Pass,Pass,Pass,Pass,Pass,Pass,Pass,Pass,Pass,Pass,Pass,Pass,Pass,Pass,Pass,Pass,Pass,Pass,Pass,Pass,Pass,Pass,Pass,Skip,Pass,
05-28-2016,12:21:45,44.2,5,171680062453,PASS,Pass,Pass,Pass,Pass,Pass,Pass,Pass,Pass,Skip,Pass,Pass,Pass,Pass,Pass,Pass,Pass,Pass,Pass,Pass,Pass,Pass,Pass,Pass,Pass,Pass,Pass,Pass,Pass,Pass,Pass,Pass,Pass,Pass,Pass,Pass,Pass,Pass,Pass,Pass,Skip,Pass,
05-28-2016,12:21:48,49.3,2,171680062455,PASS,Pass,Pass,Pass,Pass,Pass,Pass,Pass,Pass,Skip,Pass,Pass,Pass,Pass,Pass,Pass,Pass,Pass,Pass,Pass,Pass,Pass,Pass,Pass,Pass,Pass,Pass,Pass,Pass,Pass,Pass,Pass,Pass,Pass,Pass,Pass,Pass,Pass,Pass,Pass,Skip,Pass,
05-28-2016,12:22:34,47.7,3,171680062456,PASS,Pass,Pass,Pass,Pass,Pass,Pass,Pass,Pass,Skip,Pass,Pass,Pass,Pass,Pass,Pass,Pass,Pass,Pass,Pass,Pass,Pass,Pass,Pass,Pass,Pass,Pass,Pass,Pass,Pass,Pass,Pass,Pass,Pass,Pass,Pass,Pass,Pass,Pass,Pass,Skip,Pass,
05-28-2016,12:22:34,45.9,1,171680062452,PASS,Pass,Pass,Pass,Pass,Pass,Pass,Pass,Pass,Skip,Pass,Pass,Pass,Pass,Pass,Pass,Pass,Pass,Pass,Pass,Pass,Pass,Pass,Pass,Pass,Pass,Pass,Pass,Pass,Pass,Pass,Pass,Pass,Pass,Pass,Pass,Pass,Pass,Pass,Pass,Skip,Pass,
05-28-2016,12:23:00,50.7,6,171680062411,PASS,Pass,Pass,Pass,Pass,Pass,Pass,Pass,Pass,Skip,Pass,Pass,Pass,Pass,Pass,Pass,Pass,Pass,Pass,Pass,Pass,Pass,Pass,Pass,Pass,Pass,Pass,Pass,Pass,Pass,Pass,Pass,Pass,Pass,Pass,Pass,Pass,Pass,Pass,Pass,Skip,Pass,
05-28-2016,12:24:56,48.0,3,171680062415,PASS,Pass,Pass,Pass,Pass,Pass,Pass,Pass,Pass,Skip,Pass,Pass,Pass,Pass,Pass,Pass,Pass,Pass,Pass,Pass,Pass,Pass,Pass,Pass,Pass,Pass,Pass,Pass,Pass,Pass,Pass,Pass,Pass,Pass,Pass,Pass,Pass,Pass,Pass,Pass,Skip,Pass,
05-28-2016,12:24:58,47.8,5,171680062414,PASS,Pass,Pass,Pass,Pass,Pass,Pass,Pass,Pass,Skip,Pass,Pass,Pass,Pass,Pass,Pass,Pass,Pass,Pass,Pass,Pass,Pass,Pass,Pass,Pass,Pass,Pass,Pass,Pass,Pass,Pass,Pass,Pass,Pass,Pass,Pass,Pass,Pass,Pass,Pass,Skip,Pass,
05-28-2016,12:25:02,48.6,2,171680062412,PASS,Pass,Pass,Pass,Pass,Pass,Pass,Pass,Pass,Skip,Pass,Pass,Pass,Pass,Pass,Pass,Pass,Pass,Pass,Pass,Pass,Pass,Pass,Pass,Pass,Pass,Pass,Pass,Pass,Pass,Pass,Pass,Pass,Pass,Pass,Pass,Pass,Pass,Pass,Pass,Skip,Pass,
05-28-2016,12:25:47,50.1,4,171680062413,PASS,Pass,Pass,Pass,Pass,Pass,Pass,Pass,Pass,Skip,Pass,Pass,Pass,Pass,Pass,Pass,Pass,Pass,Pass,Pass,Pass,Pass,Pass,Pass,Pass,Pass,Pass,Pass,Pass,Pass,Pass,Pass,Pass,Pass,Pass,Pass,Pass,Pass,Pass,Pass,Skip,Pass,
05-28-2016,12:26:01,47.4,6,171680062416,PASS,Pass,Pass,Pass,Pass,Pass,Pass,Pass,Pass,Skip,Pass,Pass,Pass,Pass,Pass,Pass,Pass,Pass,Pass,Pass,Pass,Pass,Pass,Pass,Pass,Pass,Pass,Pass,Pass,Pass,Pass,Pass,Pass,Pass,Pass,Pass,Pass,Pass,Pass,Pass,Skip,Pass,
05-28-2016,12:26:28,45.7,1,171680062491,PASS,Pass,Pass,Pass,Pass,Pass,Pass,Pass,Pass,Skip,Pass,Pass,Pass,Pass,Pass,Pass,Pass,Pass,Pass,Pass,Pass,Pass,Pass,Pass,Pass,Pass,Pass,Pass,Pass,Pass,Pass,Pass,Pass,Pass,Pass,Pass,Pass,Pass,Pass,Pass,Skip,Pass,
05-28-2016,12:34:45,47.7,1,171680062492,PASS,Pass,Pass,Pass,Pass,Pass,Pass,Pass,Pass,Skip,Pass,Pass,Pass,Pass,Pass,Pass,Pass,Pass,Pass,Pass,Pass,Pass,Pass,Pass,Pass,Pass,Pass,Pass,Pass,Pass,Pass,Pass,Pass,Pass,Pass,Pass,Pass,Pass,Pass,Pass,Skip,Pass,
05-28-2016,12:35:05,45.6,3,171680062494,PASS,Pass,Pass,Pass,Pass,Pass,Pass,Pass,Pass,Skip,Pass,Pass,Pass,Pass,Pass,Pass,Pass,Pass,Pass,Pass,Pass,Pass,Pass,Pass,Pass,Pass,Pass,Pass,Pass,Pass,Pass,Pass,Pass,Pass,Pass,Pass,Pass,Pass,Pass,Pass,Skip,Pass,
05-28-2016,12:35:29,44.2,2,171680062493,PASS,Pass,Pass,Pass,Pass,Pass,Pass,Pass,Pass,Skip,Pass,Pass,Pass,Pass,Pass,Pass,Pass,Pass,Pass,Pass,Pass,Pass,Pass,Pass,Pass,Pass,Pass,Pass,Pass,Pass,Pass,Pass,Pass,Pass,Pass,Pass,Pass,Pass,Pass,Pass,Skip,Pass,
05-28-2016,12:35:51,46.4,4,171680062495,PASS,Pass,Pass,Pass,Pass,Pass,Pass,Pass,Pass,Skip,Pass,Pass,Pass,Pass,Pass,Pass,Pass,Pass,Pass,Pass,Pass,Pass,Pass,Pass,Pass,Pass,Pass,Pass,Pass,Pass,Pass,Pass,Pass,Pass,Pass,Pass,Pass,Pass,Pass,Pass,Skip,Pass,
05-28-2016,12:36:48,47.9,5,171680062496,PASS,Pass,Pass,Pass,Pass,Pass,Pass,Pass,Pass,Skip,Pass,Pass,Pass,Pass,Pass,Pass,Pass,Pass,Pass,Pass,Pass,Pass,Pass,Pass,Pass,Pass,Pass,Pass,Pass,Pass,Pass,Pass,Pass,Pass,Pass,Pass,Pass,Pass,Pass,Pass,Skip,Pass,
05-28-2016,12:37:37,48.7,6,171680062471,PASS,Pass,Pass,Pass,Pass,Pass,Pass,Pass,Pass,Skip,Pass,Pass,Pass,Pass,Pass,Pass,Pass,Pass,Pass,Pass,Pass,Pass,Pass,Pass,Pass,Pass,Pass,Pass,Pass,Pass,Pass,Pass,Pass,Pass,Pass,Pass,Pass,Pass,Pass,Pass,Skip,Pass,
05-28-2016,12:37:45,44.8,1,171680062472,PASS,Pass,Pass,Pass,Pass,Pass,Pass,Pass,Pass,Skip,Pass,Pass,Pass,Pass,Pass,Pass,Pass,Pass,Pass,Pass,Pass,Pass,Pass,Pass,Pass,Pass,Pass,Pass,Pass,Pass,Pass,Pass,Pass,Pass,Pass,Pass,Pass,Pass,Pass,Pass,Skip,Pass,
05-28-2016,12:39:05,52.6,4,171680062473,PASS,Pass,Pass,Pass,Pass,Pass,Pass,Pass,Pass,Skip,Pass,Pass,Pass,Pass,Pass,Pass,Pass,Pass,Pass,Pass,Pass,Pass,Pass,Pass,Pass,Pass,Pass,Pass,Pass,Pass,Pass,Pass,Pass,Pass,Pass,Pass,Pass,Pass,Pass,Pass,Skip,Pass,
05-28-2016,12:39:46,51.0,5,171680062475,PASS,Pass,Pass,Pass,Pass,Pass,Pass,Pass,Pass,Skip,Pass,Pass,Pass,Pass,Pass,Pass,Pass,Pass,Pass,Pass,Pass,Pass,Pass,Pass,Pass,Pass,Pass,Pass,Pass,Pass,Pass,Pass,Pass,Pass,Pass,Pass,Pass,Pass,Pass,Pass,Skip,Pass,
05-28-2016,12:39:50,45.7,3,171680062474,PASS,Pass,Pass,Pass,Pass,Pass,Pass,Pass,Pass,Skip,Pass,Pass,Pass,Pass,Pass,Pass,Pass,Pass,Pass,Pass,Pass,Pass,Pass,Pass,Pass,Pass,Pass,Pass,Pass,Pass,Pass,Pass,Pass,Pass,Pass,Pass,Pass,Pass,Pass,Pass,Skip,Pass,
05-28-2016,12:40:00,46.2,2,171680062476,PASS,Pass,Pass,Pass,Pass,Pass,Pass,Pass,Pass,Skip,Pass,Pass,Pass,Pass,Pass,Pass,Pass,Pass,Pass,Pass,Pass,Pass,Pass,Pass,Pass,Pass,Pass,Pass,Pass,Pass,Pass,Pass,Pass,Pass,Pass,Pass,Pass,Pass,Pass,Pass,Skip,Pass,
05-28-2016,12:41:16,53.8,6,171680062531,PASS,Pass,Pass,Pass,Pass,Pass,Pass,Pass,Pass,Skip,Pass,Pass,Pass,Pass,Pass,Pass,Pass,Pass,Pass,Pass,Pass,Pass,Pass,Pass,Pass,Pass,Pass,Pass,Pass,Pass,Pass,Pass,Pass,Pass,Pass,Pass,Pass,Pass,Pass,Pass,Skip,Pass,
05-28-2016,12:41:23,47.2,4,171680062533,PASS,Pass,Pass,Pass,Pass,Pass,Pass,Pass,Pass,Skip,Pass,Pass,Pass,Pass,Pass,Pass,Pass,Pass,Pass,Pass,Pass,Pass,Pass,Pass,Pass,Pass,Pass,Pass,Pass,Pass,Pass,Pass,Pass,Pass,Pass,Pass,Pass,Pass,Pass,Pass,Skip,Pass,
05-28-2016,12:41:56,50.8,2,171680062535,PASS,Pass,Pass,Pass,Pass,Pass,Pass,Pass,Pass,Skip,Pass,Pass,Pass,Pass,Pass,Pass,Pass,Pass,Pass,Pass,Pass,Pass,Pass,Pass,Pass,Pass,Pass,Pass,Pass,Pass,Pass,Pass,Pass,Pass,Pass,Pass,Pass,Pass,Pass,Pass,Skip,Pass,
05-28-2016,12:42:12,55.2,5,171680062532,PASS,Pass,Pass,Pass,Pass,Pass,Pass,Pass,Pass,Skip,Pass,Pass,Pass,Pass,Pass,Pass,Pass,Pass,Pass,Pass,Pass,Pass,Pass,Pass,Pass,Pass,Pass,Pass,Pass,Pass,Pass,Pass,Pass,Pass,Pass,Pass,Pass,Pass,Pass,Pass,Skip,Pass,
05-28-2016,12:42:12,49.1,3,171680062534,PASS,Pass,Pass,Pass,Pass,Pass,Pass,Pass,Pass,Skip,Pass,Pass,Pass,Pass,Pass,Pass,Pass,Pass,Pass,Pass,Pass,Pass,Pass,Pass,Pass,Pass,Pass,Pass,Pass,Pass,Pass,Pass,Pass,Pass,Pass,Pass,Pass,Pass,Pass,Pass,Skip,Pass,
05-28-2016,12:42:47,50.8,1,171680062536,PASS,Pass,Pass,Pass,Pass,Pass,Pass,Pass,Pass,Skip,Pass,Pass,Pass,Pass,Pass,Pass,Pass,Pass,Pass,Pass,Pass,Pass,Pass,Pass,Pass,Pass,Pass,Pass,Pass,Pass,Pass,Pass,Pass,Pass,Pass,Pass,Pass,Pass,Pass,Pass,Skip,Pass,
05-28-2016,12:43:35,48.2,2,171680062541,PASS,Pass,Pass,Pass,Pass,Pass,Pass,Pass,Pass,Skip,Pass,Pass,Pass,Pass,Pass,Pass,Pass,Pass,Pass,Pass,Pass,Pass,Pass,Pass,Pass,Pass,Pass,Pass,Pass,Pass,Pass,Pass,Pass,Pass,Pass,Pass,Pass,Pass,Pass,Pass,Skip,Pass,
05-28-2016,12:43:43,47.1,3,171680062542,PASS,Pass,Pass,Pass,Pass,Pass,Pass,Pass,Pass,Skip,Pass,Pass,Pass,Pass,Pass,Pass,Pass,Pass,Pass,Pass,Pass,Pass,Pass,Pass,Pass,Pass,Pass,Pass,Pass,Pass,Pass,Pass,Pass,Pass,Pass,Pass,Pass,Pass,Pass,Pass,Skip,Pass,
05-28-2016,12:44:14,47.1,5,171680062544,PASS,Pass,Pass,Pass,Pass,Pass,Pass,Pass,Pass,Skip,Pass,Pass,Pass,Pass,Pass,Pass,Pass,Pass,Pass,Pass,Pass,Pass,Pass,Pass,Pass,Pass,Pass,Pass,Pass,Pass,Pass,Pass,Pass,Pass,Pass,Pass,Pass,Pass,Pass,Pass,Skip,Pass,
05-28-2016,12:44:29,45.7,4,171680062543,PASS,Pass,Pass,Pass,Pass,Pass,Pass,Pass,Pass,Skip,Pass,Pass,Pass,Pass,Pass,Pass,Pass,Pass,Pass,Pass,Pass,Pass,Pass,Pass,Pass,Pass,Pass,Pass,Pass,Pass,Pass,Pass,Pass,Pass,Pass,Pass,Pass,Pass,Pass,Pass,Skip,Pass,
05-28-2016,12:45:00,46.1,6,171680062545,PASS,Pass,Pass,Pass,Pass,Pass,Pass,Pass,Pass,Skip,Pass,Pass,Pass,Pass,Pass,Pass,Pass,Pass,Pass,Pass,Pass,Pass,Pass,Pass,Pass,Pass,Pass,Pass,Pass,Pass,Pass,Pass,Pass,Pass,Pass,Pass,Pass,Pass,Pass,Pass,Skip,Pass,
05-28-2016,12:46:38,46.4,3,171680062571,PASS,Pass,Pass,Pass,Pass,Pass,Pass,Pass,Pass,Skip,Pass,Pass,Pass,Pass,Pass,Pass,Pass,Pass,Pass,Pass,Pass,Pass,Pass,Pass,Pass,Pass,Pass,Pass,Pass,Pass,Pass,Pass,Pass,Pass,Pass,Pass,Pass,Pass,Pass,Pass,Skip,Pass,
05-28-2016,12:46:40,46.2,5,171680062546,PASS,Pass,Pass,Pass,Pass,Pass,Pass,Pass,Pass,Skip,Pass,Pass,Pass,Pass,Pass,Pass,Pass,Pass,Pass,Pass,Pass,Pass,Pass,Pass,Pass,Pass,Pass,Pass,Pass,Pass,Pass,Pass,Pass,Pass,Pass,Pass,Pass,Pass,Pass,Pass,Skip,Pass,
05-28-2016,12:47:09,44.2,2,171680062573,PASS,Pass,Pass,Pass,Pass,Pass,Pass,Pass,Pass,Skip,Pass,Pass,Pass,Pass,Pass,Pass,Pass,Pass,Pass,Pass,Pass,Pass,Pass,Pass,Pass,Pass,Pass,Pass,Pass,Pass,Pass,Pass,Pass,Pass,Pass,Pass,Pass,Pass,Pass,Pass,Skip,Pass,
05-28-2016,12:47:27,48.8,4,171680062572,PASS,Pass,Pass,Pass,Pass,Pass,Pass,Pass,Pass,Skip,Pass,Pass,Pass,Pass,Pass,Pass,Pass,Pass,Pass,Pass,Pass,Pass,Pass,Pass,Pass,Pass,Pass,Pass,Pass,Pass,Pass,Pass,Pass,Pass,Pass,Pass,Pass,Pass,Pass,Pass,Skip,Pass,
05-28-2016,12:47:27,47.0,6,171680062574,PASS,Pass,Pass,Pass,Pass,Pass,Pass,Pass,Pass,Skip,Pass,Pass,Pass,Pass,Pass,Pass,Pass,Pass,Pass,Pass,Pass,Pass,Pass,Pass,Pass,Pass,Pass,Pass,Pass,Pass,Pass,Pass,Pass,Pass,Pass,Pass,Pass,Pass,Pass,Pass,Skip,Pass,
05-28-2016,12:47:53,44.2,1,171680062575,PASS,Pass,Pass,Pass,Pass,Pass,Pass,Pass,Pass,Skip,Pass,Pass,Pass,Pass,Pass,Pass,Pass,Pass,Pass,Pass,Pass,Pass,Pass,Pass,Pass,Pass,Pass,Pass,Pass,Pass,Pass,Pass,Pass,Pass,Pass,Pass,Pass,Pass,Pass,Pass,Skip,Pass,
05-28-2016,12:48:45,45.0,1,171680062481,PASS,Pass,Pass,Pass,Pass,Pass,Pass,Pass,Pass,Skip,Pass,Pass,Pass,Pass,Pass,Pass,Pass,Pass,Pass,Pass,Pass,Pass,Pass,Pass,Pass,Pass,Pass,Pass,Pass,Pass,Pass,Pass,Pass,Pass,Pass,Pass,Pass,Pass,Pass,Pass,Skip,Pass,
05-28-2016,12:49:17,45.0,5,171680062575,PASS,Pass,Pass,Pass,Pass,Pass,Pass,Pass,Pass,Skip,Pass,Pass,Pass,Pass,Pass,Pass,Pass,Pass,Pass,Pass,Pass,Pass,Pass,Pass,Pass,Pass,Pass,Pass,Pass,Pass,Pass,Pass,Pass,Pass,Pass,Pass,Pass,Pass,Pass,Pass,Skip,Pass,
05-28-2016,12:49:23,47.1,3,171680062576,PASS,Pass,Pass,Pass,Pass,Pass,Pass,Pass,Pass,Skip,Pass,Pass,Pass,Pass,Pass,Pass,Pass,Pass,Pass,Pass,Pass,Pass,Pass,Pass,Pass,Pass,Pass,Pass,Pass,Pass,Pass,Pass,Pass,Pass,Pass,Pass,Pass,Pass,Pass,Pass,Skip,Pass,
05-28-2016,12:50:02,44.8,6,171680062482,PASS,Pass,Pass,Pass,Pass,Pass,Pass,Pass,Pass,Skip,Pass,Pass,Pass,Pass,Pass,Pass,Pass,Pass,Pass,Pass,Pass,Pass,Pass,Pass,Pass,Pass,Pass,Pass,Pass,Pass,Pass,Pass,Pass,Pass,Pass,Pass,Pass,Pass,Pass,Pass,Skip,Pass,
05-28-2016,12:50:11,46.4,2,171680062483,PASS,Pass,Pass,Pass,Pass,Pass,Pass,Pass,Pass,Skip,Pass,Pass,Pass,Pass,Pass,Pass,Pass,Pass,Pass,Pass,Pass,Pass,Pass,Pass,Pass,Pass,Pass,Pass,Pass,Pass,Pass,Pass,Pass,Pass,Pass,Pass,Pass,Pass,Pass,Pass,Skip,Pass,
05-28-2016,12:50:24,48.7,4,171680062484,PASS,Pass,Pass,Pass,Pass,Pass,Pass,Pass,Pass,Skip,Pass,Pass,Pass,Pass,Pass,Pass,Pass,Pass,Pass,Pass,Pass,Pass,Pass,Pass,Pass,Pass,Pass,Pass,Pass,Pass,Pass,Pass,Pass,Pass,Pass,Pass,Pass,Pass,Pass,Pass,Skip,Pass,
05-28-2016,12:52:19,45.4,1,171680062463,PASS,Pass,Pass,Pass,Pass,Pass,Pass,Pass,Pass,Skip,Pass,Pass,Pass,Pass,Pass,Pass,Pass,Pass,Pass,Pass,Pass,Pass,Pass,Pass,Pass,Pass,Pass,Pass,Pass,Pass,Pass,Pass,Pass,Pass,Pass,Pass,Pass,Pass,Pass,Pass,Skip,Pass,
05-28-2016,12:52:22,44.8,3,171680062461,PASS,Pass,Pass,Pass,Pass,Pass,Pass,Pass,Pass,Skip,Pass,Pass,Pass,Pass,Pass,Pass,Pass,Pass,Pass,Pass,Pass,Pass,Pass,Pass,Pass,Pass,Pass,Pass,Pass,Pass,Pass,Pass,Pass,Pass,Pass,Pass,Pass,Pass,Pass,Pass,Skip,Pass,
05-28-2016,12:52:24,44.4,5,171680062485,PASS,Pass,Pass,Pass,Pass,Pass,Pass,Pass,Pass,Skip,Pass,Pass,Pass,Pass,Pass,Pass,Pass,Pass,Pass,Pass,Pass,Pass,Pass,Pass,Pass,Pass,Pass,Pass,Pass,Pass,Pass,Pass,Pass,Pass,Pass,Pass,Pass,Pass,Pass,Pass,Skip,Pass,
05-28-2016,12:53:04,45.1,2,171680062462,PASS,Pass,Pass,Pass,Pass,Pass,Pass,Pass,Pass,Skip,Pass,Pass,Pass,Pass,Pass,Pass,Pass,Pass,Pass,Pass,Pass,Pass,Pass,Pass,Pass,Pass,Pass,Pass,Pass,Pass,Pass,Pass,Pass,Pass,Pass,Pass,Pass,Pass,Pass,Pass,Skip,Pass,
05-28-2016,12:53:08,44.3,6,171680062464,PASS,Pass,Pass,Pass,Pass,Pass,Pass,Pass,Pass,Skip,Pass,Pass,Pass,Pass,Pass,Pass,Pass,Pass,Pass,Pass,Pass,Pass,Pass,Pass,Pass,Pass,Pass,Pass,Pass,Pass,Pass,Pass,Pass,Pass,Pass,Pass,Pass,Pass,Pass,Pass,Skip,Pass,
05-28-2016,12:53:11,48.2,4,171680062486,PASS,Pass,Pass,Pass,Pass,Pass,Pass,Pass,Pass,Skip,Pass,Pass,Pass,Pass,Pass,Pass,Pass,Pass,Pass,Pass,Pass,Pass,Pass,Pass,Pass,Pass,Pass,Pass,Pass,Pass,Pass,Pass,Pass,Pass,Pass,Pass,Pass,Pass,Pass,Pass,Skip,Pass,
05-28-2016,12:54:41,45.1,1,171680062403,PASS,Pass,Pass,Pass,Pass,Pass,Pass,Pass,Pass,Skip,Pass,Pass,Pass,Pass,Pass,Pass,Pass,Pass,Pass,Pass,Pass,Pass,Pass,Pass,Pass,Pass,Pass,Pass,Pass,Pass,Pass,Pass,Pass,Pass,Pass,Pass,Pass,Pass,Pass,Pass,Skip,Pass,
05-28-2016,12:54:45,45.6,3,171680062401,PASS,Pass,Pass,Pass,Pass,Pass,Pass,Pass,Pass,Skip,Pass,Pass,Pass,Pass,Pass,Pass,Pass,Pass,Pass,Pass,Pass,Pass,Pass,Pass,Pass,Pass,Pass,Pass,Pass,Pass,Pass,Pass,Pass,Pass,Pass,Pass,Pass,Pass,Pass,Pass,Skip,Pass,
05-28-2016,12:54:50,48.0,5,171680062465,PASS,Pass,Pass,Pass,Pass,Pass,Pass,Pass,Pass,Skip,Pass,Pass,Pass,Pass,Pass,Pass,Pass,Pass,Pass,Pass,Pass,Pass,Pass,Pass,Pass,Pass,Pass,Pass,Pass,Pass,Pass,Pass,Pass,Pass,Pass,Pass,Pass,Pass,Pass,Pass,Skip,Pass,
05-28-2016,12:55:28,46.6,2,171680062402,PASS,Pass,Pass,Pass,Pass,Pass,Pass,Pass,Pass,Skip,Pass,Pass,Pass,Pass,Pass,Pass,Pass,Pass,Pass,Pass,Pass,Pass,Pass,Pass,Pass,Pass,Pass,Pass,Pass,Pass,Pass,Pass,Pass,Pass,Pass,Pass,Pass,Pass,Pass,Pass,Skip,Pass,
05-28-2016,12:55:33,47.3,4,171680062466,PASS,Pass,Pass,Pass,Pass,Pass,Pass,Pass,Pass,Skip,Pass,Pass,Pass,Pass,Pass,Pass,Pass,Pass,Pass,Pass,Pass,Pass,Pass,Pass,Pass,Pass,Pass,Pass,Pass,Pass,Pass,Pass,Pass,Pass,Pass,Pass,Pass,Pass,Pass,Pass,Skip,Pass,
05-28-2016,12:55:44,47.1,6,171680062404,PASS,Pass,Pass,Pass,Pass,Pass,Pass,Pass,Pass,Skip,Pass,Pass,Pass,Pass,Pass,Pass,Pass,Pass,Pass,Pass,Pass,Pass,Pass,Pass,Pass,Pass,Pass,Pass,Pass,Pass,Pass,Pass,Pass,Pass,Pass,Pass,Pass,Pass,Pass,Pass,Skip,Pass,
05-28-2016,12:59:44,45.1,1,171680062372,PASS,Pass,Pass,Pass,Pass,Pass,Pass,Pass,Pass,Skip,Pass,Pass,Pass,Pass,Pass,Pass,Pass,Pass,Pass,Pass,Pass,Pass,Pass,Pass,Pass,Pass,Pass,Pass,Pass,Pass,Pass,Pass,Pass,Pass,Pass,Pass,Pass,Pass,Pass,Pass,Skip,Pass,
05-28-2016,12:59:47,44.3,3,171680062406,PASS,Pass,Pass,Pass,Pass,Pass,Pass,Pass,Pass,Skip,Pass,Pass,Pass,Pass,Pass,Pass,Pass,Pass,Pass,Pass,Pass,Pass,Pass,Pass,Pass,Pass,Pass,Pass,Pass,Pass,Pass,Pass,Pass,Pass,Pass,Pass,Pass,Pass,Pass,Pass,Skip,Pass,
05-28-2016,13:00:29,44.2,2,171680062371,PASS,Pass,Pass,Pass,Pass,Pass,Pass,Pass,Pass,Skip,Pass,Pass,Pass,Pass,Pass,Pass,Pass,Pass,Pass,Pass,Pass,Pass,Pass,Pass,Pass,Pass,Pass,Pass,Pass,Pass,Pass,Pass,Pass,Pass,Pass,Pass,Pass,Pass,Pass,Pass,Skip,Pass,
05-28-2016,13:00:33,45.9,4,171680062405,PASS,Pass,Pass,Pass,Pass,Pass,Pass,Pass,Pass,Skip,Pass,Pass,Pass,Pass,Pass,Pass,Pass,Pass,Pass,Pass,Pass,Pass,Pass,Pass,Pass,Pass,Pass,Pass,Pass,Pass,Pass,Pass,Pass,Pass,Pass,Pass,Pass,Pass,Pass,Pass,Skip,Pass,
05-28-2016,13:05:06,44.6,1,171680062373,PASS,Pass,Pass,Pass,Pass,Pass,Pass,Pass,Pass,Skip,Pass,Pass,Pass,Pass,Pass,Pass,Pass,Pass,Pass,Pass,Pass,Pass,Pass,Pass,Pass,Pass,Pass,Pass,Pass,Pass,Pass,Pass,Pass,Pass,Pass,Pass,Pass,Pass,Pass,Pass,Skip,Pass,
05-28-2016,13:05:52,45.5,2,171680062374,PASS,Pass,Pass,Pass,Pass,Pass,Pass,Pass,Pass,Skip,Pass,Pass,Pass,Pass,Pass,Pass,Pass,Pass,Pass,Pass,Pass,Pass,Pass,Pass,Pass,Pass,Pass,Pass,Pass,Pass,Pass,Pass,Pass,Pass,Pass,Pass,Pass,Pass,Pass,Pass,Skip,Pass,
05-28-2016,13:09:05,47.6,3,171680062361,PASS,Pass,Pass,Pass,Pass,Pass,Pass,Pass,Pass,Skip,Pass,Pass,Pass,Pass,Pass,Pass,Pass,Pass,Pass,Pass,Pass,Pass,Pass,Pass,Pass,Pass,Pass,Pass,Pass,Pass,Pass,Pass,Pass,Pass,Pass,Pass,Pass,Pass,Pass,Pass,Skip,Pass,
05-28-2016,13:16:39,44.2,1,171680062711,PASS,Pass,Pass,Pass,Pass,Pass,Pass,Pass,Pass,Skip,Pass,Pass,Pass,Pass,Pass,Pass,Pass,Pass,Pass,Pass,Pass,Pass,Pass,Pass,Pass,Pass,Pass,Pass,Pass,Pass,Pass,Pass,Pass,Pass,Pass,Pass,Pass,Pass,Pass,Pass,Skip,Pass,
05-28-2016,13:17:25,47.7,3,171680062714,PASS,Pass,Pass,Pass,Pass,Pass,Pass,Pass,Pass,Skip,Pass,Pass,Pass,Pass,Pass,Pass,Pass,Pass,Pass,Pass,Pass,Pass,Pass,Pass,Pass,Pass,Pass,Pass,Pass,Pass,Pass,Pass,Pass,Pass,Pass,Pass,Pass,Pass,Pass,Pass,Skip,Pass,
05-28-2016,13:17:27,47.7,2,171680062712,PASS,Pass,Pass,Pass,Pass,Pass,Pass,Pass,Pass,Skip,Pass,Pass,Pass,Pass,Pass,Pass,Pass,Pass,Pass,Pass,Pass,Pass,Pass,Pass,Pass,Pass,Pass,Pass,Pass,Pass,Pass,Pass,Pass,Pass,Pass,Pass,Pass,Pass,Pass,Pass,Skip,Pass,
05-28-2016,13:18:13,47.3,4,171680062716,PASS,Pass,Pass,Pass,Pass,Pass,Pass,Pass,Pass,Skip,Pass,Pass,Pass,Pass,Pass,Pass,Pass,Pass,Pass,Pass,Pass,Pass,Pass,Pass,Pass,Pass,Pass,Pass,Pass,Pass,Pass,Pass,Pass,Pass,Pass,Pass,Pass,Pass,Pass,Pass,Skip,Pass,
05-28-2016,13:18:15,48.4,1,171680062715,PASS,Pass,Pass,Pass,Pass,Pass,Pass,Pass,Pass,Skip,Pass,Pass,Pass,Pass,Pass,Pass,Pass,Pass,Pass,Pass,Pass,Pass,Pass,Pass,Pass,Pass,Pass,Pass,Pass,Pass,Pass,Pass,Pass,Pass,Pass,Pass,Pass,Pass,Pass,Pass,Skip,Pass,
05-28-2016,13:18:59,46.5,3,171680062732,PASS,Pass,Pass,Pass,Pass,Pass,Pass,Pass,Pass,Skip,Pass,Pass,Pass,Pass,Pass,Pass,Pass,Pass,Pass,Pass,Pass,Pass,Pass,Pass,Pass,Pass,Pass,Pass,Pass,Pass,Pass,Pass,Pass,Pass,Pass,Pass,Pass,Pass,Pass,Pass,Skip,Pass,
05-28-2016,13:19:00,44.8,2,171680062731,PASS,Pass,Pass,Pass,Pass,Pass,Pass,Pass,Pass,Skip,Pass,Pass,Pass,Pass,Pass,Pass,Pass,Pass,Pass,Pass,Pass,Pass,Pass,Pass,Pass,Pass,Pass,Pass,Pass,Pass,Pass,Pass,Pass,Pass,Pass,Pass,Pass,Pass,Pass,Pass,Skip,Pass,
05-28-2016,13:20:56,50.6,1,171680062733,PASS,Pass,Pass,Pass,Pass,Pass,Pass,Pass,Pass,Skip,Pass,Pass,Pass,Pass,Pass,Pass,Pass,Pass,Pass,Pass,Pass,Pass,Pass,Pass,Pass,Pass,Pass,Pass,Pass,Pass,Pass,Pass,Pass,Pass,Pass,Pass,Pass,Pass,Pass,Pass,Skip,Pass,
05-28-2016,13:21:41,45.3,2,171680062734,PASS,Pass,Pass,Pass,Pass,Pass,Pass,Pass,Pass,Skip,Pass,Pass,Pass,Pass,Pass,Pass,Pass,Pass,Pass,Pass,Pass,Pass,Pass,Pass,Pass,Pass,Pass,Pass,Pass,Pass,Pass,Pass,Pass,Pass,Pass,Pass,Pass,Pass,Pass,Pass,Skip,Pass,
05-28-2016,13:21:53,51.6,3,171680062735,PASS,Pass,Pass,Pass,Pass,Pass,Pass,Pass,Pass,Skip,Pass,Pass,Pass,Pass,Pass,Pass,Pass,Pass,Pass,Pass,Pass,Pass,Pass,Pass,Pass,Pass,Pass,Pass,Pass,Pass,Pass,Pass,Pass,Pass,Pass,Pass,Pass,Pass,Pass,Pass,Skip,Pass,
05-28-2016,13:22:46,53.1,4,171680062736,PASS,Pass,Pass,Pass,Pass,Pass,Pass,Pass,Pass,Skip,Pass,Pass,Pass,Pass,Pass,Pass,Pass,Pass,Pass,Pass,Pass,Pass,Pass,Pass,Pass,Pass,Pass,Pass,Pass,Pass,Pass,Pass,Pass,Pass,Pass,Pass,Pass,Pass,Pass,Pass,Skip,Pass,
05-28-2016,13:22:58,46.0,2,171680062741,PASS,Pass,Pass,Pass,Pass,Pass,Pass,Pass,Pass,Skip,Pass,Pass,Pass,Pass,Pass,Pass,Pass,Pass,Pass,Pass,Pass,Pass,Pass,Pass,Pass,Pass,Pass,Pass,Pass,Pass,Pass,Pass,Pass,Pass,Pass,Pass,Pass,Pass,Pass,Pass,Skip,Pass,
05-28-2016,13:23:18,49.5,5,171680062743,PASS,Pass,Pass,Pass,Pass,Pass,Pass,Pass,Pass,Skip,Pass,Pass,Pass,Pass,Pass,Pass,Pass,Pass,Pass,Pass,Pass,Pass,Pass,Pass,Pass,Pass,Pass,Pass,Pass,Pass,Pass,Pass,Pass,Pass,Pass,Pass,Pass,Pass,Pass,Pass,Skip,Pass,
05-28-2016,13:23:44,45.5,1,171680062742,PASS,Pass,Pass,Pass,Pass,Pass,Pass,Pass,Pass,Skip,Pass,Pass,Pass,Pass,Pass,Pass,Pass,Pass,Pass,Pass,Pass,Pass,Pass,Pass,Pass,Pass,Pass,Pass,Pass,Pass,Pass,Pass,Pass,Pass,Pass,Pass,Pass,Pass,Pass,Pass,Skip,Pass,
05-28-2016,13:24:04,46.0,6,171680062375,PASS,Pass,Pass,Pass,Pass,Pass,Pass,Pass,Pass,Skip,Pass,Pass,Pass,Pass,Pass,Pass,Pass,Pass,Pass,Pass,Pass,Pass,Pass,Pass,Pass,Pass,Pass,Pass,Pass,Pass,Pass,Pass,Pass,Pass,Pass,Pass,Pass,Pass,Pass,Pass,Skip,Pass,
05-28-2016,13:24:06,49.6,4,171680062365,PASS,Pass,Pass,Pass,Pass,Pass,Pass,Pass,Pass,Skip,Pass,Pass,Pass,Pass,Pass,Pass,Pass,Pass,Pass,Pass,Pass,Pass,Pass,Pass,Pass,Pass,Pass,Pass,Pass,Pass,Pass,Pass,Pass,Pass,Pass,Pass,Pass,Pass,Pass,Pass,Skip,Pass,
05-28-2016,13:24:29,44.8,2,171680062744,PASS,Pass,Pass,Pass,Pass,Pass,Pass,Pass,Pass,Skip,Pass,Pass,Pass,Pass,Pass,Pass,Pass,Pass,Pass,Pass,Pass,Pass,Pass,Pass,Pass,Pass,Pass,Pass,Pass,Pass,Pass,Pass,Pass,Pass,Pass,Pass,Pass,Pass,Pass,Pass,Skip,Pass,
05-28-2016,13:24:51,46.5,5,171680062376,PASS,Pass,Pass,Pass,Pass,Pass,Pass,Pass,Pass,Skip,Pass,Pass,Pass,Pass,Pass,Pass,Pass,Pass,Pass,Pass,Pass,Pass,Pass,Pass,Pass,Pass,Pass,Pass,Pass,Pass,Pass,Pass,Pass,Pass,Pass,Pass,Pass,Pass,Pass,Pass,Skip,Pass,
05-28-2016,13:24:53,46.4,3,171680062364,PASS,Pass,Pass,Pass,Pass,Pass,Pass,Pass,Pass,Skip,Pass,Pass,Pass,Pass,Pass,Pass,Pass,Pass,Pass,Pass,Pass,Pass,Pass,Pass,Pass,Pass,Pass,Pass,Pass,Pass,Pass,Pass,Pass,Pass,Pass,Pass,Pass,Pass,Pass,Pass,Skip,Pass,
05-28-2016,13:25:18,48.6,1,171680062745,PASS,Pass,Pass,Pass,Pass,Pass,Pass,Pass,Pass,Skip,Pass,Pass,Pass,Pass,Pass,Pass,Pass,Pass,Pass,Pass,Pass,Pass,Pass,Pass,Pass,Pass,Pass,Pass,Pass,Pass,Pass,Pass,Pass,Pass,Pass,Pass,Pass,Pass,Pass,Pass,Skip,Pass,
05-28-2016,13:25:35,44.1,6,171680062142,PASS,Pass,Pass,Pass,Pass,Pass,Pass,Pass,Pass,Skip,Pass,Pass,Pass,Pass,Pass,Pass,Pass,Pass,Pass,Pass,Pass,Pass,Pass,Pass,Pass,Pass,Pass,Pass,Pass,Pass,Pass,Pass,Pass,Pass,Pass,Pass,Pass,Pass,Pass,Pass,Skip,Pass,
05-28-2016,13:25:37,44.2,4,171680062145,PASS,Pass,Pass,Pass,Pass,Pass,Pass,Pass,Pass,Skip,Pass,Pass,Pass,Pass,Pass,Pass,Pass,Pass,Pass,Pass,Pass,Pass,Pass,Pass,Pass,Pass,Pass,Pass,Pass,Pass,Pass,Pass,Pass,Pass,Pass,Pass,Pass,Pass,Pass,Pass,Skip,Pass,
05-28-2016,13:26:04,46.6,2,171680062723,PASS,Pass,Pass,Pass,Pass,Pass,Pass,Pass,Pass,Skip,Pass,Pass,Pass,Pass,Pass,Pass,Pass,Pass,Pass,Pass,Pass,Pass,Pass,Pass,Pass,Pass,Pass,Pass,Pass,Pass,Pass,Pass,Pass,Pass,Pass,Pass,Pass,Pass,Pass,Pass,Skip,Pass,
05-28-2016,13:26:23,48.1,5,171680062366,PASS,Pass,Pass,Pass,Pass,Pass,Pass,Pass,Pass,Skip,Pass,Pass,Pass,Pass,Pass,Pass,Pass,Pass,Pass,Pass,Pass,Pass,Pass,Pass,Pass,Pass,Pass,Pass,Pass,Pass,Pass,Pass,Pass,Pass,Pass,Pass,Pass,Pass,Pass,Pass,Skip,Pass,
05-28-2016,13:26:37,45.9,4,171680062725,PASS,Pass,Pass,Pass,Pass,Pass,Pass,Pass,Pass,Skip,Pass,Pass,Pass,Pass,Pass,Pass,Pass,Pass,Pass,Pass,Pass,Pass,Pass,Pass,Pass,Pass,Pass,Pass,Pass,Pass,Pass,Pass,Pass,Pass,Pass,Pass,Pass,Pass,Pass,Pass,Skip,Pass,
05-28-2016,13:26:50,45.3,1,171680062146,PASS,Pass,Pass,Pass,Pass,Pass,Pass,Pass,Pass,Skip,Pass,Pass,Pass,Pass,Pass,Pass,Pass,Pass,Pass,Pass,Pass,Pass,Pass,Pass,Pass,Pass,Pass,Pass,Pass,Pass,Pass,Pass,Pass,Pass,Pass,Pass,Pass,Pass,Pass,Pass,Skip,Pass,
05-28-2016,13:27:17,53.5,6,171680062724,PASS,Pass,Pass,Pass,Pass,Pass,Pass,Pass,Pass,Skip,Pass,Pass,Pass,Pass,Pass,Pass,Pass,Pass,Pass,Pass,Pass,Pass,Pass,Pass,Pass,Pass,Pass,Pass,Pass,Pass,Pass,Pass,Pass,Pass,Pass,Pass,Pass,Pass,Pass,Pass,Skip,Pass,
05-28-2016,13:27:22,44.8,3,171680062721,PASS,Pass,Pass,Pass,Pass,Pass,Pass,Pass,Pass,Skip,Pass,Pass,Pass,Pass,Pass,Pass,Pass,Pass,Pass,Pass,Pass,Pass,Pass,Pass,Pass,Pass,Pass,Pass,Pass,Pass,Pass,Pass,Pass,Pass,Pass,Pass,Pass,Pass,Pass,Pass,Skip,Pass,
05-28-2016,13:27:34,44.6,2,171680062362,PASS,Pass,Pass,Pass,Pass,Pass,Pass,Pass,Pass,Skip,Pass,Pass,Pass,Pass,Pass,Pass,Pass,Pass,Pass,Pass,Pass,Pass,Pass,Pass,Pass,Pass,Pass,Pass,Pass,Pass,Pass,Pass,Pass,Pass,Pass,Pass,Pass,Pass,Pass,Pass,Skip,Pass,
05-28-2016,13:28:11,44.4,4,171680062363,PASS,Pass,Pass,Pass,Pass,Pass,Pass,Pass,Pass,Skip,Pass,Pass,Pass,Pass,Pass,Pass,Pass,Pass,Pass,Pass,Pass,Pass,Pass,Pass,Pass,Pass,Pass,Pass,Pass,Pass,Pass,Pass,Pass,Pass,Pass,Pass,Pass,Pass,Pass,Pass,Skip,Pass,
05-28-2016,13:28:14,49.3,6,171680062726,PASS,Pass,Pass,Pass,Pass,Pass,Pass,Pass,Pass,Skip,Pass,Pass,Pass,Pass,Pass,Pass,Pass,Pass,Pass,Pass,Pass,Pass,Pass,Pass,Pass,Pass,Pass,Pass,Pass,Pass,Pass,Pass,Pass,Pass,Pass,Pass,Pass,Pass,Pass,Pass,Skip,Pass,
05-28-2016,13:28:59,45.0,5,171680062141,PASS,Pass,Pass,Pass,Pass,Pass,Pass,Pass,Pass,Skip,Pass,Pass,Pass,Pass,Pass,Pass,Pass,Pass,Pass,Pass,Pass,Pass,Pass,Pass,Pass,Pass,Pass,Pass,Pass,Pass,Pass,Pass,Pass,Pass,Pass,Pass,Pass,Pass,Pass,Pass,Skip,Pass,
05-28-2016,13:29:57,45.8,3,171680062746,PASS,Pass,Pass,Pass,Pass,Pass,Pass,Pass,Pass,Skip,Pass,Pass,Pass,Pass,Pass,Pass,Pass,Pass,Pass,Pass,Pass,Pass,Pass,Pass,Pass,Pass,Pass,Pass,Pass,Pass,Pass,Pass,Pass,Pass,Pass,Pass,Pass,Pass,Pass,Pass,Skip,Pass,
05-28-2016,13:31:15,47.0,2,171680062751,PASS,Pass,Pass,Pass,Pass,Pass,Pass,Pass,Pass,Skip,Pass,Pass,Pass,Pass,Pass,Pass,Pass,Pass,Pass,Pass,Pass,Pass,Pass,Pass,Pass,Pass,Pass,Pass,Pass,Pass,Pass,Pass,Pass,Pass,Pass,Pass,Pass,Pass,Pass,Pass,Skip,Pass,
05-28-2016,13:31:40,47.9,4,171680062752,PASS,Pass,Pass,Pass,Pass,Pass,Pass,Pass,Pass,Skip,Pass,Pass,Pass,Pass,Pass,Pass,Pass,Pass,Pass,Pass,Pass,Pass,Pass,Pass,Pass,Pass,Pass,Pass,Pass,Pass,Pass,Pass,Pass,Pass,Pass,Pass,Pass,Pass,Pass,Pass,Skip,Pass,
05-28-2016,13:32:00,45.0,1,171680062753,PASS,Pass,Pass,Pass,Pass,Pass,Pass,Pass,Pass,Skip,Pass,Pass,Pass,Pass,Pass,Pass,Pass,Pass,Pass,Pass,Pass,Pass,Pass,Pass,Pass,Pass,Pass,Pass,Pass,Pass,Pass,Pass,Pass,Pass,Pass,Pass,Pass,Pass,Pass,Pass,Skip,Pass,
05-28-2016,13:32:26,46.5,3,171680062754,PASS,Pass,Pass,Pass,Pass,Pass,Pass,Pass,Pass,Skip,Pass,Pass,Pass,Pass,Pass,Pass,Pass,Pass,Pass,Pass,Pass,Pass,Pass,Pass,Pass,Pass,Pass,Pass,Pass,Pass,Pass,Pass,Pass,Pass,Pass,Pass,Pass,Pass,Pass,Pass,Skip,Pass,
05-28-2016,13:32:57,50.3,1,171680062756,PASS,Pass,Pass,Pass,Pass,Pass,Pass,Pass,Pass,Skip,Pass,Pass,Pass,Pass,Pass,Pass,Pass,Pass,Pass,Pass,Pass,Pass,Pass,Pass,Pass,Pass,Pass,Pass,Pass,Pass,Pass,Pass,Pass,Pass,Pass,Pass,Pass,Pass,Pass,Pass,Skip,Pass,
05-28-2016,13:33:21,54.3,4,171680062755,PASS,Pass,Pass,Pass,Pass,Pass,Pass,Pass,Pass,Skip,Pass,Pass,Pass,Pass,Pass,Pass,Pass,Pass,Pass,Pass,Pass,Pass,Pass,Pass,Pass,Pass,Pass,Pass,Pass,Pass,Pass,Pass,Pass,Pass,Pass,Pass,Pass,Pass,Pass,Pass,Skip,Pass,
05-28-2016,13:33:48,51.4,2,171680062761,PASS,Pass,Pass,Pass,Pass,Pass,Pass,Pass,Pass,Skip,Pass,Pass,Pass,Pass,Pass,Pass,Pass,Pass,Pass,Pass,Pass,Pass,Pass,Pass,Pass,Pass,Pass,Pass,Pass,Pass,Pass,Pass,Pass,Pass,Pass,Pass,Pass,Pass,Pass,Pass,Skip,Pass,
05-28-2016,13:34:00,47.8,5,171680062763,PASS,Pass,Pass,Pass,Pass,Pass,Pass,Pass,Pass,Skip,Pass,Pass,Pass,Pass,Pass,Pass,Pass,Pass,Pass,Pass,Pass,Pass,Pass,Pass,Pass,Pass,Pass,Pass,Pass,Pass,Pass,Pass,Pass,Pass,Pass,Pass,Pass,Pass,Pass,Pass,Skip,Pass,
05-28-2016,13:34:06,44.8,3,171680062762,PASS,Pass,Pass,Pass,Pass,Pass,Pass,Pass,Pass,Skip,Pass,Pass,Pass,Pass,Pass,Pass,Pass,Pass,Pass,Pass,Pass,Pass,Pass,Pass,Pass,Pass,Pass,Pass,Pass,Pass,Pass,Pass,Pass,Pass,Pass,Pass,Pass,Pass,Pass,Pass,Skip,Pass,
05-28-2016,13:34:40,51.1,1,171680062756,PASS,Pass,Pass,Pass,Pass,Pass,Pass,Pass,Pass,Skip,Pass,Pass,Pass,Pass,Pass,Pass,Pass,Pass,Pass,Pass,Pass,Pass,Pass,Pass,Pass,Pass,Pass,Pass,Pass,Pass,Pass,Pass,Pass,Pass,Pass,Pass,Pass,Pass,Pass,Pass,Skip,Pass,
05-28-2016,13:34:50,49.3,6,171680062764,PASS,Pass,Pass,Pass,Pass,Pass,Pass,Pass,Pass,Skip,Pass,Pass,Pass,Pass,Pass,Pass,Pass,Pass,Pass,Pass,Pass,Pass,Pass,Pass,Pass,Pass,Pass,Pass,Pass,Pass,Pass,Pass,Pass,Pass,Pass,Pass,Pass,Pass,Pass,Pass,Skip,Pass,
05-28-2016,13:34:56,47.8,4,171680062765,PASS,Pass,Pass,Pass,Pass,Pass,Pass,Pass,Pass,Skip,Pass,Pass,Pass,Pass,Pass,Pass,Pass,Pass,Pass,Pass,Pass,Pass,Pass,Pass,Pass,Pass,Pass,Pass,Pass,Pass,Pass,Pass,Pass,Pass,Pass,Pass,Pass,Pass,Pass,Pass,Skip,Pass,
05-28-2016,13:35:37,45.2,2,171680062766,PASS,Pass,Pass,Pass,Pass,Pass,Pass,Pass,Pass,Skip,Pass,Pass,Pass,Pass,Pass,Pass,Pass,Pass,Pass,Pass,Pass,Pass,Pass,Pass,Pass,Pass,Pass,Pass,Pass,Pass,Pass,Pass,Pass,Pass,Pass,Pass,Pass,Pass,Pass,Pass,Skip,Pass,
05-28-2016,13:35:52,47.8,5,171680062771,PASS,Pass,Pass,Pass,Pass,Pass,Pass,Pass,Pass,Skip,Pass,Pass,Pass,Pass,Pass,Pass,Pass,Pass,Pass,Pass,Pass,Pass,Pass,Pass,Pass,Pass,Pass,Pass,Pass,Pass,Pass,Pass,Pass,Pass,Pass,Pass,Pass,Pass,Pass,Pass,Skip,Pass,
05-28-2016,13:36:28,51.7,1,171680062772,PASS,Pass,Pass,Pass,Pass,Pass,Pass,Pass,Pass,Skip,Pass,Pass,Pass,Pass,Pass,Pass,Pass,Pass,Pass,Pass,Pass,Pass,Pass,Pass,Pass,Pass,Pass,Pass,Pass,Pass,Pass,Pass,Pass,Pass,Pass,Pass,Pass,Pass,Pass,Pass,Skip,Pass,
05-28-2016,13:37:13,44.4,2,171680062773,PASS,Pass,Pass,Pass,Pass,Pass,Pass,Pass,Pass,Skip,Pass,Pass,Pass,Pass,Pass,Pass,Pass,Pass,Pass,Pass,Pass,Pass,Pass,Pass,Pass,Pass,Pass,Pass,Pass,Pass,Pass,Pass,Pass,Pass,Pass,Pass,Pass,Pass,Pass,Pass,Skip,Pass,
05-28-2016,13:37:14,47.0,3,171680062774,PASS,Pass,Pass,Pass,Pass,Pass,Pass,Pass,Pass,Skip,Pass,Pass,Pass,Pass,Pass,Pass,Pass,Pass,Pass,Pass,Pass,Pass,Pass,Pass,Pass,Pass,Pass,Pass,Pass,Pass,Pass,Pass,Pass,Pass,Pass,Pass,Pass,Pass,Pass,Pass,Skip,Pass,
05-28-2016,13:37:59,46.5,1,171680062775,PASS,Pass,Pass,Pass,Pass,Pass,Pass,Pass,Pass,Skip,Pass,Pass,Pass,Pass,Pass,Pass,Pass,Pass,Pass,Pass,Pass,Pass,Pass,Pass,Pass,Pass,Pass,Pass,Pass,Pass,Pass,Pass,Pass,Pass,Pass,Pass,Pass,Pass,Pass,Pass,Skip,Pass,
05-28-2016,13:38:06,46.1,5,171680062776,PASS,Pass,Pass,Pass,Pass,Pass,Pass,Pass,Pass,Skip,Pass,Pass,Pass,Pass,Pass,Pass,Pass,Pass,Pass,Pass,Pass,Pass,Pass,Pass,Pass,Pass,Pass,Pass,Pass,Pass,Pass,Pass,Pass,Pass,Pass,Pass,Pass,Pass,Pass,Pass,Skip,Pass,
05-28-2016,13:38:47,47.9,2,171680062801,PASS,Pass,Pass,Pass,Pass,Pass,Pass,Pass,Pass,Skip,Pass,Pass,Pass,Pass,Pass,Pass,Pass,Pass,Pass,Pass,Pass,Pass,Pass,Pass,Pass,Pass,Pass,Pass,Pass,Pass,Pass,Pass,Pass,Pass,Pass,Pass,Pass,Pass,Pass,Pass,Skip,Pass,
05-28-2016,13:38:57,49.8,6,171680062802,PASS,Pass,Pass,Pass,Pass,Pass,Pass,Pass,Pass,Skip,Pass,Pass,Pass,Pass,Pass,Pass,Pass,Pass,Pass,Pass,Pass,Pass,Pass,Pass,Pass,Pass,Pass,Pass,Pass,Pass,Pass,Pass,Pass,Pass,Pass,Pass,Pass,Pass,Pass,Pass,Skip,Pass,
05-28-2016,13:39:35,46.4,4,171680062804,PASS,Pass,Pass,Pass,Pass,Pass,Pass,Pass,Pass,Skip,Pass,Pass,Pass,Pass,Pass,Pass,Pass,Pass,Pass,Pass,Pass,Pass,Pass,Pass,Pass,Pass,Pass,Pass,Pass,Pass,Pass,Pass,Pass,Pass,Pass,Pass,Pass,Pass,Pass,Pass,Skip,Pass,
05-28-2016,13:39:43,46.4,5,171680062803,PASS,Pass,Pass,Pass,Pass,Pass,Pass,Pass,Pass,Skip,Pass,Pass,Pass,Pass,Pass,Pass,Pass,Pass,Pass,Pass,Pass,Pass,Pass,Pass,Pass,Pass,Pass,Pass,Pass,Pass,Pass,Pass,Pass,Pass,Pass,Pass,Pass,Pass,Pass,Pass,Skip,Pass,
05-28-2016,13:40:14,48.5,1,171680062805,PASS,Pass,Pass,Pass,Pass,Pass,Pass,Pass,Pass,Skip,Pass,Pass,Pass,Pass,Pass,Pass,Pass,Pass,Pass,Pass,Pass,Pass,Pass,Pass,Pass,Pass,Pass,Pass,Pass,Pass,Pass,Pass,Pass,Pass,Pass,Pass,Pass,Pass,Pass,Pass,Skip,Pass,
05-28-2016,13:40:33,47.2,3,171680062806,PASS,Pass,Pass,Pass,Pass,Pass,Pass,Pass,Pass,Skip,Pass,Pass,Pass,Pass,Pass,Pass,Pass,Pass,Pass,Pass,Pass,Pass,Pass,Pass,Pass,Pass,Pass,Pass,Pass,Pass,Pass,Pass,Pass,Pass,Pass,Pass,Pass,Pass,Pass,Pass,Skip,Pass,
05-28-2016,13:41:03,47.3,6,171680062781,PASS,Pass,Pass,Pass,Pass,Pass,Pass,Pass,Pass,Skip,Pass,Pass,Pass,Pass,Pass,Pass,Pass,Pass,Pass,Pass,Pass,Pass,Pass,Pass,Pass,Pass,Pass,Pass,Pass,Pass,Pass,Pass,Pass,Pass,Pass,Pass,Pass,Pass,Pass,Pass,Skip,Pass,
05-28-2016,13:41:23,47.8,1,171680062782,PASS,Pass,Pass,Pass,Pass,Pass,Pass,Pass,Pass,Skip,Pass,Pass,Pass,Pass,Pass,Pass,Pass,Pass,Pass,Pass,Pass,Pass,Pass,Pass,Pass,Pass,Pass,Pass,Pass,Pass,Pass,Pass,Pass,Pass,Pass,Pass,Pass,Pass,Pass,Pass,Skip,Pass,
05-28-2016,13:42:32,46.6,2,171680062783,PASS,Pass,Pass,Pass,Pass,Pass,Pass,Pass,Pass,Skip,Pass,Pass,Pass,Pass,Pass,Pass,Pass,Pass,Pass,Pass,Pass,Pass,Pass,Pass,Pass,Pass,Pass,Pass,Pass,Pass,Pass,Pass,Pass,Pass,Pass,Pass,Pass,Pass,Pass,Pass,Skip,Pass,
05-28-2016,13:43:04,51.6,4,171680062784,PASS,Pass,Pass,Pass,Pass,Pass,Pass,Pass,Pass,Skip,Pass,Pass,Pass,Pass,Pass,Pass,Pass,Pass,Pass,Pass,Pass,Pass,Pass,Pass,Pass,Pass,Pass,Pass,Pass,Pass,Pass,Pass,Pass,Pass,Pass,Pass,Pass,Pass,Pass,Pass,Skip,Pass,
05-28-2016,13:43:26,48.6,5,171680062785,PASS,Pass,Pass,Pass,Pass,Pass,Pass,Pass,Pass,Skip,Pass,Pass,Pass,Pass,Pass,Pass,Pass,Pass,Pass,Pass,Pass,Pass,Pass,Pass,Pass,Pass,Pass,Pass,Pass,Pass,Pass,Pass,Pass,Pass,Pass,Pass,Pass,Pass,Pass,Pass,Skip,Pass,
05-28-2016,13:44:00,48.5,1,171680062561,PASS,Pass,Pass,Pass,Pass,Pass,Pass,Pass,Pass,Skip,Pass,Pass,Pass,Pass,Pass,Pass,Pass,Pass,Pass,Pass,Pass,Pass,Pass,Pass,Pass,Pass,Pass,Pass,Pass,Pass,Pass,Pass,Pass,Pass,Pass,Pass,Pass,Pass,Pass,Pass,Skip,Pass,
05-28-2016,13:44:13,46.8,6,171680062786,PASS,Pass,Pass,Pass,Pass,Pass,Pass,Pass,Pass,Skip,Pass,Pass,Pass,Pass,Pass,Pass,Pass,Pass,Pass,Pass,Pass,Pass,Pass,Pass,Pass,Pass,Pass,Pass,Pass,Pass,Pass,Pass,Pass,Pass,Pass,Pass,Pass,Pass,Pass,Pass,Skip,Pass,
05-28-2016,13:44:20,47.0,3,171680062562,PASS,Pass,Pass,Pass,Pass,Pass,Pass,Pass,Pass,Skip,Pass,Pass,Pass,Pass,Pass,Pass,Pass,Pass,Pass,Pass,Pass,Pass,Pass,Pass,Pass,Pass,Pass,Pass,Pass,Pass,Pass,Pass,Pass,Pass,Pass,Pass,Pass,Pass,Pass,Pass,Skip,Pass,
05-28-2016,13:44:48,47.3,2,171680062563,PASS,Pass,Pass,Pass,Pass,Pass,Pass,Pass,Pass,Skip,Pass,Pass,Pass,Pass,Pass,Pass,Pass,Pass,Pass,Pass,Pass,Pass,Pass,Pass,Pass,Pass,Pass,Pass,Pass,Pass,Pass,Pass,Pass,Pass,Pass,Pass,Pass,Pass,Pass,Pass,Skip,Pass,
05-28-2016,13:47:37,45.1,6,171680062565,PASS,Pass,Pass,Pass,Pass,Pass,Pass,Pass,Pass,Skip,Pass,Pass,Pass,Pass,Pass,Pass,Pass,Pass,Pass,Pass,Pass,Pass,Pass,Pass,Pass,Pass,Pass,Pass,Pass,Pass,Pass,Pass,Pass,Pass,Pass,Pass,Pass,Pass,Pass,Pass,Skip,Pass,
05-28-2016,13:47:40,45.8,3,171680062564,PASS,Pass,Pass,Pass,Pass,Pass,Pass,Pass,Pass,Skip,Pass,Pass,Pass,Pass,Pass,Pass,Pass,Pass,Pass,Pass,Pass,Pass,Pass,Pass,Pass,Pass,Pass,Pass,Pass,Pass,Pass,Pass,Pass,Pass,Pass,Pass,Pass,Pass,Pass,Pass,Skip,Pass,
05-28-2016,13:47:47,44.4,1,171680062501,PASS,Pass,Pass,Pass,Pass,Pass,Pass,Pass,Pass,Skip,Pass,Pass,Pass,Pass,Pass,Pass,Pass,Pass,Pass,Pass,Pass,Pass,Pass,Pass,Pass,Pass,Pass,Pass,Pass,Pass,Pass,Pass,Pass,Pass,Pass,Pass,Pass,Pass,Pass,Pass,Skip,Pass,
05-28-2016,13:48:26,49.3,5,171680062566,PASS,Pass,Pass,Pass,Pass,Pass,Pass,Pass,Pass,Skip,Pass,Pass,Pass,Pass,Pass,Pass,Pass,Pass,Pass,Pass,Pass,Pass,Pass,Pass,Pass,Pass,Pass,Pass,Pass,Pass,Pass,Pass,Pass,Pass,Pass,Pass,Pass,Pass,Pass,Pass,Skip,Pass,
05-28-2016,13:48:33,45.7,2,171680062502,PASS,Pass,Pass,Pass,Pass,Pass,Pass,Pass,Pass,Skip,Pass,Pass,Pass,Pass,Pass,Pass,Pass,Pass,Pass,Pass,Pass,Pass,Pass,Pass,Pass,Pass,Pass,Pass,Pass,Pass,Pass,Pass,Pass,Pass,Pass,Pass,Pass,Pass,Pass,Pass,Skip,Pass,
05-28-2016,13:48:38,44.8,4,171680062503,PASS,Pass,Pass,Pass,Pass,Pass,Pass,Pass,Pass,Skip,Pass,Pass,Pass,Pass,Pass,Pass,Pass,Pass,Pass,Pass,Pass,Pass,Pass,Pass,Pass,Pass,Pass,Pass,Pass,Pass,Pass,Pass,Pass,Pass,Pass,Pass,Pass,Pass,Pass,Pass,Skip,Pass,
05-28-2016,13:49:24,45.7,3,171680062504,PASS,Pass,Pass,Pass,Pass,Pass,Pass,Pass,Pass,Skip,Pass,Pass,Pass,Pass,Pass,Pass,Pass,Pass,Pass,Pass,Pass,Pass,Pass,Pass,Pass,Pass,Pass,Pass,Pass,Pass,Pass,Pass,Pass,Pass,Pass,Pass,Pass,Pass,Pass,Pass,Skip,Pass,
05-28-2016,13:51:49,46.3,1,171680062506,PASS,Pass,Pass,Pass,Pass,Pass,Pass,Pass,Pass,Skip,Pass,Pass,Pass,Pass,Pass,Pass,Pass,Pass,Pass,Pass,Pass,Pass,Pass,Pass,Pass,Pass,Pass,Pass,Pass,Pass,Pass,Pass,Pass,Pass,Pass,Pass,Pass,Pass,Pass,Pass,Skip,Pass,
05-28-2016,13:51:51,46.6,4,171680062505,PASS,Pass,Pass,Pass,Pass,Pass,Pass,Pass,Pass,Skip,Pass,Pass,Pass,Pass,Pass,Pass,Pass,Pass,Pass,Pass,Pass,Pass,Pass,Pass,Pass,Pass,Pass,Pass,Pass,Pass,Pass,Pass,Pass,Pass,Pass,Pass,Pass,Pass,Pass,Pass,Skip,Pass,
05-28-2016,13:52:21,48.7,5,171680062911,PASS,Pass,Pass,Pass,Pass,Pass,Pass,Pass,Pass,Skip,Pass,Pass,Pass,Pass,Pass,Pass,Pass,Pass,Pass,Pass,Pass,Pass,Pass,Pass,Pass,Pass,Pass,Pass,Pass,Pass,Pass,Pass,Pass,Pass,Pass,Pass,Pass,Pass,Pass,Pass,Skip,Pass,
05-28-2016,13:52:37,48.6,2,171680062912,PASS,Pass,Pass,Pass,Pass,Pass,Pass,Pass,Pass,Skip,Pass,Pass,Pass,Pass,Pass,Pass,Pass,Pass,Pass,Pass,Pass,Pass,Pass,Pass,Pass,Pass,Pass,Pass,Pass,Pass,Pass,Pass,Pass,Pass,Pass,Pass,Pass,Pass,Pass,Pass,Skip,Pass,
05-28-2016,13:52:55,48.0,3,171680062913,PASS,Pass,Pass,Pass,Pass,Pass,Pass,Pass,Pass,Skip,Pass,Pass,Pass,Pass,Pass,Pass,Pass,Pass,Pass,Pass,Pass,Pass,Pass,Pass,Pass,Pass,Pass,Pass,Pass,Pass,Pass,Pass,Pass,Pass,Pass,Pass,Pass,Pass,Pass,Pass,Skip,Pass,
05-28-2016,13:54:51,46.0,1,171680062914,PASS,Pass,Pass,Pass,Pass,Pass,Pass,Pass,Pass,Skip,Pass,Pass,Pass,Pass,Pass,Pass,Pass,Pass,Pass,Pass,Pass,Pass,Pass,Pass,Pass,Pass,Pass,Pass,Pass,Pass,Pass,Pass,Pass,Pass,Pass,Pass,Pass,Pass,Pass,Pass,Skip,Pass,
05-28-2016,13:56:03,45.1,2,171680062915,PASS,Pass,Pass,Pass,Pass,Pass,Pass,Pass,Pass,Skip,Pass,Pass,Pass,Pass,Pass,Pass,Pass,Pass,Pass,Pass,Pass,Pass,Pass,Pass,Pass,Pass,Pass,Pass,Pass,Pass,Pass,Pass,Pass,Pass,Pass,Pass,Pass,Pass,Pass,Pass,Skip,Pass,
05-28-2016,13:56:45,44.1,3,171680062916,PASS,Pass,Pass,Pass,Pass,Pass,Pass,Pass,Pass,Skip,Pass,Pass,Pass,Pass,Pass,Pass,Pass,Pass,Pass,Pass,Pass,Pass,Pass,Pass,Pass,Pass,Pass,Pass,Pass,Pass,Pass,Pass,Pass,Pass,Pass,Pass,Pass,Pass,Pass,Pass,Skip,Pass,
05-28-2016,13:58:32,47.2,2,171680062551,PASS,Pass,Pass,Pass,Pass,Pass,Pass,Pass,Pass,Skip,Pass,Pass,Pass,Pass,Pass,Pass,Pass,Pass,Pass,Pass,Pass,Pass,Pass,Pass,Pass,Pass,Pass,Pass,Pass,Pass,Pass,Pass,Pass,Pass,Pass,Pass,Pass,Pass,Pass,Pass,Skip,Pass,
05-28-2016,13:59:42,47.3,1,171680062552,PASS,Pass,Pass,Pass,Pass,Pass,Pass,Pass,Pass,Skip,Pass,Pass,Pass,Pass,Pass,Pass,Pass,Pass,Pass,Pass,Pass,Pass,Pass,Pass,Pass,Pass,Pass,Pass,Pass,Pass,Pass,Pass,Pass,Pass,Pass,Pass,Pass,Pass,Pass,Pass,Skip,Pass,
05-28-2016,14:00:36,55.6,4,171680062553,PASS,Pass,Pass,Pass,Pass,Pass,Pass,Pass,Pass,Skip,Pass,Pass,Pass,Pass,Pass,Pass,Pass,Pass,Pass,Pass,Pass,Pass,Pass,Pass,Pass,Pass,Pass,Pass,Pass,Pass,Pass,Pass,Pass,Pass,Pass,Pass,Pass,Pass,Pass,Pass,Skip,Pass,
05-28-2016,14:00:38,48.6,6,171680062554,PASS,Pass,Pass,Pass,Pass,Pass,Pass,Pass,Pass,Skip,Pass,Pass,Pass,Pass,Pass,Pass,Pass,Pass,Pass,Pass,Pass,Pass,Pass,Pass,Pass,Pass,Pass,Pass,Pass,Pass,Pass,Pass,Pass,Pass,Pass,Pass,Pass,Pass,Pass,Pass,Skip,Pass,
05-28-2016,14:01:01,46.5,1,171680062555,PASS,Pass,Pass,Pass,Pass,Pass,Pass,Pass,Pass,Skip,Pass,Pass,Pass,Pass,Pass,Pass,Pass,Pass,Pass,Pass,Pass,Pass,Pass,Pass,Pass,Pass,Pass,Pass,Pass,Pass,Pass,Pass,Pass,Pass,Pass,Pass,Pass,Pass,Pass,Pass,Skip,Pass,
05-28-2016,14:03:02,45.0,5,171680062851,PASS,Pass,Pass,Pass,Pass,Pass,Pass,Pass,Pass,Skip,Pass,Pass,Pass,Pass,Pass,Pass,Pass,Pass,Pass,Pass,Pass,Pass,Pass,Pass,Pass,Pass,Pass,Pass,Pass,Pass,Pass,Pass,Pass,Pass,Pass,Pass,Pass,Pass,Pass,Pass,Skip,Pass,
05-28-2016,14:03:31,46.1,1,171680062852,PASS,Pass,Pass,Pass,Pass,Pass,Pass,Pass,Pass,Skip,Pass,Pass,Pass,Pass,Pass,Pass,Pass,Pass,Pass,Pass,Pass,Pass,Pass,Pass,Pass,Pass,Pass,Pass,Pass,Pass,Pass,Pass,Pass,Pass,Pass,Pass,Pass,Pass,Pass,Pass,Skip,Pass,
05-28-2016,14:03:54,48.6,3,171680062853,PASS,Pass,Pass,Pass,Pass,Pass,Pass,Pass,Pass,Skip,Pass,Pass,Pass,Pass,Pass,Pass,Pass,Pass,Pass,Pass,Pass,Pass,Pass,Pass,Pass,Pass,Pass,Pass,Pass,Pass,Pass,Pass,Pass,Pass,Pass,Pass,Pass,Pass,Pass,Pass,Skip,Pass,
05-28-2016,14:05:21,47.8,5,171680062854,PASS,Pass,Pass,Pass,Pass,Pass,Pass,Pass,Pass,Skip,Pass,Pass,Pass,Pass,Pass,Pass,Pass,Pass,Pass,Pass,Pass,Pass,Pass,Pass,Pass,Pass,Pass,Pass,Pass,Pass,Pass,Pass,Pass,Pass,Pass,Pass,Pass,Pass,Pass,Pass,Skip,Pass,
05-28-2016,14:17:54,44.1,3,171680062855,PASS,Pass,Pass,Pass,Pass,Pass,Pass,Pass,Pass,Skip,Pass,Pass,Pass,Pass,Pass,Pass,Pass,Pass,Pass,Pass,Pass,Pass,Pass,Pass,Pass,Pass,Pass,Pass,Pass,Pass,Pass,Pass,Pass,Pass,Pass,Pass,Pass,Pass,Pass,Pass,Skip,Pass,
05-28-2016,14:18:19,49.2,5,171680062856,PASS,Pass,Pass,Pass,Pass,Pass,Pass,Pass,Pass,Skip,Pass,Pass,Pass,Pass,Pass,Pass,Pass,Pass,Pass,Pass,Pass,Pass,Pass,Pass,Pass,Pass,Pass,Pass,Pass,Pass,Pass,Pass,Pass,Pass,Pass,Pass,Pass,Pass,Pass,Pass,Skip,Pass,
05-28-2016,14:18:55,46.1,4,171680062902,PASS,Pass,Pass,Pass,Pass,Pass,Pass,Pass,Pass,Skip,Pass,Pass,Pass,Pass,Pass,Pass,Pass,Pass,Pass,Pass,Pass,Pass,Pass,Pass,Pass,Pass,Pass,Pass,Pass,Pass,Pass,Pass,Pass,Pass,Pass,Pass,Pass,Pass,Pass,Pass,Skip,Pass,
05-28-2016,14:19:05,45.7,6,171680062901,PASS,Pass,Pass,Pass,Pass,Pass,Pass,Pass,Pass,Skip,Pass,Pass,Pass,Pass,Pass,Pass,Pass,Pass,Pass,Pass,Pass,Pass,Pass,Pass,Pass,Pass,Pass,Pass,Pass,Pass,Pass,Pass,Pass,Pass,Pass,Pass,Pass,Pass,Pass,Pass,Skip,Pass,
05-28-2016,14:19:17,46.8,2,171680062903,PASS,Pass,Pass,Pass,Pass,Pass,Pass,Pass,Pass,Skip,Pass,Pass,Pass,Pass,Pass,Pass,Pass,Pass,Pass,Pass,Pass,Pass,Pass,Pass,Pass,Pass,Pass,Pass,Pass,Pass,Pass,Pass,Pass,Pass,Pass,Pass,Pass,Pass,Pass,Pass,Skip,Pass,
05-28-2016,14:19:54,44.0,4,171680062905,PASS,Pass,Pass,Pass,Pass,Pass,Pass,Pass,Pass,Skip,Pass,Pass,Pass,Pass,Pass,Pass,Pass,Pass,Pass,Pass,Pass,Pass,Pass,Pass,Pass,Pass,Pass,Pass,Pass,Pass,Pass,Pass,Pass,Pass,Pass,Pass,Pass,Pass,Pass,Pass,Skip,Pass,
05-28-2016,14:20:02,45.1,1,171680062904,PASS,Pass,Pass,Pass,Pass,Pass,Pass,Pass,Pass,Skip,Pass,Pass,Pass,Pass,Pass,Pass,Pass,Pass,Pass,Pass,Pass,Pass,Pass,Pass,Pass,Pass,Pass,Pass,Pass,Pass,Pass,Pass,Pass,Pass,Pass,Pass,Pass,Pass,Pass,Pass,Skip,Pass,
05-28-2016,14:20:41,47.1,3,171680062906,PASS,Pass,Pass,Pass,Pass,Pass,Pass,Pass,Pass,Skip,Pass,Pass,Pass,Pass,Pass,Pass,Pass,Pass,Pass,Pass,Pass,Pass,Pass,Pass,Pass,Pass,Pass,Pass,Pass,Pass,Pass,Pass,Pass,Pass,Pass,Pass,Pass,Pass,Pass,Pass,Skip,Pass,
05-28-2016,14:20:55,50.1,5,171680062521,PASS,Pass,Pass,Pass,Pass,Pass,Pass,Pass,Pass,Skip,Pass,Pass,Pass,Pass,Pass,Pass,Pass,Pass,Pass,Pass,Pass,Pass,Pass,Pass,Pass,Pass,Pass,Pass,Pass,Pass,Pass,Pass,Pass,Pass,Pass,Pass,Pass,Pass,Pass,Pass,Skip,Pass,
05-28-2016,14:22:41,50.3,2,171680062522,PASS,Pass,Pass,Pass,Pass,Pass,Pass,Pass,Pass,Skip,Pass,Pass,Pass,Pass,Pass,Pass,Pass,Pass,Pass,Pass,Pass,Pass,Pass,Pass,Pass,Pass,Pass,Pass,Pass,Pass,Pass,Pass,Pass,Pass,Pass,Pass,Pass,Pass,Pass,Pass,Skip,Pass,
05-28-2016,14:23:29,47.9,1,171680062523,PASS,Pass,Pass,Pass,Pass,Pass,Pass,Pass,Pass,Skip,Pass,Pass,Pass,Pass,Pass,Pass,Pass,Pass,Pass,Pass,Pass,Pass,Pass,Pass,Pass,Pass,Pass,Pass,Pass,Pass,Pass,Pass,Pass,Pass,Pass,Pass,Pass,Pass,Pass,Pass,Skip,Pass,
05-28-2016,14:24:48,47.8,2,171680062524,PASS,Pass,Pass,Pass,Pass,Pass,Pass,Pass,Pass,Skip,Pass,Pass,Pass,Pass,Pass,Pass,Pass,Pass,Pass,Pass,Pass,Pass,Pass,Pass,Pass,Pass,Pass,Pass,Pass,Pass,Pass,Pass,Pass,Pass,Pass,Pass,Pass,Pass,Pass,Pass,Skip,Pass,
05-28-2016,14:25:35,47.6,1,171680062525,PASS,Pass,Pass,Pass,Pass,Pass,Pass,Pass,Pass,Skip,Pass,Pass,Pass,Pass,Pass,Pass,Pass,Pass,Pass,Pass,Pass,Pass,Pass,Pass,Pass,Pass,Pass,Pass,Pass,Pass,Pass,Pass,Pass,Pass,Pass,Pass,Pass,Pass,Pass,Pass,Skip,Pass,
05-28-2016,14:27:05,47.1,3,171680062526,PASS,Pass,Pass,Pass,Pass,Pass,Pass,Pass,Pass,Skip,Pass,Pass,Pass,Pass,Pass,Pass,Pass,Pass,Pass,Pass,Pass,Pass,Pass,Pass,Pass,Pass,Pass,Pass,Pass,Pass,Pass,Pass,Pass,Pass,Pass,Pass,Pass,Pass,Pass,Pass,Skip,Pass,
05-28-2016,14:27:51,46.2,4,171680062891,PASS,Pass,Pass,Pass,Pass,Pass,Pass,Pass,Pass,Skip,Pass,Pass,Pass,Pass,Pass,Pass,Pass,Pass,Pass,Pass,Pass,Pass,Pass,Pass,Pass,Pass,Pass,Pass,Pass,Pass,Pass,Pass,Pass,Pass,Pass,Pass,Pass,Pass,Pass,Pass,Skip,Pass,
05-28-2016,14:28:07,47.3,5,171680062892,PASS,Pass,Pass,Pass,Pass,Pass,Pass,Pass,Pass,Skip,Pass,Pass,Pass,Pass,Pass,Pass,Pass,Pass,Pass,Pass,Pass,Pass,Pass,Pass,Pass,Pass,Pass,Pass,Pass,Pass,Pass,Pass,Pass,Pass,Pass,Pass,Pass,Pass,Pass,Pass,Skip,Pass,
05-28-2016,14:28:27,45.6,1,171680062893,PASS,Pass,Pass,Pass,Pass,Pass,Pass,Pass,Pass,Skip,Pass,Pass,Pass,Pass,Pass,Pass,Pass,Pass,Pass,Pass,Pass,Pass,Pass,Pass,Pass,Pass,Pass,Pass,Pass,Pass,Pass,Pass,Pass,Pass,Pass,Pass,Pass,Pass,Pass,Pass,Skip,Pass,
05-28-2016,14:29:08,47.1,3,171680062895,PASS,Pass,Pass,Pass,Pass,Pass,Pass,Pass,Pass,Skip,Pass,Pass,Pass,Pass,Pass,Pass,Pass,Pass,Pass,Pass,Pass,Pass,Pass,Pass,Pass,Pass,Pass,Pass,Pass,Pass,Pass,Pass,Pass,Pass,Pass,Pass,Pass,Pass,Pass,Pass,Skip,Pass,
05-28-2016,14:29:14,46.5,2,171680062894,PASS,Pass,Pass,Pass,Pass,Pass,Pass,Pass,Pass,Skip,Pass,Pass,Pass,Pass,Pass,Pass,Pass,Pass,Pass,Pass,Pass,Pass,Pass,Pass,Pass,Pass,Pass,Pass,Pass,Pass,Pass,Pass,Pass,Pass,Pass,Pass,Pass,Pass,Pass,Pass,Skip,Pass,
05-28-2016,14:29:55,47.3,4,171680062896,PASS,Pass,Pass,Pass,Pass,Pass,Pass,Pass,Pass,Skip,Pass,Pass,Pass,Pass,Pass,Pass,Pass,Pass,Pass,Pass,Pass,Pass,Pass,Pass,Pass,Pass,Pass,Pass,Pass,Pass,Pass,Pass,Pass,Pass,Pass,Pass,Pass,Pass,Pass,Pass,Skip,Pass,
05-28-2016,14:29:58,46.5,6,171680062881,PASS,Pass,Pass,Pass,Pass,Pass,Pass,Pass,Pass,Skip,Pass,Pass,Pass,Pass,Pass,Pass,Pass,Pass,Pass,Pass,Pass,Pass,Pass,Pass,Pass,Pass,Pass,Pass,Pass,Pass,Pass,Pass,Pass,Pass,Pass,Pass,Pass,Pass,Pass,Pass,Skip,Pass,
05-28-2016,14:30:16,46.3,1,171680062882,PASS,Pass,Pass,Pass,Pass,Pass,Pass,Pass,Pass,Skip,Pass,Pass,Pass,Pass,Pass,Pass,Pass,Pass,Pass,Pass,Pass,Pass,Pass,Pass,Pass,Pass,Pass,Pass,Pass,Pass,Pass,Pass,Pass,Pass,Pass,Pass,Pass,Pass,Pass,Pass,Skip,Pass,
05-28-2016,14:30:54,44.2,3,171680062884,PASS,Pass,Pass,Pass,Pass,Pass,Pass,Pass,Pass,Skip,Pass,Pass,Pass,Pass,Pass,Pass,Pass,Pass,Pass,Pass,Pass,Pass,Pass,Pass,Pass,Pass,Pass,Pass,Pass,Pass,Pass,Pass,Pass,Pass,Pass,Pass,Pass,Pass,Pass,Pass,Skip,Pass,
05-28-2016,14:31:01,45.0,2,171680062883,PASS,Pass,Pass,Pass,Pass,Pass,Pass,Pass,Pass,Skip,Pass,Pass,Pass,Pass,Pass,Pass,Pass,Pass,Pass,Pass,Pass,Pass,Pass,Pass,Pass,Pass,Pass,Pass,Pass,Pass,Pass,Pass,Pass,Pass,Pass,Pass,Pass,Pass,Pass,Pass,Skip,Pass,
05-28-2016,14:31:15,46.2,5,171680062885,PASS,Pass,Pass,Pass,Pass,Pass,Pass,Pass,Pass,Skip,Pass,Pass,Pass,Pass,Pass,Pass,Pass,Pass,Pass,Pass,Pass,Pass,Pass,Pass,Pass,Pass,Pass,Pass,Pass,Pass,Pass,Pass,Pass,Pass,Pass,Pass,Pass,Pass,Pass,Pass,Skip,Pass,
05-28-2016,14:32:00,47.1,3,171680062886,PASS,Pass,Pass,Pass,Pass,Pass,Pass,Pass,Pass,Skip,Pass,Pass,Pass,Pass,Pass,Pass,Pass,Pass,Pass,Pass,Pass,Pass,Pass,Pass,Pass,Pass,Pass,Pass,Pass,Pass,Pass,Pass,Pass,Pass,Pass,Pass,Pass,Pass,Pass,Pass,Skip,Pass,
05-28-2016,14:32:47,45.9,4,171680062971,PASS,Pass,Pass,Pass,Pass,Pass,Pass,Pass,Pass,Skip,Pass,Pass,Pass,Pass,Pass,Pass,Pass,Pass,Pass,Pass,Pass,Pass,Pass,Pass,Pass,Pass,Pass,Pass,Pass,Pass,Pass,Pass,Pass,Pass,Pass,Pass,Pass,Pass,Pass,Pass,Skip,Pass,
05-28-2016,14:33:33,45.2,3,171680062972,PASS,Pass,Pass,Pass,Pass,Pass,Pass,Pass,Pass,Skip,Pass,Pass,Pass,Pass,Pass,Pass,Pass,Pass,Pass,Pass,Pass,Pass,Pass,Pass,Pass,Pass,Pass,Pass,Pass,Pass,Pass,Pass,Pass,Pass,Pass,Pass,Pass,Pass,Pass,Pass,Skip,Pass,
05-28-2016,14:33:34,49.1,2,171680062973,PASS,Pass,Pass,Pass,Pass,Pass,Pass,Pass,Pass,Skip,Pass,Pass,Pass,Pass,Pass,Pass,Pass,Pass,Pass,Pass,Pass,Pass,Pass,Pass,Pass,Pass,Pass,Pass,Pass,Pass,Pass,Pass,Pass,Pass,Pass,Pass,Pass,Pass,Pass,Pass,Skip,Pass,
05-28-2016,14:34:08,44.7,5,171680062975,PASS,Pass,Pass,Pass,Pass,Pass,Pass,Pass,Pass,Skip,Pass,Pass,Pass,Pass,Pass,Pass,Pass,Pass,Pass,Pass,Pass,Pass,Pass,Pass,Pass,Pass,Pass,Pass,Pass,Pass,Pass,Pass,Pass,Pass,Pass,Pass,Pass,Pass,Pass,Pass,Skip,Pass,
05-28-2016,14:34:21,46.4,1,171680062974,PASS,Pass,Pass,Pass,Pass,Pass,Pass,Pass,Pass,Skip,Pass,Pass,Pass,Pass,Pass,Pass,Pass,Pass,Pass,Pass,Pass,Pass,Pass,Pass,Pass,Pass,Pass,Pass,Pass,Pass,Pass,Pass,Pass,Pass,Pass,Pass,Pass,Pass,Pass,Pass,Skip,Pass,
05-28-2016,14:34:48,45.9,3,171680062861,PASS,Pass,Pass,Pass,Pass,Pass,Pass,Pass,Pass,Skip,Pass,Pass,Pass,Pass,Pass,Pass,Pass,Pass,Pass,Pass,Pass,Pass,Pass,Pass,Pass,Pass,Pass,Pass,Pass,Pass,Pass,Pass,Pass,Pass,Pass,Pass,Pass,Pass,Pass,Pass,Skip,Pass,
05-28-2016,14:35:06,44.9,2,171680062976,PASS,Pass,Pass,Pass,Pass,Pass,Pass,Pass,Pass,Skip,Pass,Pass,Pass,Pass,Pass,Pass,Pass,Pass,Pass,Pass,Pass,Pass,Pass,Pass,Pass,Pass,Pass,Pass,Pass,Pass,Pass,Pass,Pass,Pass,Pass,Pass,Pass,Pass,Pass,Pass,Skip,Pass,
05-28-2016,14:35:29,47.0,5,171680062863,PASS,Pass,Pass,Pass,Pass,Pass,Pass,Pass,Pass,Skip,Pass,Pass,Pass,Pass,Pass,Pass,Pass,Pass,Pass,Pass,Pass,Pass,Pass,Pass,Pass,Pass,Pass,Pass,Pass,Pass,Pass,Pass,Pass,Pass,Pass,Pass,Pass,Pass,Pass,Pass,Skip,Pass,
05-28-2016,14:35:35,46.7,4,171680062862,PASS,Pass,Pass,Pass,Pass,Pass,Pass,Pass,Pass,Skip,Pass,Pass,Pass,Pass,Pass,Pass,Pass,Pass,Pass,Pass,Pass,Pass,Pass,Pass,Pass,Pass,Pass,Pass,Pass,Pass,Pass,Pass,Pass,Pass,Pass,Pass,Pass,Pass,Pass,Pass,Skip,Pass,
05-28-2016,14:36:08,46.3,2,171680062865,PASS,Pass,Pass,Pass,Pass,Pass,Pass,Pass,Pass,Skip,Pass,Pass,Pass,Pass,Pass,Pass,Pass,Pass,Pass,Pass,Pass,Pass,Pass,Pass,Pass,Pass,Pass,Pass,Pass,Pass,Pass,Pass,Pass,Pass,Pass,Pass,Pass,Pass,Pass,Pass,Skip,Pass,
05-28-2016,14:36:21,45.8,3,171680062864,PASS,Pass,Pass,Pass,Pass,Pass,Pass,Pass,Pass,Skip,Pass,Pass,Pass,Pass,Pass,Pass,Pass,Pass,Pass,Pass,Pass,Pass,Pass,Pass,Pass,Pass,Pass,Pass,Pass,Pass,Pass,Pass,Pass,Pass,Pass,Pass,Pass,Pass,Pass,Pass,Skip,Pass,
05-28-2016,14:37:24,48.6,2,171680062866,PASS,Pass,Pass,Pass,Pass,Pass,Pass,Pass,Pass,Skip,Pass,Pass,Pass,Pass,Pass,Pass,Pass,Pass,Pass,Pass,Pass,Pass,Pass,Pass,Pass,Pass,Pass,Pass,Pass,Pass,Pass,Pass,Pass,Pass,Pass,Pass,Pass,Pass,Pass,Pass,Skip,Pass,
05-28-2016,14:38:00,44.8,3,171680062792,PASS,Pass,Pass,Pass,Pass,Pass,Pass,Pass,Pass,Skip,Pass,Pass,Pass,Pass,Pass,Pass,Pass,Pass,Pass,Pass,Pass,Pass,Pass,Pass,Pass,Pass,Pass,Pass,Pass,Pass,Pass,Pass,Pass,Pass,Pass,Pass,Pass,Pass,Pass,Pass,Skip,Pass,
05-28-2016,14:38:12,47.9,1,171680062791,PASS,Pass,Pass,Pass,Pass,Pass,Pass,Pass,Pass,Skip,Pass,Pass,Pass,Pass,Pass,Pass,Pass,Pass,Pass,Pass,Pass,Pass,Pass,Pass,Pass,Pass,Pass,Pass,Pass,Pass,Pass,Pass,Pass,Pass,Pass,Pass,Pass,Pass,Pass,Pass,Skip,Pass,
05-28-2016,14:38:52,51.6,4,171680062793,PASS,Pass,Pass,Pass,Pass,Pass,Pass,Pass,Pass,Skip,Pass,Pass,Pass,Pass,Pass,Pass,Pass,Pass,Pass,Pass,Pass,Pass,Pass,Pass,Pass,Pass,Pass,Pass,Pass,Pass,Pass,Pass,Pass,Pass,Pass,Pass,Pass,Pass,Pass,Pass,Skip,Pass,
05-28-2016,14:38:58,45.7,2,171680062794,PASS,Pass,Pass,Pass,Pass,Pass,Pass,Pass,Pass,Skip,Pass,Pass,Pass,Pass,Pass,Pass,Pass,Pass,Pass,Pass,Pass,Pass,Pass,Pass,Pass,Pass,Pass,Pass,Pass,Pass,Pass,Pass,Pass,Pass,Pass,Pass,Pass,Pass,Pass,Pass,Skip,Pass,
05-28-2016,14:39:02,46.2,5,171680062795,PASS,Pass,Pass,Pass,Pass,Pass,Pass,Pass,Pass,Skip,Pass,Pass,Pass,Pass,Pass,Pass,Pass,Pass,Pass,Pass,Pass,Pass,Pass,Pass,Pass,Pass,Pass,Pass,Pass,Pass,Pass,Pass,Pass,Pass,Pass,Pass,Pass,Pass,Pass,Pass,Skip,Pass,
05-28-2016,14:39:44,48.1,3,171680062796,PASS,Pass,Pass,Pass,Pass,Pass,Pass,Pass,Pass,Skip,Pass,Pass,Pass,Pass,Pass,Pass,Pass,Pass,Pass,Pass,Pass,Pass,Pass,Pass,Pass,Pass,Pass,Pass,Pass,Pass,Pass,Pass,Pass,Pass,Pass,Pass,Pass,Pass,Pass,Pass,Skip,Pass,
05-28-2016,14:40:03,47.8,6,171680062931,PASS,Pass,Pass,Pass,Pass,Pass,Pass,Pass,Pass,Skip,Pass,Pass,Pass,Pass,Pass,Pass,Pass,Pass,Pass,Pass,Pass,Pass,Pass,Pass,Pass,Pass,Pass,Pass,Pass,Pass,Pass,Pass,Pass,Pass,Pass,Pass,Pass,Pass,Pass,Pass,Skip,Pass,
05-28-2016,14:40:46,54.5,4,171680062932,PASS,Pass,Pass,Pass,Pass,Pass,Pass,Pass,Pass,Skip,Pass,Pass,Pass,Pass,Pass,Pass,Pass,Pass,Pass,Pass,Pass,Pass,Pass,Pass,Pass,Pass,Pass,Pass,Pass,Pass,Pass,Pass,Pass,Pass,Pass,Pass,Pass,Pass,Pass,Pass,Skip,Pass,
05-28-2016,14:40:57,47.1,2,171680062933,PASS,Pass,Pass,Pass,Pass,Pass,Pass,Pass,Pass,Skip,Pass,Pass,Pass,Pass,Pass,Pass,Pass,Pass,Pass,Pass,Pass,Pass,Pass,Pass,Pass,Pass,Pass,Pass,Pass,Pass,Pass,Pass,Pass,Pass,Pass,Pass,Pass,Pass,Pass,Pass,Skip,Pass,
05-28-2016,14:41:44,47.1,1,171680062934,PASS,Pass,Pass,Pass,Pass,Pass,Pass,Pass,Pass,Skip,Pass,Pass,Pass,Pass,Pass,Pass,Pass,Pass,Pass,Pass,Pass,Pass,Pass,Pass,Pass,Pass,Pass,Pass,Pass,Pass,Pass,Pass,Pass,Pass,Pass,Pass,Pass,Pass,Pass,Pass,Skip,Pass,
05-28-2016,14:41:55,49.3,3,171680062935,PASS,Pass,Pass,Pass,Pass,Pass,Pass,Pass,Pass,Skip,Pass,Pass,Pass,Pass,Pass,Pass,Pass,Pass,Pass,Pass,Pass,Pass,Pass,Pass,Pass,Pass,Pass,Pass,Pass,Pass,Pass,Pass,Pass,Pass,Pass,Pass,Pass,Pass,Pass,Pass,Skip,Pass,
05-28-2016,14:42:43,52.3,2,171680062936,PASS,Pass,Pass,Pass,Pass,Pass,Pass,Pass,Pass,Skip,Pass,Pass,Pass,Pass,Pass,Pass,Pass,Pass,Pass,Pass,Pass,Pass,Pass,Pass,Pass,Pass,Pass,Pass,Pass,Pass,Pass,Pass,Pass,Pass,Pass,Pass,Pass,Pass,Pass,Pass,Skip,Pass,
05-28-2016,14:42:54,44.2,4,171680062981,PASS,Pass,Pass,Pass,Pass,Pass,Pass,Pass,Pass,Skip,Pass,Pass,Pass,Pass,Pass,Pass,Pass,Pass,Pass,Pass,Pass,Pass,Pass,Pass,Pass,Pass,Pass,Pass,Pass,Pass,Pass,Pass,Pass,Pass,Pass,Pass,Pass,Pass,Pass,Pass,Skip,Pass,
05-28-2016,14:43:17,47.0,5,171680062982,PASS,Pass,Pass,Pass,Pass,Pass,Pass,Pass,Pass,Skip,Pass,Pass,Pass,Pass,Pass,Pass,Pass,Pass,Pass,Pass,Pass,Pass,Pass,Pass,Pass,Pass,Pass,Pass,Pass,Pass,Pass,Pass,Pass,Pass,Pass,Pass,Pass,Pass,Pass,Pass,Skip,Pass,
05-28-2016,14:43:35,47.8,1,171680062983,PASS,Pass,Pass,Pass,Pass,Pass,Pass,Pass,Pass,Skip,Pass,Pass,Pass,Pass,Pass,Pass,Pass,Pass,Pass,Pass,Pass,Pass,Pass,Pass,Pass,Pass,Pass,Pass,Pass,Pass,Pass,Pass,Pass,Pass,Pass,Pass,Pass,Pass,Pass,Pass,Skip,Pass,
05-28-2016,14:44:03,46.0,6,171680062984,PASS,Pass,Pass,Pass,Pass,Pass,Pass,Pass,Pass,Skip,Pass,Pass,Pass,Pass,Pass,Pass,Pass,Pass,Pass,Pass,Pass,Pass,Pass,Pass,Pass,Pass,Pass,Pass,Pass,Pass,Pass,Pass,Pass,Pass,Pass,Pass,Pass,Pass,Pass,Pass,Skip,Pass,
05-28-2016,14:44:25,48.3,2,171680062985,PASS,Pass,Pass,Pass,Pass,Pass,Pass,Pass,Pass,Skip,Pass,Pass,Pass,Pass,Pass,Pass,Pass,Pass,Pass,Pass,Pass,Pass,Pass,Pass,Pass,Pass,Pass,Pass,Pass,Pass,Pass,Pass,Pass,Pass,Pass,Pass,Pass,Pass,Pass,Pass,Skip,Pass,
05-28-2016,14:44:35,44.2,3,171680062986,PASS,Pass,Pass,Pass,Pass,Pass,Pass,Pass,Pass,Skip,Pass,Pass,Pass,Pass,Pass,Pass,Pass,Pass,Pass,Pass,Pass,Pass,Pass,Pass,Pass,Pass,Pass,Pass,Pass,Pass,Pass,Pass,Pass,Pass,Pass,Pass,Pass,Pass,Pass,Pass,Skip,Pass,
05-28-2016,14:45:22,44.4,4,171680062961,PASS,Pass,Pass,Pass,Pass,Pass,Pass,Pass,Pass,Skip,Pass,Pass,Pass,Pass,Pass,Pass,Pass,Pass,Pass,Pass,Pass,Pass,Pass,Pass,Pass,Pass,Pass,Pass,Pass,Pass,Pass,Pass,Pass,Pass,Pass,Pass,Pass,Pass,Pass,Pass,Skip,Pass,
05-28-2016,14:45:52,54.1,5,171680062962,PASS,Pass,Pass,Pass,Pass,Pass,Pass,Pass,Pass,Skip,Pass,Pass,Pass,Pass,Pass,Pass,Pass,Pass,Pass,Pass,Pass,Pass,Pass,Pass,Pass,Pass,Pass,Pass,Pass,Pass,Pass,Pass,Pass,Pass,Pass,Pass,Pass,Pass,Pass,Pass,Skip,Pass,
05-28-2016,14:45:55,46.2,1,171680062963,PASS,Pass,Pass,Pass,Pass,Pass,Pass,Pass,Pass,Skip,Pass,Pass,Pass,Pass,Pass,Pass,Pass,Pass,Pass,Pass,Pass,Pass,Pass,Pass,Pass,Pass,Pass,Pass,Pass,Pass,Pass,Pass,Pass,Pass,Pass,Pass,Pass,Pass,Pass,Pass,Skip,Pass,
05-28-2016,14:46:33,45.5,3,171680062965,PASS,Pass,Pass,Pass,Pass,Pass,Pass,Pass,Pass,Skip,Pass,Pass,Pass,Pass,Pass,Pass,Pass,Pass,Pass,Pass,Pass,Pass,Pass,Pass,Pass,Pass,Pass,Pass,Pass,Pass,Pass,Pass,Pass,Pass,Pass,Pass,Pass,Pass,Pass,Pass,Skip,Pass,
05-28-2016,14:46:40,44.9,2,171680062964,PASS,Pass,Pass,Pass,Pass,Pass,Pass,Pass,Pass,Skip,Pass,Pass,Pass,Pass,Pass,Pass,Pass,Pass,Pass,Pass,Pass,Pass,Pass,Pass,Pass,Pass,Pass,Pass,Pass,Pass,Pass,Pass,Pass,Pass,Pass,Pass,Pass,Pass,Pass,Pass,Skip,Pass,
05-28-2016,14:46:52,45.8,6,171680062966,PASS,Pass,Pass,Pass,Pass,Pass,Pass,Pass,Pass,Skip,Pass,Pass,Pass,Pass,Pass,Pass,Pass,Pass,Pass,Pass,Pass,Pass,Pass,Pass,Pass,Pass,Pass,Pass,Pass,Pass,Pass,Pass,Pass,Pass,Pass,Pass,Pass,Pass,Pass,Pass,Skip,Pass,
05-28-2016,14:47:30,50.1,1,171680063231,PASS,Pass,Pass,Pass,Pass,Pass,Pass,Pass,Pass,Skip,Pass,Pass,Pass,Pass,Pass,Pass,Pass,Pass,Pass,Pass,Pass,Pass,Pass,Pass,Pass,Pass,Pass,Pass,Pass,Pass,Pass,Pass,Pass,Pass,Pass,Pass,Pass,Pass,Pass,Pass,Skip,Pass,
05-28-2016,14:47:42,55.0,4,171680063232,PASS,Pass,Pass,Pass,Pass,Pass,Pass,Pass,Pass,Skip,Pass,Pass,Pass,Pass,Pass,Pass,Pass,Pass,Pass,Pass,Pass,Pass,Pass,Pass,Pass,Pass,Pass,Pass,Pass,Pass,Pass,Pass,Pass,Pass,Pass,Pass,Pass,Pass,Pass,Pass,Skip,Pass,
05-28-2016,14:48:02,49.9,5,171680063233,PASS,Pass,Pass,Pass,Pass,Pass,Pass,Pass,Pass,Skip,Pass,Pass,Pass,Pass,Pass,Pass,Pass,Pass,Pass,Pass,Pass,Pass,Pass,Pass,Pass,Pass,Pass,Pass,Pass,Pass,Pass,Pass,Pass,Pass,Pass,Pass,Pass,Pass,Pass,Pass,Skip,Pass,
05-28-2016,15:04:04,46.3,1,171680063234,PASS,Pass,Pass,Pass,Pass,Pass,Pass,Pass,Pass,Skip,Pass,Pass,Pass,Pass,Pass,Pass,Pass,Pass,Pass,Pass,Pass,Pass,Pass,Pass,Pass,Pass,Pass,Pass,Pass,Pass,Pass,Pass,Pass,Pass,Pass,Pass,Pass,Pass,Pass,Pass,Skip,Pass,
05-28-2016,15:04:13,47.2,3,171680063235,PASS,Pass,Pass,Pass,Pass,Pass,Pass,Pass,Pass,Skip,Pass,Pass,Pass,Pass,Pass,Pass,Pass,Pass,Pass,Pass,Pass,Pass,Pass,Pass,Pass,Pass,Pass,Pass,Pass,Pass,Pass,Pass,Pass,Pass,Pass,Pass,Pass,Pass,Pass,Pass,Skip,Pass,
05-28-2016,15:04:53,45.0,5,171680062964,PASS,Pass,Pass,Pass,Pass,Pass,Pass,Pass,Pass,Skip,Pass,Pass,Pass,Pass,Pass,Pass,Pass,Pass,Pass,Pass,Pass,Pass,Pass,Pass,Pass,Pass,Pass,Pass,Pass,Pass,Pass,Pass,Pass,Pass,Pass,Pass,Pass,Pass,Pass,Pass,Skip,Pass,
05-28-2016,15:05:22,47.2,1,171680063236,PASS,Pass,Pass,Pass,Pass,Pass,Pass,Pass,Pass,Skip,Pass,Pass,Pass,Pass,Pass,Pass,Pass,Pass,Pass,Pass,Pass,Pass,Pass,Pass,Pass,Pass,Pass,Pass,Pass,Pass,Pass,Pass,Pass,Pass,Pass,Pass,Pass,Pass,Pass,Pass,Skip,Pass,
05-28-2016,15:05:41,46.1,3,171680063191,PASS,Pass,Pass,Pass,Pass,Pass,Pass,Pass,Pass,Skip,Pass,Pass,Pass,Pass,Pass,Pass,Pass,Pass,Pass,Pass,Pass,Pass,Pass,Pass,Pass,Pass,Pass,Pass,Pass,Pass,Pass,Pass,Pass,Pass,Pass,Pass,Pass,Pass,Pass,Pass,Skip,Pass,
05-28-2016,15:06:22,44.1,5,171680063192,PASS,Pass,Pass,Pass,Pass,Pass,Pass,Pass,Pass,Skip,Pass,Pass,Pass,Pass,Pass,Pass,Pass,Pass,Pass,Pass,Pass,Pass,Pass,Pass,Pass,Pass,Pass,Pass,Pass,Pass,Pass,Pass,Pass,Pass,Pass,Pass,Pass,Pass,Pass,Pass,Skip,Pass,
05-28-2016,15:07:06,47.5,1,171680063194,PASS,Pass,Pass,Pass,Pass,Pass,Pass,Pass,Pass,Skip,Pass,Pass,Pass,Pass,Pass,Pass,Pass,Pass,Pass,Pass,Pass,Pass,Pass,Pass,Pass,Pass,Pass,Pass,Pass,Pass,Pass,Pass,Pass,Pass,Pass,Pass,Pass,Pass,Pass,Pass,Skip,Pass,
05-28-2016,15:07:10,47.9,6,171680063193,PASS,Pass,Pass,Pass,Pass,Pass,Pass,Pass,Pass,Skip,Pass,Pass,Pass,Pass,Pass,Pass,Pass,Pass,Pass,Pass,Pass,Pass,Pass,Pass,Pass,Pass,Pass,Pass,Pass,Pass,Pass,Pass,Pass,Pass,Pass,Pass,Pass,Pass,Pass,Pass,Skip,Pass,
05-28-2016,15:07:25,47.9,4,171680063195,PASS,Pass,Pass,Pass,Pass,Pass,Pass,Pass,Pass,Skip,Pass,Pass,Pass,Pass,Pass,Pass,Pass,Pass,Pass,Pass,Pass,Pass,Pass,Pass,Pass,Pass,Pass,Pass,Pass,Pass,Pass,Pass,Pass,Pass,Pass,Pass,Pass,Pass,Pass,Pass,Skip,Pass,
05-28-2016,15:08:14,48.1,3,171680063196,PASS,Pass,Pass,Pass,Pass,Pass,Pass,Pass,Pass,Skip,Pass,Pass,Pass,Pass,Pass,Pass,Pass,Pass,Pass,Pass,Pass,Pass,Pass,Pass,Pass,Pass,Pass,Pass,Pass,Pass,Pass,Pass,Pass,Pass,Pass,Pass,Pass,Pass,Pass,Pass,Skip,Pass,
05-28-2016,15:08:21,46.3,1,171680063241,PASS,Pass,Pass,Pass,Pass,Pass,Pass,Pass,Pass,Skip,Pass,Pass,Pass,Pass,Pass,Pass,Pass,Pass,Pass,Pass,Pass,Pass,Pass,Pass,Pass,Pass,Pass,Pass,Pass,Pass,Pass,Pass,Pass,Pass,Pass,Pass,Pass,Pass,Pass,Pass,Skip,Pass,
05-28-2016,15:08:39,45.0,5,171680063242,PASS,Pass,Pass,Pass,Pass,Pass,Pass,Pass,Pass,Skip,Pass,Pass,Pass,Pass,Pass,Pass,Pass,Pass,Pass,Pass,Pass,Pass,Pass,Pass,Pass,Pass,Pass,Pass,Pass,Pass,Pass,Pass,Pass,Pass,Pass,Pass,Pass,Pass,Pass,Pass,Skip,Pass,
05-28-2016,15:09:06,44.2,2,171680063243,PASS,Pass,Pass,Pass,Pass,Pass,Pass,Pass,Pass,Skip,Pass,Pass,Pass,Pass,Pass,Pass,Pass,Pass,Pass,Pass,Pass,Pass,Pass,Pass,Pass,Pass,Pass,Pass,Pass,Pass,Pass,Pass,Pass,Pass,Pass,Pass,Pass,Pass,Pass,Pass,Skip,Pass,
05-28-2016,15:09:58,52.3,1,171680063244,PASS,Pass,Pass,Pass,Pass,Pass,Pass,Pass,Pass,Skip,Pass,Pass,Pass,Pass,Pass,Pass,Pass,Pass,Pass,Pass,Pass,Pass,Pass,Pass,Pass,Pass,Pass,Pass,Pass,Pass,Pass,Pass,Pass,Pass,Pass,Pass,Pass,Pass,Pass,Pass,Skip,Pass,
05-28-2016,15:10:25,51.0,3,171680063245,PASS,Pass,Pass,Pass,Pass,Pass,Pass,Pass,Pass,Skip,Pass,Pass,Pass,Pass,Pass,Pass,Pass,Pass,Pass,Pass,Pass,Pass,Pass,Pass,Pass,Pass,Pass,Pass,Pass,Pass,Pass,Pass,Pass,Pass,Pass,Pass,Pass,Pass,Pass,Pass,Skip,Pass,
05-28-2016,15:10:49,51.5,5,171680063246,PASS,Pass,Pass,Pass,Pass,Pass,Pass,Pass,Pass,Skip,Pass,Pass,Pass,Pass,Pass,Pass,Pass,Pass,Pass,Pass,Pass,Pass,Pass,Pass,Pass,Pass,Pass,Pass,Pass,Pass,Pass,Pass,Pass,Pass,Pass,Pass,Pass,Pass,Pass,Pass,Skip,Pass,
05-28-2016,15:11:30,45.8,2,171680063101,PASS,Pass,Pass,Pass,Pass,Pass,Pass,Pass,Pass,Skip,Pass,Pass,Pass,Pass,Pass,Pass,Pass,Pass,Pass,Pass,Pass,Pass,Pass,Pass,Pass,Pass,Pass,Pass,Pass,Pass,Pass,Pass,Pass,Pass,Pass,Pass,Pass,Pass,Pass,Pass,Skip,Pass,
05-28-2016,15:11:51,45.5,4,171680063102,PASS,Pass,Pass,Pass,Pass,Pass,Pass,Pass,Pass,Skip,Pass,Pass,Pass,Pass,Pass,Pass,Pass,Pass,Pass,Pass,Pass,Pass,Pass,Pass,Pass,Pass,Pass,Pass,Pass,Pass,Pass,Pass,Pass,Pass,Pass,Pass,Pass,Pass,Pass,Pass,Skip,Pass,
05-28-2016,15:12:15,48.6,6,171680063104,PASS,Pass,Pass,Pass,Pass,Pass,Pass,Pass,Pass,Skip,Pass,Pass,Pass,Pass,Pass,Pass,Pass,Pass,Pass,Pass,Pass,Pass,Pass,Pass,Pass,Pass,Pass,Pass,Pass,Pass,Pass,Pass,Pass,Pass,Pass,Pass,Pass,Pass,Pass,Pass,Skip,Pass,
05-28-2016,15:12:40,47.1,1,171680063105,PASS,Pass,Pass,Pass,Pass,Pass,Pass,Pass,Pass,Skip,Pass,Pass,Pass,Pass,Pass,Pass,Pass,Pass,Pass,Pass,Pass,Pass,Pass,Pass,Pass,Pass,Pass,Pass,Pass,Pass,Pass,Pass,Pass,Pass,Pass,Pass,Pass,Pass,Pass,Pass,Skip,Pass,
05-28-2016,15:13:02,45.0,3,171680063106,PASS,Pass,Pass,Pass,Pass,Pass,Pass,Pass,Pass,Skip,Pass,Pass,Pass,Pass,Pass,Pass,Pass,Pass,Pass,Pass,Pass,Pass,Pass,Pass,Pass,Pass,Pass,Pass,Pass,Pass,Pass,Pass,Pass,Pass,Pass,Pass,Pass,Pass,Pass,Pass,Skip,Pass,
05-28-2016,15:13:22,51.2,5,171680063251,PASS,Pass,Pass,Pass,Pass,Pass,Pass,Pass,Pass,Skip,Pass,Pass,Pass,Pass,Pass,Pass,Pass,Pass,Pass,Pass,Pass,Pass,Pass,Pass,Pass,Pass,Pass,Pass,Pass,Pass,Pass,Pass,Pass,Pass,Pass,Pass,Pass,Pass,Pass,Pass,Skip,Pass,
05-28-2016,15:13:33,47.2,2,171680063252,PASS,Pass,Pass,Pass,Pass,Pass,Pass,Pass,Pass,Skip,Pass,Pass,Pass,Pass,Pass,Pass,Pass,Pass,Pass,Pass,Pass,Pass,Pass,Pass,Pass,Pass,Pass,Pass,Pass,Pass,Pass,Pass,Pass,Pass,Pass,Pass,Pass,Pass,Pass,Pass,Skip,Pass,
05-28-2016,15:13:52,46.3,4,171680063253,PASS,Pass,Pass,Pass,Pass,Pass,Pass,Pass,Pass,Skip,Pass,Pass,Pass,Pass,Pass,Pass,Pass,Pass,Pass,Pass,Pass,Pass,Pass,Pass,Pass,Pass,Pass,Pass,Pass,Pass,Pass,Pass,Pass,Pass,Pass,Pass,Pass,Pass,Pass,Pass,Skip,Pass,
05-28-2016,15:14:27,47.7,6,171680063254,PASS,Pass,Pass,Pass,Pass,Pass,Pass,Pass,Pass,Skip,Pass,Pass,Pass,Pass,Pass,Pass,Pass,Pass,Pass,Pass,Pass,Pass,Pass,Pass,Pass,Pass,Pass,Pass,Pass,Pass,Pass,Pass,Pass,Pass,Pass,Pass,Pass,Pass,Pass,Pass,Skip,Pass,
05-28-2016,15:14:42,46.4,1,171680063255,PASS,Pass,Pass,Pass,Pass,Pass,Pass,Pass,Pass,Skip,Pass,Pass,Pass,Pass,Pass,Pass,Pass,Pass,Pass,Pass,Pass,Pass,Pass,Pass,Pass,Pass,Pass,Pass,Pass,Pass,Pass,Pass,Pass,Pass,Pass,Pass,Pass,Pass,Pass,Pass,Skip,Pass,
05-28-2016,15:15:03,47.8,3,171680063256,PASS,Pass,Pass,Pass,Pass,Pass,Pass,Pass,Pass,Skip,Pass,Pass,Pass,Pass,Pass,Pass,Pass,Pass,Pass,Pass,Pass,Pass,Pass,Pass,Pass,Pass,Pass,Pass,Pass,Pass,Pass,Pass,Pass,Pass,Pass,Pass,Pass,Pass,Pass,Pass,Skip,Pass,
05-28-2016,15:15:24,48.1,5,171680063261,PASS,Pass,Pass,Pass,Pass,Pass,Pass,Pass,Pass,Skip,Pass,Pass,Pass,Pass,Pass,Pass,Pass,Pass,Pass,Pass,Pass,Pass,Pass,Pass,Pass,Pass,Pass,Pass,Pass,Pass,Pass,Pass,Pass,Pass,Pass,Pass,Pass,Pass,Pass,Pass,Skip,Pass,
05-28-2016,15:15:44,46.6,2,171680063262,PASS,Pass,Pass,Pass,Pass,Pass,Pass,Pass,Pass,Skip,Pass,Pass,Pass,Pass,Pass,Pass,Pass,Pass,Pass,Pass,Pass,Pass,Pass,Pass,Pass,Pass,Pass,Pass,Pass,Pass,Pass,Pass,Pass,Pass,Pass,Pass,Pass,Pass,Pass,Pass,Skip,Pass,
05-28-2016,15:16:03,49.1,4,171680063263,PASS,Pass,Pass,Pass,Pass,Pass,Pass,Pass,Pass,Skip,Pass,Pass,Pass,Pass,Pass,Pass,Pass,Pass,Pass,Pass,Pass,Pass,Pass,Pass,Pass,Pass,Pass,Pass,Pass,Pass,Pass,Pass,Pass,Pass,Pass,Pass,Pass,Pass,Pass,Pass,Skip,Pass,
05-28-2016,15:16:41,49.9,6,171680063264,PASS,Pass,Pass,Pass,Pass,Pass,Pass,Pass,Pass,Skip,Pass,Pass,Pass,Pass,Pass,Pass,Pass,Pass,Pass,Pass,Pass,Pass,Pass,Pass,Pass,Pass,Pass,Pass,Pass,Pass,Pass,Pass,Pass,Pass,Pass,Pass,Pass,Pass,Pass,Pass,Skip,Pass,
05-28-2016,15:16:55,45.6,1,171680063265,PASS,Pass,Pass,Pass,Pass,Pass,Pass,Pass,Pass,Skip,Pass,Pass,Pass,Pass,Pass,Pass,Pass,Pass,Pass,Pass,Pass,Pass,Pass,Pass,Pass,Pass,Pass,Pass,Pass,Pass,Pass,Pass,Pass,Pass,Pass,Pass,Pass,Pass,Pass,Pass,Skip,Pass,
05-28-2016,15:17:20,47.3,3,171680063266,PASS,Pass,Pass,Pass,Pass,Pass,Pass,Pass,Pass,Skip,Pass,Pass,Pass,Pass,Pass,Pass,Pass,Pass,Pass,Pass,Pass,Pass,Pass,Pass,Pass,Pass,Pass,Pass,Pass,Pass,Pass,Pass,Pass,Pass,Pass,Pass,Pass,Pass,Pass,Pass,Skip,Pass,
05-28-2016,15:17:40,49.9,5,171680063201,PASS,Pass,Pass,Pass,Pass,Pass,Pass,Pass,Pass,Skip,Pass,Pass,Pass,Pass,Pass,Pass,Pass,Pass,Pass,Pass,Pass,Pass,Pass,Pass,Pass,Pass,Pass,Pass,Pass,Pass,Pass,Pass,Pass,Pass,Pass,Pass,Pass,Pass,Pass,Pass,Skip,Pass,
05-28-2016,15:17:57,47.1,2,171680063202,PASS,Pass,Pass,Pass,Pass,Pass,Pass,Pass,Pass,Skip,Pass,Pass,Pass,Pass,Pass,Pass,Pass,Pass,Pass,Pass,Pass,Pass,Pass,Pass,Pass,Pass,Pass,Pass,Pass,Pass,Pass,Pass,Pass,Pass,Pass,Pass,Pass,Pass,Pass,Pass,Skip,Pass,
05-28-2016,15:18:18,49.5,4,171680063203,PASS,Pass,Pass,Pass,Pass,Pass,Pass,Pass,Pass,Skip,Pass,Pass,Pass,Pass,Pass,Pass,Pass,Pass,Pass,Pass,Pass,Pass,Pass,Pass,Pass,Pass,Pass,Pass,Pass,Pass,Pass,Pass,Pass,Pass,Pass,Pass,Pass,Pass,Pass,Pass,Skip,Pass,
05-28-2016,15:18:39,49.5,6,171680063204,PASS,Pass,Pass,Pass,Pass,Pass,Pass,Pass,Pass,Skip,Pass,Pass,Pass,Pass,Pass,Pass,Pass,Pass,Pass,Pass,Pass,Pass,Pass,Pass,Pass,Pass,Pass,Pass,Pass,Pass,Pass,Pass,Pass,Pass,Pass,Pass,Pass,Pass,Pass,Pass,Skip,Pass,
05-28-2016,15:18:58,48.6,1,171680063205,PASS,Pass,Pass,Pass,Pass,Pass,Pass,Pass,Pass,Skip,Pass,Pass,Pass,Pass,Pass,Pass,Pass,Pass,Pass,Pass,Pass,Pass,Pass,Pass,Pass,Pass,Pass,Pass,Pass,Pass,Pass,Pass,Pass,Pass,Pass,Pass,Pass,Pass,Pass,Pass,Skip,Pass,
05-28-2016,15:19:14,45.6,3,171680063206,PASS,Pass,Pass,Pass,Pass,Pass,Pass,Pass,Pass,Skip,Pass,Pass,Pass,Pass,Pass,Pass,Pass,Pass,Pass,Pass,Pass,Pass,Pass,Pass,Pass,Pass,Pass,Pass,Pass,Pass,Pass,Pass,Pass,Pass,Pass,Pass,Pass,Pass,Pass,Pass,Skip,Pass,
05-28-2016,15:19:36,44.9,5,171680062951,PASS,Pass,Pass,Pass,Pass,Pass,Pass,Pass,Pass,Skip,Pass,Pass,Pass,Pass,Pass,Pass,Pass,Pass,Pass,Pass,Pass,Pass,Pass,Pass,Pass,Pass,Pass,Pass,Pass,Pass,Pass,Pass,Pass,Pass,Pass,Pass,Pass,Pass,Pass,Pass,Skip,Pass,
05-28-2016,15:19:57,46.7,2,171680062952,PASS,Pass,Pass,Pass,Pass,Pass,Pass,Pass,Pass,Skip,Pass,Pass,Pass,Pass,Pass,Pass,Pass,Pass,Pass,Pass,Pass,Pass,Pass,Pass,Pass,Pass,Pass,Pass,Pass,Pass,Pass,Pass,Pass,Pass,Pass,Pass,Pass,Pass,Pass,Pass,Skip,Pass,
05-28-2016,15:20:13,44.9,4,171680062953,PASS,Pass,Pass,Pass,Pass,Pass,Pass,Pass,Pass,Skip,Pass,Pass,Pass,Pass,Pass,Pass,Pass,Pass,Pass,Pass,Pass,Pass,Pass,Pass,Pass,Pass,Pass,Pass,Pass,Pass,Pass,Pass,Pass,Pass,Pass,Pass,Pass,Pass,Pass,Pass,Skip,Pass,
05-28-2016,15:20:35,46.6,6,171680062954,PASS,Pass,Pass,Pass,Pass,Pass,Pass,Pass,Pass,Skip,Pass,Pass,Pass,Pass,Pass,Pass,Pass,Pass,Pass,Pass,Pass,Pass,Pass,Pass,Pass,Pass,Pass,Pass,Pass,Pass,Pass,Pass,Pass,Pass,Pass,Pass,Pass,Pass,Pass,Pass,Skip,Pass,
05-28-2016,15:24:33,47.0,1,171680062955,PASS,Pass,Pass,Pass,Pass,Pass,Pass,Pass,Pass,Skip,Pass,Pass,Pass,Pass,Pass,Pass,Pass,Pass,Pass,Pass,Pass,Pass,Pass,Pass,Pass,Pass,Pass,Pass,Pass,Pass,Pass,Pass,Pass,Pass,Pass,Pass,Pass,Pass,Pass,Pass,Skip,Pass,
05-28-2016,15:24:46,44.9,3,171680062956,PASS,Pass,Pass,Pass,Pass,Pass,Pass,Pass,Pass,Skip,Pass,Pass,Pass,Pass,Pass,Pass,Pass,Pass,Pass,Pass,Pass,Pass,Pass,Pass,Pass,Pass,Pass,Pass,Pass,Pass,Pass,Pass,Pass,Pass,Pass,Pass,Pass,Pass,Pass,Pass,Skip,Pass,
05-28-2016,15:35:17,45.8,1,171680063481,PASS,Pass,Pass,Pass,Pass,Pass,Pass,Pass,Pass,Skip,Pass,Pass,Pass,Pass,Pass,Pass,Pass,Pass,Pass,Pass,Pass,Pass,Pass,Pass,Pass,Pass,Pass,Pass,Pass,Pass,Pass,Pass,Pass,Pass,Pass,Pass,Pass,Pass,Pass,Pass,Skip,Pass,
05-28-2016,15:35:48,45.1,3,171680063482,PASS,Pass,Pass,Pass,Pass,Pass,Pass,Pass,Pass,Skip,Pass,Pass,Pass,Pass,Pass,Pass,Pass,Pass,Pass,Pass,Pass,Pass,Pass,Pass,Pass,Pass,Pass,Pass,Pass,Pass,Pass,Pass,Pass,Pass,Pass,Pass,Pass,Pass,Pass,Pass,Skip,Pass,
05-28-2016,15:35:58,47.0,5,171680063483,PASS,Pass,Pass,Pass,Pass,Pass,Pass,Pass,Pass,Skip,Pass,Pass,Pass,Pass,Pass,Pass,Pass,Pass,Pass,Pass,Pass,Pass,Pass,Pass,Pass,Pass,Pass,Pass,Pass,Pass,Pass,Pass,Pass,Pass,Pass,Pass,Pass,Pass,Pass,Pass,Skip,Pass,
05-28-2016,15:36:18,47.1,2,171680063484,PASS,Pass,Pass,Pass,Pass,Pass,Pass,Pass,Pass,Skip,Pass,Pass,Pass,Pass,Pass,Pass,Pass,Pass,Pass,Pass,Pass,Pass,Pass,Pass,Pass,Pass,Pass,Pass,Pass,Pass,Pass,Pass,Pass,Pass,Pass,Pass,Pass,Pass,Pass,Pass,Skip,Pass,
05-28-2016,15:36:35,45.4,4,171680063485,PASS,Pass,Pass,Pass,Pass,Pass,Pass,Pass,Pass,Skip,Pass,Pass,Pass,Pass,Pass,Pass,Pass,Pass,Pass,Pass,Pass,Pass,Pass,Pass,Pass,Pass,Pass,Pass,Pass,Pass,Pass,Pass,Pass,Pass,Pass,Pass,Pass,Pass,Pass,Pass,Skip,Pass,
05-28-2016,15:36:57,47.2,6,171680063486,PASS,Pass,Pass,Pass,Pass,Pass,Pass,Pass,Pass,Skip,Pass,Pass,Pass,Pass,Pass,Pass,Pass,Pass,Pass,Pass,Pass,Pass,Pass,Pass,Pass,Pass,Pass,Pass,Pass,Pass,Pass,Pass,Pass,Pass,Pass,Pass,Pass,Pass,Pass,Pass,Skip,Pass,
05-28-2016,15:37:14,44.2,1,171680063161,PASS,Pass,Pass,Pass,Pass,Pass,Pass,Pass,Pass,Skip,Pass,Pass,Pass,Pass,Pass,Pass,Pass,Pass,Pass,Pass,Pass,Pass,Pass,Pass,Pass,Pass,Pass,Pass,Pass,Pass,Pass,Pass,Pass,Pass,Pass,Pass,Pass,Pass,Pass,Pass,Skip,Pass,
05-28-2016,15:37:40,49.2,3,171680063162,PASS,Pass,Pass,Pass,Pass,Pass,Pass,Pass,Pass,Skip,Pass,Pass,Pass,Pass,Pass,Pass,Pass,Pass,Pass,Pass,Pass,Pass,Pass,Pass,Pass,Pass,Pass,Pass,Pass,Pass,Pass,Pass,Pass,Pass,Pass,Pass,Pass,Pass,Pass,Pass,Skip,Pass,
05-28-2016,15:37:58,48.0,5,171680063163,PASS,Pass,Pass,Pass,Pass,Pass,Pass,Pass,Pass,Skip,Pass,Pass,Pass,Pass,Pass,Pass,Pass,Pass,Pass,Pass,Pass,Pass,Pass,Pass,Pass,Pass,Pass,Pass,Pass,Pass,Pass,Pass,Pass,Pass,Pass,Pass,Pass,Pass,Pass,Pass,Skip,Pass,
05-28-2016,15:38:19,50.7,2,171680063164,PASS,Pass,Pass,Pass,Pass,Pass,Pass,Pass,Pass,Skip,Pass,Pass,Pass,Pass,Pass,Pass,Pass,Pass,Pass,Pass,Pass,Pass,Pass,Pass,Pass,Pass,Pass,Pass,Pass,Pass,Pass,Pass,Pass,Pass,Pass,Pass,Pass,Pass,Pass,Pass,Skip,Pass,
05-28-2016,15:38:34,45.1,4,171680063165,PASS,Pass,Pass,Pass,Pass,Pass,Pass,Pass,Pass,Skip,Pass,Pass,Pass,Pass,Pass,Pass,Pass,Pass,Pass,Pass,Pass,Pass,Pass,Pass,Pass,Pass,Pass,Pass,Pass,Pass,Pass,Pass,Pass,Pass,Pass,Pass,Pass,Pass,Pass,Pass,Skip,Pass,
05-28-2016,15:38:55,44.2,6,171680063491,PASS,Pass,Pass,Pass,Pass,Pass,Pass,Pass,Pass,Skip,Pass,Pass,Pass,Pass,Pass,Pass,Pass,Pass,Pass,Pass,Pass,Pass,Pass,Pass,Pass,Pass,Pass,Pass,Pass,Pass,Pass,Pass,Pass,Pass,Pass,Pass,Pass,Pass,Pass,Pass,Skip,Pass,
05-28-2016,15:39:20,49.3,1,171680063492,PASS,Pass,Pass,Pass,Pass,Pass,Pass,Pass,Pass,Skip,Pass,Pass,Pass,Pass,Pass,Pass,Pass,Pass,Pass,Pass,Pass,Pass,Pass,Pass,Pass,Pass,Pass,Pass,Pass,Pass,Pass,Pass,Pass,Pass,Pass,Pass,Pass,Pass,Pass,Pass,Skip,Pass,
05-28-2016,15:39:34,46.1,3,171680063493,PASS,Pass,Pass,Pass,Pass,Pass,Pass,Pass,Pass,Skip,Pass,Pass,Pass,Pass,Pass,Pass,Pass,Pass,Pass,Pass,Pass,Pass,Pass,Pass,Pass,Pass,Pass,Pass,Pass,Pass,Pass,Pass,Pass,Pass,Pass,Pass,Pass,Pass,Pass,Pass,Skip,Pass,
05-28-2016,15:40:03,50.0,5,171680063494,PASS,Pass,Pass,Pass,Pass,Pass,Pass,Pass,Pass,Skip,Pass,Pass,Pass,Pass,Pass,Pass,Pass,Pass,Pass,Pass,Pass,Pass,Pass,Pass,Pass,Pass,Pass,Pass,Pass,Pass,Pass,Pass,Pass,Pass,Pass,Pass,Pass,Pass,Pass,Pass,Skip,Pass,
05-28-2016,15:40:10,44.9,2,171680063495,PASS,Pass,Pass,Pass,Pass,Pass,Pass,Pass,Pass,Skip,Pass,Pass,Pass,Pass,Pass,Pass,Pass,Pass,Pass,Pass,Pass,Pass,Pass,Pass,Pass,Pass,Pass,Pass,Pass,Pass,Pass,Pass,Pass,Pass,Pass,Pass,Pass,Pass,Pass,Pass,Skip,Pass,
05-28-2016,15:40:35,45.8,4,171680063496,PASS,Pass,Pass,Pass,Pass,Pass,Pass,Pass,Pass,Skip,Pass,Pass,Pass,Pass,Pass,Pass,Pass,Pass,Pass,Pass,Pass,Pass,Pass,Pass,Pass,Pass,Pass,Pass,Pass,Pass,Pass,Pass,Pass,Pass,Pass,Pass,Pass,Pass,Pass,Pass,Skip,Pass,
05-28-2016,15:41:16,46.9,6,171680063502,PASS,Pass,Pass,Pass,Pass,Pass,Pass,Pass,Pass,Skip,Pass,Pass,Pass,Pass,Pass,Pass,Pass,Pass,Pass,Pass,Pass,Pass,Pass,Pass,Pass,Pass,Pass,Pass,Pass,Pass,Pass,Pass,Pass,Pass,Pass,Pass,Pass,Pass,Pass,Pass,Skip,Pass,
05-28-2016,15:41:54,46.8,1,171680063504,PASS,Pass,Pass,Pass,Pass,Pass,Pass,Pass,Pass,Skip,Pass,Pass,Pass,Pass,Pass,Pass,Pass,Pass,Pass,Pass,Pass,Pass,Pass,Pass,Pass,Pass,Pass,Pass,Pass,Pass,Pass,Pass,Pass,Pass,Pass,Pass,Pass,Pass,Pass,Pass,Skip,Pass,
05-28-2016,15:42:59,47.8,1,171680063506,PASS,Pass,Pass,Pass,Pass,Pass,Pass,Pass,Pass,Skip,Pass,Pass,Pass,Pass,Pass,Pass,Pass,Pass,Pass,Pass,Pass,Pass,Pass,Pass,Pass,Pass,Pass,Pass,Pass,Pass,Pass,Pass,Pass,Pass,Pass,Pass,Pass,Pass,Pass,Pass,Skip,Pass,
05-28-2016,15:43:38,49.1,3,171680063512,PASS,Pass,Pass,Pass,Pass,Pass,Pass,Pass,Pass,Skip,Pass,Pass,Pass,Pass,Pass,Pass,Pass,Pass,Pass,Pass,Pass,Pass,Pass,Pass,Pass,Pass,Pass,Pass,Pass,Pass,Pass,Pass,Pass,Pass,Pass,Pass,Pass,Pass,Pass,Pass,Skip,Pass,
05-28-2016,15:44:02,53.9,5,171680063513,PASS,Pass,Pass,Pass,Pass,Pass,Pass,Pass,Pass,Skip,Pass,Pass,Pass,Pass,Pass,Pass,Pass,Pass,Pass,Pass,Pass,Pass,Pass,Pass,Pass,Pass,Pass,Pass,Pass,Pass,Pass,Pass,Pass,Pass,Pass,Pass,Pass,Pass,Pass,Pass,Skip,Pass,
05-28-2016,15:44:14,45.0,2,171680063514,PASS,Pass,Pass,Pass,Pass,Pass,Pass,Pass,Pass,Skip,Pass,Pass,Pass,Pass,Pass,Pass,Pass,Pass,Pass,Pass,Pass,Pass,Pass,Pass,Pass,Pass,Pass,Pass,Pass,Pass,Pass,Pass,Pass,Pass,Pass,Pass,Pass,Pass,Pass,Pass,Skip,Pass,
05-28-2016,15:44:40,45.1,4,171680063515,PASS,Pass,Pass,Pass,Pass,Pass,Pass,Pass,Pass,Skip,Pass,Pass,Pass,Pass,Pass,Pass,Pass,Pass,Pass,Pass,Pass,Pass,Pass,Pass,Pass,Pass,Pass,Pass,Pass,Pass,Pass,Pass,Pass,Pass,Pass,Pass,Pass,Pass,Pass,Pass,Skip,Pass,
05-28-2016,15:44:57,48.6,6,171680063516,PASS,Pass,Pass,Pass,Pass,Pass,Pass,Pass,Pass,Skip,Pass,Pass,Pass,Pass,Pass,Pass,Pass,Pass,Pass,Pass,Pass,Pass,Pass,Pass,Pass,Pass,Pass,Pass,Pass,Pass,Pass,Pass,Pass,Pass,Pass,Pass,Pass,Pass,Pass,Pass,Skip,Pass,
05-28-2016,15:45:15,47.2,1,171680063521,PASS,Pass,Pass,Pass,Pass,Pass,Pass,Pass,Pass,Skip,Pass,Pass,Pass,Pass,Pass,Pass,Pass,Pass,Pass,Pass,Pass,Pass,Pass,Pass,Pass,Pass,Pass,Pass,Pass,Pass,Pass,Pass,Pass,Pass,Pass,Pass,Pass,Pass,Pass,Pass,Skip,Pass,
05-28-2016,15:45:34,45.9,3,171680063522,PASS,Pass,Pass,Pass,Pass,Pass,Pass,Pass,Pass,Skip,Pass,Pass,Pass,Pass,Pass,Pass,Pass,Pass,Pass,Pass,Pass,Pass,Pass,Pass,Pass,Pass,Pass,Pass,Pass,Pass,Pass,Pass,Pass,Pass,Pass,Pass,Pass,Pass,Pass,Pass,Skip,Pass,
05-28-2016,15:46:01,45.7,2,171680063523,PASS,Pass,Pass,Pass,Pass,Pass,Pass,Pass,Pass,Skip,Pass,Pass,Pass,Pass,Pass,Pass,Pass,Pass,Pass,Pass,Pass,Pass,Pass,Pass,Pass,Pass,Pass,Pass,Pass,Pass,Pass,Pass,Pass,Pass,Pass,Pass,Pass,Pass,Pass,Pass,Skip,Pass,
05-28-2016,15:46:20,45.7,4,171680063524,PASS,Pass,Pass,Pass,Pass,Pass,Pass,Pass,Pass,Skip,Pass,Pass,Pass,Pass,Pass,Pass,Pass,Pass,Pass,Pass,Pass,Pass,Pass,Pass,Pass,Pass,Pass,Pass,Pass,Pass,Pass,Pass,Pass,Pass,Pass,Pass,Pass,Pass,Pass,Pass,Skip,Pass,
05-28-2016,15:46:31,44.0,5,171680063525,PASS,Pass,Pass,Pass,Pass,Pass,Pass,Pass,Pass,Skip,Pass,Pass,Pass,Pass,Pass,Pass,Pass,Pass,Pass,Pass,Pass,Pass,Pass,Pass,Pass,Pass,Pass,Pass,Pass,Pass,Pass,Pass,Pass,Pass,Pass,Pass,Pass,Pass,Pass,Pass,Skip,Pass,
05-28-2016,15:47:14,46.2,1,171680063591,PASS,Pass,Pass,Pass,Pass,Pass,Pass,Pass,Pass,Skip,Pass,Pass,Pass,Pass,Pass,Pass,Pass,Pass,Pass,Pass,Pass,Pass,Pass,Pass,Pass,Pass,Pass,Pass,Pass,Pass,Pass,Pass,Pass,Pass,Pass,Pass,Pass,Pass,Pass,Pass,Skip,Pass,
05-28-2016,15:47:33,45.7,3,171680063592,PASS,Pass,Pass,Pass,Pass,Pass,Pass,Pass,Pass,Skip,Pass,Pass,Pass,Pass,Pass,Pass,Pass,Pass,Pass,Pass,Pass,Pass,Pass,Pass,Pass,Pass,Pass,Pass,Pass,Pass,Pass,Pass,Pass,Pass,Pass,Pass,Pass,Pass,Pass,Pass,Skip,Pass,
05-28-2016,15:47:53,45.0,5,171680063593,PASS,Pass,Pass,Pass,Pass,Pass,Pass,Pass,Pass,Skip,Pass,Pass,Pass,Pass,Pass,Pass,Pass,Pass,Pass,Pass,Pass,Pass,Pass,Pass,Pass,Pass,Pass,Pass,Pass,Pass,Pass,Pass,Pass,Pass,Pass,Pass,Pass,Pass,Pass,Pass,Skip,Pass,
05-28-2016,15:48:13,45.0,2,171680063594,PASS,Pass,Pass,Pass,Pass,Pass,Pass,Pass,Pass,Skip,Pass,Pass,Pass,Pass,Pass,Pass,Pass,Pass,Pass,Pass,Pass,Pass,Pass,Pass,Pass,Pass,Pass,Pass,Pass,Pass,Pass,Pass,Pass,Pass,Pass,Pass,Pass,Pass,Pass,Pass,Skip,Pass,
05-28-2016,15:48:33,46.1,4,171680063595,PASS,Pass,Pass,Pass,Pass,Pass,Pass,Pass,Pass,Skip,Pass,Pass,Pass,Pass,Pass,Pass,Pass,Pass,Pass,Pass,Pass,Pass,Pass,Pass,Pass,Pass,Pass,Pass,Pass,Pass,Pass,Pass,Pass,Pass,Pass,Pass,Pass,Pass,Pass,Pass,Skip,Pass,
05-28-2016,15:50:23,46.4,1,171680063596,PASS,Pass,Pass,Pass,Pass,Pass,Pass,Pass,Pass,Skip,Pass,Pass,Pass,Pass,Pass,Pass,Pass,Pass,Pass,Pass,Pass,Pass,Pass,Pass,Pass,Pass,Pass,Pass,Pass,Pass,Pass,Pass,Pass,Pass,Pass,Pass,Pass,Pass,Pass,Pass,Skip,Pass,
05-28-2016,15:50:35,47.2,3,171680063531,PASS,Pass,Pass,Pass,Pass,Pass,Pass,Pass,Pass,Skip,Pass,Pass,Pass,Pass,Pass,Pass,Pass,Pass,Pass,Pass,Pass,Pass,Pass,Pass,Pass,Pass,Pass,Pass,Pass,Pass,Pass,Pass,Pass,Pass,Pass,Pass,Pass,Pass,Pass,Pass,Skip,Pass,
05-28-2016,15:51:25,47.7,5,171680063532,PASS,Pass,Pass,Pass,Pass,Pass,Pass,Pass,Pass,Skip,Pass,Pass,Pass,Pass,Pass,Pass,Pass,Pass,Pass,Pass,Pass,Pass,Pass,Pass,Pass,Pass,Pass,Pass,Pass,Pass,Pass,Pass,Pass,Pass,Pass,Pass,Pass,Pass,Pass,Pass,Skip,Pass,
05-28-2016,15:51:39,46.7,1,171680063533,PASS,Pass,Pass,Pass,Pass,Pass,Pass,Pass,Pass,Skip,Pass,Pass,Pass,Pass,Pass,Pass,Pass,Pass,Pass,Pass,Pass,Pass,Pass,Pass,Pass,Pass,Pass,Pass,Pass,Pass,Pass,Pass,Pass,Pass,Pass,Pass,Pass,Pass,Pass,Pass,Skip,Pass,
05-28-2016,15:52:01,48.3,3,171680063534,PASS,Pass,Pass,Pass,Pass,Pass,Pass,Pass,Pass,Skip,Pass,Pass,Pass,Pass,Pass,Pass,Pass,Pass,Pass,Pass,Pass,Pass,Pass,Pass,Pass,Pass,Pass,Pass,Pass,Pass,Pass,Pass,Pass,Pass,Pass,Pass,Pass,Pass,Pass,Pass,Skip,Pass,
05-28-2016,15:52:31,51.6,2,171680063535,PASS,Pass,Pass,Pass,Pass,Pass,Pass,Pass,Pass,Skip,Pass,Pass,Pass,Pass,Pass,Pass,Pass,Pass,Pass,Pass,Pass,Pass,Pass,Pass,Pass,Pass,Pass,Pass,Pass,Pass,Pass,Pass,Pass,Pass,Pass,Pass,Pass,Pass,Pass,Pass,Skip,Pass,
05-28-2016,15:52:49,48.0,4,171680063536,PASS,Pass,Pass,Pass,Pass,Pass,Pass,Pass,Pass,Skip,Pass,Pass,Pass,Pass,Pass,Pass,Pass,Pass,Pass,Pass,Pass,Pass,Pass,Pass,Pass,Pass,Pass,Pass,Pass,Pass,Pass,Pass,Pass,Pass,Pass,Pass,Pass,Pass,Pass,Pass,Skip,Pass,
05-28-2016,15:53:04,50.5,5,171680063551,PASS,Pass,Pass,Pass,Pass,Pass,Pass,Pass,Pass,Skip,Pass,Pass,Pass,Pass,Pass,Pass,Pass,Pass,Pass,Pass,Pass,Pass,Pass,Pass,Pass,Pass,Pass,Pass,Pass,Pass,Pass,Pass,Pass,Pass,Pass,Pass,Pass,Pass,Pass,Pass,Skip,Pass,
05-28-2016,15:53:40,46.7,1,171680063553,PASS,Pass,Pass,Pass,Pass,Pass,Pass,Pass,Pass,Skip,Pass,Pass,Pass,Pass,Pass,Pass,Pass,Pass,Pass,Pass,Pass,Pass,Pass,Pass,Pass,Pass,Pass,Pass,Pass,Pass,Pass,Pass,Pass,Pass,Pass,Pass,Pass,Pass,Pass,Pass,Skip,Pass,
05-28-2016,15:53:52,48.6,6,171680063552,PASS,Pass,Pass,Pass,Pass,Pass,Pass,Pass,Pass,Skip,Pass,Pass,Pass,Pass,Pass,Pass,Pass,Pass,Pass,Pass,Pass,Pass,Pass,Pass,Pass,Pass,Pass,Pass,Pass,Pass,Pass,Pass,Pass,Pass,Pass,Pass,Pass,Pass,Pass,Pass,Skip,Pass,
05-28-2016,15:54:03,49.2,3,171680063554,PASS,Pass,Pass,Pass,Pass,Pass,Pass,Pass,Pass,Skip,Pass,Pass,Pass,Pass,Pass,Pass,Pass,Pass,Pass,Pass,Pass,Pass,Pass,Pass,Pass,Pass,Pass,Pass,Pass,Pass,Pass,Pass,Pass,Pass,Pass,Pass,Pass,Pass,Pass,Pass,Skip,Pass,
05-28-2016,15:54:40,47.1,5,171680063555,PASS,Pass,Pass,Pass,Pass,Pass,Pass,Pass,Pass,Skip,Pass,Pass,Pass,Pass,Pass,Pass,Pass,Pass,Pass,Pass,Pass,Pass,Pass,Pass,Pass,Pass,Pass,Pass,Pass,Pass,Pass,Pass,Pass,Pass,Pass,Pass,Pass,Pass,Pass,Pass,Skip,Pass,
05-28-2016,15:55:01,45.7,2,171680063556,PASS,Pass,Pass,Pass,Pass,Pass,Pass,Pass,Pass,Skip,Pass,Pass,Pass,Pass,Pass,Pass,Pass,Pass,Pass,Pass,Pass,Pass,Pass,Pass,Pass,Pass,Pass,Pass,Pass,Pass,Pass,Pass,Pass,Pass,Pass,Pass,Pass,Pass,Pass,Pass,Skip,Pass,
05-28-2016,15:55:20,44.9,4,171680063541,PASS,Pass,Pass,Pass,Pass,Pass,Pass,Pass,Pass,Skip,Pass,Pass,Pass,Pass,Pass,Pass,Pass,Pass,Pass,Pass,Pass,Pass,Pass,Pass,Pass,Pass,Pass,Pass,Pass,Pass,Pass,Pass,Pass,Pass,Pass,Pass,Pass,Pass,Pass,Pass,Skip,Pass,
05-28-2016,15:55:39,45.0,6,171680063542,PASS,Pass,Pass,Pass,Pass,Pass,Pass,Pass,Pass,Skip,Pass,Pass,Pass,Pass,Pass,Pass,Pass,Pass,Pass,Pass,Pass,Pass,Pass,Pass,Pass,Pass,Pass,Pass,Pass,Pass,Pass,Pass,Pass,Pass,Pass,Pass,Pass,Pass,Pass,Pass,Skip,Pass,
05-28-2016,15:56:23,49.9,1,171680063544,PASS,Pass,Pass,Pass,Pass,Pass,Pass,Pass,Pass,Skip,Pass,Pass,Pass,Pass,Pass,Pass,Pass,Pass,Pass,Pass,Pass,Pass,Pass,Pass,Pass,Pass,Pass,Pass,Pass,Pass,Pass,Pass,Pass,Pass,Pass,Pass,Pass,Pass,Pass,Pass,Skip,Pass,
05-28-2016,15:56:40,44.2,3,171680063545,PASS,Pass,Pass,Pass,Pass,Pass,Pass,Pass,Pass,Skip,Pass,Pass,Pass,Pass,Pass,Pass,Pass,Pass,Pass,Pass,Pass,Pass,Pass,Pass,Pass,Pass,Pass,Pass,Pass,Pass,Pass,Pass,Pass,Pass,Pass,Pass,Pass,Pass,Pass,Pass,Skip,Pass,
05-28-2016,15:57:11,44.4,5,171680063546,PASS,Pass,Pass,Pass,Pass,Pass,Pass,Pass,Pass,Skip,Pass,Pass,Pass,Pass,Pass,Pass,Pass,Pass,Pass,Pass,Pass,Pass,Pass,Pass,Pass,Pass,Pass,Pass,Pass,Pass,Pass,Pass,Pass,Pass,Pass,Pass,Pass,Pass,Pass,Pass,Skip,Pass,
05-28-2016,15:57:29,46.2,1,171680063631,PASS,Pass,Pass,Pass,Pass,Pass,Pass,Pass,Pass,Skip,Pass,Pass,Pass,Pass,Pass,Pass,Pass,Pass,Pass,Pass,Pass,Pass,Pass,Pass,Pass,Pass,Pass,Pass,Pass,Pass,Pass,Pass,Pass,Pass,Pass,Pass,Pass,Pass,Pass,Pass,Skip,Pass,
05-28-2016,15:57:45,46.0,3,171680063632,PASS,Pass,Pass,Pass,Pass,Pass,Pass,Pass,Pass,Skip,Pass,Pass,Pass,Pass,Pass,Pass,Pass,Pass,Pass,Pass,Pass,Pass,Pass,Pass,Pass,Pass,Pass,Pass,Pass,Pass,Pass,Pass,Pass,Pass,Pass,Pass,Pass,Pass,Pass,Pass,Skip,Pass,
05-28-2016,15:58:21,48.0,5,171680063634,PASS,Pass,Pass,Pass,Pass,Pass,Pass,Pass,Pass,Skip,Pass,Pass,Pass,Pass,Pass,Pass,Pass,Pass,Pass,Pass,Pass,Pass,Pass,Pass,Pass,Pass,Pass,Pass,Pass,Pass,Pass,Pass,Pass,Pass,Pass,Pass,Pass,Pass,Pass,Pass,Skip,Pass,
05-28-2016,15:58:39,44.8,1,171680063635,PASS,Pass,Pass,Pass,Pass,Pass,Pass,Pass,Pass,Skip,Pass,Pass,Pass,Pass,Pass,Pass,Pass,Pass,Pass,Pass,Pass,Pass,Pass,Pass,Pass,Pass,Pass,Pass,Pass,Pass,Pass,Pass,Pass,Pass,Pass,Pass,Pass,Pass,Pass,Pass,Skip,Pass,
05-28-2016,15:59:15,45.2,4,171680063621,PASS,Pass,Pass,Pass,Pass,Pass,Pass,Pass,Pass,Skip,Pass,Pass,Pass,Pass,Pass,Pass,Pass,Pass,Pass,Pass,Pass,Pass,Pass,Pass,Pass,Pass,Pass,Pass,Pass,Pass,Pass,Pass,Pass,Pass,Pass,Pass,Pass,Pass,Pass,Pass,Skip,Pass,
05-28-2016,15:59:25,46.4,2,171680063636,PASS,Pass,Pass,Pass,Pass,Pass,Pass,Pass,Pass,Skip,Pass,Pass,Pass,Pass,Pass,Pass,Pass,Pass,Pass,Pass,Pass,Pass,Pass,Pass,Pass,Pass,Pass,Pass,Pass,Pass,Pass,Pass,Pass,Pass,Pass,Pass,Pass,Pass,Pass,Pass,Skip,Pass,
05-28-2016,15:59:44,47.1,6,171680063622,PASS,Pass,Pass,Pass,Pass,Pass,Pass,Pass,Pass,Skip,Pass,Pass,Pass,Pass,Pass,Pass,Pass,Pass,Pass,Pass,Pass,Pass,Pass,Pass,Pass,Pass,Pass,Pass,Pass,Pass,Pass,Pass,Pass,Pass,Pass,Pass,Pass,Pass,Pass,Pass,Skip,Pass,
05-28-2016,16:00:51,51.5,1,171680063625,PASS,Pass,Pass,Pass,Pass,Pass,Pass,Pass,Pass,Skip,Pass,Pass,Pass,Pass,Pass,Pass,Pass,Pass,Pass,Pass,Pass,Pass,Pass,Pass,Pass,Pass,Pass,Pass,Pass,Pass,Pass,Pass,Pass,Pass,Pass,Pass,Pass,Pass,Pass,Pass,Skip,Pass,
05-28-2016,16:01:18,46.3,3,171680063561,PASS,Pass,Pass,Pass,Pass,Pass,Pass,Pass,Pass,Skip,Pass,Pass,Pass,Pass,Pass,Pass,Pass,Pass,Pass,Pass,Pass,Pass,Pass,Pass,Pass,Pass,Pass,Pass,Pass,Pass,Pass,Pass,Pass,Pass,Pass,Pass,Pass,Pass,Pass,Pass,Skip,Pass,
05-28-2016,16:03:14,50.3,2,171680063562,PASS,Pass,Pass,Pass,Pass,Pass,Pass,Pass,Pass,Skip,Pass,Pass,Pass,Pass,Pass,Pass,Pass,Pass,Pass,Pass,Pass,Pass,Pass,Pass,Pass,Pass,Pass,Pass,Pass,Pass,Pass,Pass,Pass,Pass,Pass,Pass,Pass,Pass,Pass,Pass,Skip,Pass,
05-28-2016,16:03:30,47.2,4,171680063563,PASS,Pass,Pass,Pass,Pass,Pass,Pass,Pass,Pass,Skip,Pass,Pass,Pass,Pass,Pass,Pass,Pass,Pass,Pass,Pass,Pass,Pass,Pass,Pass,Pass,Pass,Pass,Pass,Pass,Pass,Pass,Pass,Pass,Pass,Pass,Pass,Pass,Pass,Pass,Pass,Skip,Pass,
05-28-2016,16:03:54,56.3,5,171680063564,PASS,Pass,Pass,Pass,Pass,Pass,Pass,Pass,Pass,Skip,Pass,Pass,Pass,Pass,Pass,Pass,Pass,Pass,Pass,Pass,Pass,Pass,Pass,Pass,Pass,Pass,Pass,Pass,Pass,Pass,Pass,Pass,Pass,Pass,Pass,Pass,Pass,Pass,Pass,Pass,Skip,Pass,
05-28-2016,16:04:17,47.1,1,171680063566,PASS,Pass,Pass,Pass,Pass,Pass,Pass,Pass,Pass,Skip,Pass,Pass,Pass,Pass,Pass,Pass,Pass,Pass,Pass,Pass,Pass,Pass,Pass,Pass,Pass,Pass,Pass,Pass,Pass,Pass,Pass,Pass,Pass,Pass,Pass,Pass,Pass,Pass,Pass,Pass,Skip,Pass,
05-28-2016,16:04:40,50.7,3,171680063571,PASS,Pass,Pass,Pass,Pass,Pass,Pass,Pass,Pass,Skip,Pass,Pass,Pass,Pass,Pass,Pass,Pass,Pass,Pass,Pass,Pass,Pass,Pass,Pass,Pass,Pass,Pass,Pass,Pass,Pass,Pass,Pass,Pass,Pass,Pass,Pass,Pass,Pass,Pass,Pass,Skip,Pass,
05-28-2016,16:05:04,47.3,2,171680063572,PASS,Pass,Pass,Pass,Pass,Pass,Pass,Pass,Pass,Skip,Pass,Pass,Pass,Pass,Pass,Pass,Pass,Pass,Pass,Pass,Pass,Pass,Pass,Pass,Pass,Pass,Pass,Pass,Pass,Pass,Pass,Pass,Pass,Pass,Pass,Pass,Pass,Pass,Pass,Pass,Skip,Pass,
05-28-2016,16:05:19,47.0,5,171680063573,PASS,Pass,Pass,Pass,Pass,Pass,Pass,Pass,Pass,Skip,Pass,Pass,Pass,Pass,Pass,Pass,Pass,Pass,Pass,Pass,Pass,Pass,Pass,Pass,Pass,Pass,Pass,Pass,Pass,Pass,Pass,Pass,Pass,Pass,Pass,Pass,Pass,Pass,Pass,Pass,Skip,Pass,
05-28-2016,16:05:56,46.1,1,171680063575,PASS,Pass,Pass,Pass,Pass,Pass,Pass,Pass,Pass,Skip,Pass,Pass,Pass,Pass,Pass,Pass,Pass,Pass,Pass,Pass,Pass,Pass,Pass,Pass,Pass,Pass,Pass,Pass,Pass,Pass,Pass,Pass,Pass,Pass,Pass,Pass,Pass,Pass,Pass,Pass,Skip,Pass,
05-28-2016,16:06:05,46.5,6,171680063574,PASS,Pass,Pass,Pass,Pass,Pass,Pass,Pass,Pass,Skip,Pass,Pass,Pass,Pass,Pass,Pass,Pass,Pass,Pass,Pass,Pass,Pass,Pass,Pass,Pass,Pass,Pass,Pass,Pass,Pass,Pass,Pass,Pass,Pass,Pass,Pass,Pass,Pass,Pass,Pass,Skip,Pass,
05-28-2016,16:06:15,45.2,3,171680063576,PASS,Pass,Pass,Pass,Pass,Pass,Pass,Pass,Pass,Skip,Pass,Pass,Pass,Pass,Pass,Pass,Pass,Pass,Pass,Pass,Pass,Pass,Pass,Pass,Pass,Pass,Pass,Pass,Pass,Pass,Pass,Pass,Pass,Pass,Pass,Pass,Pass,Pass,Pass,Pass,Skip,Pass,
05-28-2016,16:06:49,44.3,5,171680063651,PASS,Pass,Pass,Pass,Pass,Pass,Pass,Pass,Pass,Skip,Pass,Pass,Pass,Pass,Pass,Pass,Pass,Pass,Pass,Pass,Pass,Pass,Pass,Pass,Pass,Pass,Pass,Pass,Pass,Pass,Pass,Pass,Pass,Pass,Pass,Pass,Pass,Pass,Pass,Pass,Skip,Pass,
05-28-2016,16:07:01,45.5,4,171680063652,PASS,Pass,Pass,Pass,Pass,Pass,Pass,Pass,Pass,Skip,Pass,Pass,Pass,Pass,Pass,Pass,Pass,Pass,Pass,Pass,Pass,Pass,Pass,Pass,Pass,Pass,Pass,Pass,Pass,Pass,Pass,Pass,Pass,Pass,Pass,Pass,Pass,Pass,Pass,Pass,Skip,Pass,
05-28-2016,16:07:53,44.8,1,171680063655,PASS,Pass,Pass,Pass,Pass,Pass,Pass,Pass,Pass,Skip,Pass,Pass,Pass,Pass,Pass,Pass,Pass,Pass,Pass,Pass,Pass,Pass,Pass,Pass,Pass,Pass,Pass,Pass,Pass,Pass,Pass,Pass,Pass,Pass,Pass,Pass,Pass,Pass,Pass,Pass,Skip,Pass,
05-28-2016,16:08:17,46.3,3,171680063656,PASS,Pass,Pass,Pass,Pass,Pass,Pass,Pass,Pass,Skip,Pass,Pass,Pass,Pass,Pass,Pass,Pass,Pass,Pass,Pass,Pass,Pass,Pass,Pass,Pass,Pass,Pass,Pass,Pass,Pass,Pass,Pass,Pass,Pass,Pass,Pass,Pass,Pass,Pass,Pass,Skip,Pass,
05-28-2016,16:08:43,50.1,2,171680063611,PASS,Pass,Pass,Pass,Pass,Pass,Pass,Pass,Pass,Skip,Pass,Pass,Pass,Pass,Pass,Pass,Pass,Pass,Pass,Pass,Pass,Pass,Pass,Pass,Pass,Pass,Pass,Pass,Pass,Pass,Pass,Pass,Pass,Pass,Pass,Pass,Pass,Pass,Pass,Pass,Skip,Pass,
05-28-2016,16:09:18,46.4,6,171680063613,PASS,Pass,Pass,Pass,Pass,Pass,Pass,Pass,Pass,Skip,Pass,Pass,Pass,Pass,Pass,Pass,Pass,Pass,Pass,Pass,Pass,Pass,Pass,Pass,Pass,Pass,Pass,Pass,Pass,Pass,Pass,Pass,Pass,Pass,Pass,Pass,Pass,Pass,Pass,Pass,Skip,Pass,
05-28-2016,16:10:52,47.0,1,171680063681,PASS,Pass,Pass,Pass,Pass,Pass,Pass,Pass,Pass,Skip,Pass,Pass,Pass,Pass,Pass,Pass,Pass,Pass,Pass,Pass,Pass,Pass,Pass,Pass,Pass,Pass,Pass,Pass,Pass,Pass,Pass,Pass,Pass,Pass,Pass,Pass,Pass,Pass,Pass,Pass,Skip,Pass,
05-28-2016,16:10:58,46.6,3,171680063616,PASS,Pass,Pass,Pass,Pass,Pass,Pass,Pass,Pass,Skip,Pass,Pass,Pass,Pass,Pass,Pass,Pass,Pass,Pass,Pass,Pass,Pass,Pass,Pass,Pass,Pass,Pass,Pass,Pass,Pass,Pass,Pass,Pass,Pass,Pass,Pass,Pass,Pass,Pass,Pass,Skip,Pass,
05-28-2016,16:11:10,48.5,5,171680063682,PASS,Pass,Pass,Pass,Pass,Pass,Pass,Pass,Pass,Skip,Pass,Pass,Pass,Pass,Pass,Pass,Pass,Pass,Pass,Pass,Pass,Pass,Pass,Pass,Pass,Pass,Pass,Pass,Pass,Pass,Pass,Pass,Pass,Pass,Pass,Pass,Pass,Pass,Pass,Pass,Skip,Pass,
05-28-2016,16:11:38,45.8,2,171680063683,PASS,Pass,Pass,Pass,Pass,Pass,Pass,Pass,Pass,Skip,Pass,Pass,Pass,Pass,Pass,Pass,Pass,Pass,Pass,Pass,Pass,Pass,Pass,Pass,Pass,Pass,Pass,Pass,Pass,Pass,Pass,Pass,Pass,Pass,Pass,Pass,Pass,Pass,Pass,Pass,Skip,Pass,
05-28-2016,16:11:51,50.3,4,171680063684,PASS,Pass,Pass,Pass,Pass,Pass,Pass,Pass,Pass,Skip,Pass,Pass,Pass,Pass,Pass,Pass,Pass,Pass,Pass,Pass,Pass,Pass,Pass,Pass,Pass,Pass,Pass,Pass,Pass,Pass,Pass,Pass,Pass,Pass,Pass,Pass,Pass,Pass,Pass,Pass,Skip,Pass,
05-28-2016,16:14:13,45.5,5,171680063704,PASS,Pass,Pass,Pass,Pass,Pass,Pass,Pass,Pass,Skip,Pass,Pass,Pass,Pass,Pass,Pass,Pass,Pass,Pass,Pass,Pass,Pass,Pass,Pass,Pass,Pass,Pass,Pass,Pass,Pass,Pass,Pass,Pass,Pass,Pass,Pass,Pass,Pass,Pass,Pass,Skip,Pass,
05-28-2016,16:14:35,45.1,3,171680063705,PASS,Pass,Pass,Pass,Pass,Pass,Pass,Pass,Pass,Skip,Pass,Pass,Pass,Pass,Pass,Pass,Pass,Pass,Pass,Pass,Pass,Pass,Pass,Pass,Pass,Pass,Pass,Pass,Pass,Pass,Pass,Pass,Pass,Pass,Pass,Pass,Pass,Pass,Pass,Pass,Skip,Pass,
05-28-2016,16:14:52,45.0,1,171680063706,PASS,Pass,Pass,Pass,Pass,Pass,Pass,Pass,Pass,Skip,Pass,Pass,Pass,Pass,Pass,Pass,Pass,Pass,Pass,Pass,Pass,Pass,Pass,Pass,Pass,Pass,Pass,Pass,Pass,Pass,Pass,Pass,Pass,Pass,Pass,Pass,Pass,Pass,Pass,Pass,Skip,Pass,
05-28-2016,16:15:33,45.9,3,171680063333,PASS,Pass,Pass,Pass,Pass,Pass,Pass,Pass,Pass,Skip,Pass,Pass,Pass,Pass,Pass,Pass,Pass,Pass,Pass,Pass,Pass,Pass,Pass,Pass,Pass,Pass,Pass,Pass,Pass,Pass,Pass,Pass,Pass,Pass,Pass,Pass,Pass,Pass,Pass,Pass,Skip,Pass,
05-28-2016,16:15:38,46.2,2,171680063332,PASS,Pass,Pass,Pass,Pass,Pass,Pass,Pass,Pass,Skip,Pass,Pass,Pass,Pass,Pass,Pass,Pass,Pass,Pass,Pass,Pass,Pass,Pass,Pass,Pass,Pass,Pass,Pass,Pass,Pass,Pass,Pass,Pass,Pass,Pass,Pass,Pass,Pass,Pass,Pass,Skip,Pass,
05-28-2016,16:16:14,46.4,5,171680063335,PASS,Pass,Pass,Pass,Pass,Pass,Pass,Pass,Pass,Skip,Pass,Pass,Pass,Pass,Pass,Pass,Pass,Pass,Pass,Pass,Pass,Pass,Pass,Pass,Pass,Pass,Pass,Pass,Pass,Pass,Pass,Pass,Pass,Pass,Pass,Pass,Pass,Pass,Pass,Pass,Skip,Pass,
05-28-2016,16:16:20,46.6,4,171680063334,PASS,Pass,Pass,Pass,Pass,Pass,Pass,Pass,Pass,Skip,Pass,Pass,Pass,Pass,Pass,Pass,Pass,Pass,Pass,Pass,Pass,Pass,Pass,Pass,Pass,Pass,Pass,Pass,Pass,Pass,Pass,Pass,Pass,Pass,Pass,Pass,Pass,Pass,Pass,Pass,Skip,Pass,
05-28-2016,16:16:53,47.1,1,171680063431,PASS,Pass,Pass,Pass,Pass,Pass,Pass,Pass,Pass,Skip,Pass,Pass,Pass,Pass,Pass,Pass,Pass,Pass,Pass,Pass,Pass,Pass,Pass,Pass,Pass,Pass,Pass,Pass,Pass,Pass,Pass,Pass,Pass,Pass,Pass,Pass,Pass,Pass,Pass,Pass,Skip,Pass,
05-28-2016,16:17:00,45.1,6,171680063336,PASS,Pass,Pass,Pass,Pass,Pass,Pass,Pass,Pass,Skip,Pass,Pass,Pass,Pass,Pass,Pass,Pass,Pass,Pass,Pass,Pass,Pass,Pass,Pass,Pass,Pass,Pass,Pass,Pass,Pass,Pass,Pass,Pass,Pass,Pass,Pass,Pass,Pass,Pass,Pass,Skip,Pass,
05-28-2016,16:17:12,45.1,3,171680063432,PASS,Pass,Pass,Pass,Pass,Pass,Pass,Pass,Pass,Skip,Pass,Pass,Pass,Pass,Pass,Pass,Pass,Pass,Pass,Pass,Pass,Pass,Pass,Pass,Pass,Pass,Pass,Pass,Pass,Pass,Pass,Pass,Pass,Pass,Pass,Pass,Pass,Pass,Pass,Pass,Skip,Pass,
05-28-2016,16:17:38,44.8,2,171680063433,PASS,Pass,Pass,Pass,Pass,Pass,Pass,Pass,Pass,Skip,Pass,Pass,Pass,Pass,Pass,Pass,Pass,Pass,Pass,Pass,Pass,Pass,Pass,Pass,Pass,Pass,Pass,Pass,Pass,Pass,Pass,Pass,Pass,Pass,Pass,Pass,Pass,Pass,Pass,Pass,Skip,Pass,
05-28-2016,16:18:34,47.4,4,171680063461,PASS,Pass,Pass,Pass,Pass,Pass,Pass,Pass,Pass,Skip,Pass,Pass,Pass,Pass,Pass,Pass,Pass,Pass,Pass,Pass,Pass,Pass,Pass,Pass,Pass,Pass,Pass,Pass,Pass,Pass,Pass,Pass,Pass,Pass,Pass,Pass,Pass,Pass,Pass,Pass,Skip,Pass,
05-28-2016,16:19:15,47.1,5,171680063463,PASS,Pass,Pass,Pass,Pass,Pass,Pass,Pass,Pass,Skip,Pass,Pass,Pass,Pass,Pass,Pass,Pass,Pass,Pass,Pass,Pass,Pass,Pass,Pass,Pass,Pass,Pass,Pass,Pass,Pass,Pass,Pass,Pass,Pass,Pass,Pass,Pass,Pass,Pass,Pass,Skip,Pass,
05-28-2016,16:19:22,47.8,3,171680063462,PASS,Pass,Pass,Pass,Pass,Pass,Pass,Pass,Pass,Skip,Pass,Pass,Pass,Pass,Pass,Pass,Pass,Pass,Pass,Pass,Pass,Pass,Pass,Pass,Pass,Pass,Pass,Pass,Pass,Pass,Pass,Pass,Pass,Pass,Pass,Pass,Pass,Pass,Pass,Pass,Skip,Pass,
05-28-2016,16:20:01,46.5,6,171680063464,PASS,Pass,Pass,Pass,Pass,Pass,Pass,Pass,Pass,Skip,Pass,Pass,Pass,Pass,Pass,Pass,Pass,Pass,Pass,Pass,Pass,Pass,Pass,Pass,Pass,Pass,Pass,Pass,Pass,Pass,Pass,Pass,Pass,Pass,Pass,Pass,Pass,Pass,Pass,Pass,Skip,Pass,
05-28-2016,16:20:15,48.5,1,171680063466,PASS,Pass,Pass,Pass,Pass,Pass,Pass,Pass,Pass,Skip,Pass,Pass,Pass,Pass,Pass,Pass,Pass,Pass,Pass,Pass,Pass,Pass,Pass,Pass,Pass,Pass,Pass,Pass,Pass,Pass,Pass,Pass,Pass,Pass,Pass,Pass,Pass,Pass,Pass,Pass,Skip,Pass,
05-28-2016,16:20:46,45.0,5,171680063441,PASS,Pass,Pass,Pass,Pass,Pass,Pass,Pass,Pass,Skip,Pass,Pass,Pass,Pass,Pass,Pass,Pass,Pass,Pass,Pass,Pass,Pass,Pass,Pass,Pass,Pass,Pass,Pass,Pass,Pass,Pass,Pass,Pass,Pass,Pass,Pass,Pass,Pass,Pass,Pass,Skip,Pass,
05-28-2016,16:21:03,48.5,2,171680063442,PASS,Pass,Pass,Pass,Pass,Pass,Pass,Pass,Pass,Skip,Pass,Pass,Pass,Pass,Pass,Pass,Pass,Pass,Pass,Pass,Pass,Pass,Pass,Pass,Pass,Pass,Pass,Pass,Pass,Pass,Pass,Pass,Pass,Pass,Pass,Pass,Pass,Pass,Pass,Pass,Skip,Pass,
05-28-2016,16:21:24,45.6,4,171680063434,PASS,Pass,Pass,Pass,Pass,Pass,Pass,Pass,Pass,Skip,Pass,Pass,Pass,Pass,Pass,Pass,Pass,Pass,Pass,Pass,Pass,Pass,Pass,Pass,Pass,Pass,Pass,Pass,Pass,Pass,Pass,Pass,Pass,Pass,Pass,Pass,Pass,Pass,Pass,Pass,Skip,Pass,
05-28-2016,16:24:04,47.6,1,171680063694,PASS,Pass,Pass,Pass,Pass,Pass,Pass,Pass,Pass,Skip,Pass,Pass,Pass,Pass,Pass,Pass,Pass,Pass,Pass,Pass,Pass,Pass,Pass,Pass,Pass,Pass,Pass,Pass,Pass,Pass,Pass,Pass,Pass,Pass,Pass,Pass,Pass,Pass,Pass,Pass,Skip,Pass,
05-28-2016,16:24:21,44.6,3,171680063695,PASS,Pass,Pass,Pass,Pass,Pass,Pass,Pass,Pass,Skip,Pass,Pass,Pass,Pass,Pass,Pass,Pass,Pass,Pass,Pass,Pass,Pass,Pass,Pass,Pass,Pass,Pass,Pass,Pass,Pass,Pass,Pass,Pass,Pass,Pass,Pass,Pass,Pass,Pass,Pass,Skip,Pass,
05-28-2016,16:24:44,47.1,5,171680063696,PASS,Pass,Pass,Pass,Pass,Pass,Pass,Pass,Pass,Skip,Pass,Pass,Pass,Pass,Pass,Pass,Pass,Pass,Pass,Pass,Pass,Pass,Pass,Pass,Pass,Pass,Pass,Pass,Pass,Pass,Pass,Pass,Pass,Pass,Pass,Pass,Pass,Pass,Pass,Pass,Skip,Pass,
05-28-2016,16:25:03,46.5,2,171680063711,PASS,Pass,Pass,Pass,Pass,Pass,Pass,Pass,Pass,Skip,Pass,Pass,Pass,Pass,Pass,Pass,Pass,Pass,Pass,Pass,Pass,Pass,Pass,Pass,Pass,Pass,Pass,Pass,Pass,Pass,Pass,Pass,Pass,Pass,Pass,Pass,Pass,Pass,Pass,Pass,Skip,Pass,
05-28-2016,16:25:22,45.7,4,171680063712,PASS,Pass,Pass,Pass,Pass,Pass,Pass,Pass,Pass,Skip,Pass,Pass,Pass,Pass,Pass,Pass,Pass,Pass,Pass,Pass,Pass,Pass,Pass,Pass,Pass,Pass,Pass,Pass,Pass,Pass,Pass,Pass,Pass,Pass,Pass,Pass,Pass,Pass,Pass,Pass,Skip,Pass,
05-28-2016,16:25:45,48.0,6,171680063713,PASS,Pass,Pass,Pass,Pass,Pass,Pass,Pass,Pass,Skip,Pass,Pass,Pass,Pass,Pass,Pass,Pass,Pass,Pass,Pass,Pass,Pass,Pass,Pass,Pass,Pass,Pass,Pass,Pass,Pass,Pass,Pass,Pass,Pass,Pass,Pass,Pass,Pass,Pass,Pass,Skip,Pass,
05-28-2016,16:26:02,45.6,1,171680063714,PASS,Pass,Pass,Pass,Pass,Pass,Pass,Pass,Pass,Skip,Pass,Pass,Pass,Pass,Pass,Pass,Pass,Pass,Pass,Pass,Pass,Pass,Pass,Pass,Pass,Pass,Pass,Pass,Pass,Pass,Pass,Pass,Pass,Pass,Pass,Pass,Pass,Pass,Pass,Pass,Skip,Pass,
05-28-2016,16:26:20,44.9,3,171680063715,PASS,Pass,Pass,Pass,Pass,Pass,Pass,Pass,Pass,Skip,Pass,Pass,Pass,Pass,Pass,Pass,Pass,Pass,Pass,Pass,Pass,Pass,Pass,Pass,Pass,Pass,Pass,Pass,Pass,Pass,Pass,Pass,Pass,Pass,Pass,Pass,Pass,Pass,Pass,Pass,Skip,Pass,
05-28-2016,16:26:45,49.9,5,171680063716,PASS,Pass,Pass,Pass,Pass,Pass,Pass,Pass,Pass,Skip,Pass,Pass,Pass,Pass,Pass,Pass,Pass,Pass,Pass,Pass,Pass,Pass,Pass,Pass,Pass,Pass,Pass,Pass,Pass,Pass,Pass,Pass,Pass,Pass,Pass,Pass,Pass,Pass,Pass,Pass,Skip,Pass,
05-28-2016,16:27:03,45.9,2,171680063721,PASS,Pass,Pass,Pass,Pass,Pass,Pass,Pass,Pass,Skip,Pass,Pass,Pass,Pass,Pass,Pass,Pass,Pass,Pass,Pass,Pass,Pass,Pass,Pass,Pass,Pass,Pass,Pass,Pass,Pass,Pass,Pass,Pass,Pass,Pass,Pass,Pass,Pass,Pass,Pass,Skip,Pass,
05-28-2016,16:27:22,47.3,4,171680063722,PASS,Pass,Pass,Pass,Pass,Pass,Pass,Pass,Pass,Skip,Pass,Pass,Pass,Pass,Pass,Pass,Pass,Pass,Pass,Pass,Pass,Pass,Pass,Pass,Pass,Pass,Pass,Pass,Pass,Pass,Pass,Pass,Pass,Pass,Pass,Pass,Pass,Pass,Pass,Pass,Skip,Pass,
05-28-2016,16:27:49,52.6,6,171680063723,PASS,Pass,Pass,Pass,Pass,Pass,Pass,Pass,Pass,Skip,Pass,Pass,Pass,Pass,Pass,Pass,Pass,Pass,Pass,Pass,Pass,Pass,Pass,Pass,Pass,Pass,Pass,Pass,Pass,Pass,Pass,Pass,Pass,Pass,Pass,Pass,Pass,Pass,Pass,Pass,Skip,Pass,
05-28-2016,16:28:03,47.0,1,171680063724,PASS,Pass,Pass,Pass,Pass,Pass,Pass,Pass,Pass,Skip,Pass,Pass,Pass,Pass,Pass,Pass,Pass,Pass,Pass,Pass,Pass,Pass,Pass,Pass,Pass,Pass,Pass,Pass,Pass,Pass,Pass,Pass,Pass,Pass,Pass,Pass,Pass,Pass,Pass,Pass,Skip,Pass,
05-28-2016,16:28:21,45.5,3,171680063725,PASS,Pass,Pass,Pass,Pass,Pass,Pass,Pass,Pass,Skip,Pass,Pass,Pass,Pass,Pass,Pass,Pass,Pass,Pass,Pass,Pass,Pass,Pass,Pass,Pass,Pass,Pass,Pass,Pass,Pass,Pass,Pass,Pass,Pass,Pass,Pass,Pass,Pass,Pass,Pass,Skip,Pass,
05-28-2016,16:29:19,44.3,2,171680062942,PASS,Pass,Pass,Pass,Pass,Pass,Pass,Pass,Pass,Skip,Pass,Pass,Pass,Pass,Pass,Pass,Pass,Pass,Pass,Pass,Pass,Pass,Pass,Pass,Pass,Pass,Pass,Pass,Pass,Pass,Pass,Pass,Pass,Pass,Pass,Pass,Pass,Pass,Pass,Pass,Skip,Pass,
05-28-2016,16:29:48,47.4,4,171680062943,PASS,Pass,Pass,Pass,Pass,Pass,Pass,Pass,Pass,Skip,Pass,Pass,Pass,Pass,Pass,Pass,Pass,Pass,Pass,Pass,Pass,Pass,Pass,Pass,Pass,Pass,Pass,Pass,Pass,Pass,Pass,Pass,Pass,Pass,Pass,Pass,Pass,Pass,Pass,Pass,Skip,Pass,
05-28-2016,16:30:04,44.8,1,171680062944,PASS,Pass,Pass,Pass,Pass,Pass,Pass,Pass,Pass,Skip,Pass,Pass,Pass,Pass,Pass,Pass,Pass,Pass,Pass,Pass,Pass,Pass,Pass,Pass,Pass,Pass,Pass,Pass,Pass,Pass,Pass,Pass,Pass,Pass,Pass,Pass,Pass,Pass,Pass,Pass,Skip,Pass,
05-28-2016,16:30:32,44.4,3,171680062945,PASS,Pass,Pass,Pass,Pass,Pass,Pass,Pass,Pass,Skip,Pass,Pass,Pass,Pass,Pass,Pass,Pass,Pass,Pass,Pass,Pass,Pass,Pass,Pass,Pass,Pass,Pass,Pass,Pass,Pass,Pass,Pass,Pass,Pass,Pass,Pass,Pass,Pass,Pass,Pass,Skip,Pass,
05-28-2016,16:30:43,48.3,5,171680062946,PASS,Pass,Pass,Pass,Pass,Pass,Pass,Pass,Pass,Skip,Pass,Pass,Pass,Pass,Pass,Pass,Pass,Pass,Pass,Pass,Pass,Pass,Pass,Pass,Pass,Pass,Pass,Pass,Pass,Pass,Pass,Pass,Pass,Pass,Pass,Pass,Pass,Pass,Pass,Pass,Skip,Pass,
05-28-2016,16:30:59,46.5,2,171680062921,PASS,Pass,Pass,Pass,Pass,Pass,Pass,Pass,Pass,Skip,Pass,Pass,Pass,Pass,Pass,Pass,Pass,Pass,Pass,Pass,Pass,Pass,Pass,Pass,Pass,Pass,Pass,Pass,Pass,Pass,Pass,Pass,Pass,Pass,Pass,Pass,Pass,Pass,Pass,Pass,Skip,Pass,
05-28-2016,16:31:19,44.4,4,171680062922,PASS,Pass,Pass,Pass,Pass,Pass,Pass,Pass,Pass,Skip,Pass,Pass,Pass,Pass,Pass,Pass,Pass,Pass,Pass,Pass,Pass,Pass,Pass,Pass,Pass,Pass,Pass,Pass,Pass,Pass,Pass,Pass,Pass,Pass,Pass,Pass,Pass,Pass,Pass,Pass,Skip,Pass,
05-28-2016,16:31:40,44.3,6,171680062923,PASS,Pass,Pass,Pass,Pass,Pass,Pass,Pass,Pass,Skip,Pass,Pass,Pass,Pass,Pass,Pass,Pass,Pass,Pass,Pass,Pass,Pass,Pass,Pass,Pass,Pass,Pass,Pass,Pass,Pass,Pass,Pass,Pass,Pass,Pass,Pass,Pass,Pass,Pass,Pass,Skip,Pass,
05-28-2016,16:32:20,47.2,3,171680062925,PASS,Pass,Pass,Pass,Pass,Pass,Pass,Pass,Pass,Skip,Pass,Pass,Pass,Pass,Pass,Pass,Pass,Pass,Pass,Pass,Pass,Pass,Pass,Pass,Pass,Pass,Pass,Pass,Pass,Pass,Pass,Pass,Pass,Pass,Pass,Pass,Pass,Pass,Pass,Pass,Skip,Pass,
05-28-2016,16:32:30,49.2,5,171680062924,PASS,Pass,Pass,Pass,Pass,Pass,Pass,Pass,Pass,Skip,Pass,Pass,Pass,Pass,Pass,Pass,Pass,Pass,Pass,Pass,Pass,Pass,Pass,Pass,Pass,Pass,Pass,Pass,Pass,Pass,Pass,Pass,Pass,Pass,Pass,Pass,Pass,Pass,Pass,Pass,Skip,Pass,
05-28-2016,16:32:44,48.0,1,171680062926,PASS,Pass,Pass,Pass,Pass,Pass,Pass,Pass,Pass,Skip,Pass,Pass,Pass,Pass,Pass,Pass,Pass,Pass,Pass,Pass,Pass,Pass,Pass,Pass,Pass,Pass,Pass,Pass,Pass,Pass,Pass,Pass,Pass,Pass,Pass,Pass,Pass,Pass,Pass,Pass,Skip,Pass,
05-28-2016,16:33:25,51.5,4,171680062992,PASS,Pass,Pass,Pass,Pass,Pass,Pass,Pass,Pass,Skip,Pass,Pass,Pass,Pass,Pass,Pass,Pass,Pass,Pass,Pass,Pass,Pass,Pass,Pass,Pass,Pass,Pass,Pass,Pass,Pass,Pass,Pass,Pass,Pass,Pass,Pass,Pass,Pass,Pass,Pass,Skip,Pass,
05-28-2016,16:33:30,46.4,2,171680062991,PASS,Pass,Pass,Pass,Pass,Pass,Pass,Pass,Pass,Skip,Pass,Pass,Pass,Pass,Pass,Pass,Pass,Pass,Pass,Pass,Pass,Pass,Pass,Pass,Pass,Pass,Pass,Pass,Pass,Pass,Pass,Pass,Pass,Pass,Pass,Pass,Pass,Pass,Pass,Pass,Skip,Pass,
05-28-2016,16:33:58,45.1,5,171680062994,PASS,Pass,Pass,Pass,Pass,Pass,Pass,Pass,Pass,Skip,Pass,Pass,Pass,Pass,Pass,Pass,Pass,Pass,Pass,Pass,Pass,Pass,Pass,Pass,Pass,Pass,Pass,Pass,Pass,Pass,Pass,Pass,Pass,Pass,Pass,Pass,Pass,Pass,Pass,Pass,Skip,Pass,
05-28-2016,16:34:11,46.3,3,171680062993,PASS,Pass,Pass,Pass,Pass,Pass,Pass,Pass,Pass,Skip,Pass,Pass,Pass,Pass,Pass,Pass,Pass,Pass,Pass,Pass,Pass,Pass,Pass,Pass,Pass,Pass,Pass,Pass,Pass,Pass,Pass,Pass,Pass,Pass,Pass,Pass,Pass,Pass,Pass,Pass,Skip,Pass,
05-28-2016,16:34:46,48.2,6,171680062995,PASS,Pass,Pass,Pass,Pass,Pass,Pass,Pass,Pass,Skip,Pass,Pass,Pass,Pass,Pass,Pass,Pass,Pass,Pass,Pass,Pass,Pass,Pass,Pass,Pass,Pass,Pass,Pass,Pass,Pass,Pass,Pass,Pass,Pass,Pass,Pass,Pass,Pass,Pass,Pass,Skip,Pass,
05-28-2016,16:34:59,47.8,4,171680062996,PASS,Pass,Pass,Pass,Pass,Pass,Pass,Pass,Pass,Skip,Pass,Pass,Pass,Pass,Pass,Pass,Pass,Pass,Pass,Pass,Pass,Pass,Pass,Pass,Pass,Pass,Pass,Pass,Pass,Pass,Pass,Pass,Pass,Pass,Pass,Pass,Pass,Pass,Pass,Pass,Skip,Pass,
05-28-2016,16:36:03,45.6,1,171680062814,PASS,Pass,Pass,Pass,Pass,Pass,Pass,Pass,Pass,Skip,Pass,Pass,Pass,Pass,Pass,Pass,Pass,Pass,Pass,Pass,Pass,Pass,Pass,Pass,Pass,Pass,Pass,Pass,Pass,Pass,Pass,Pass,Pass,Pass,Pass,Pass,Pass,Pass,Pass,Pass,Skip,Pass,
05-28-2016,16:36:04,45.5,3,171680062813,PASS,Pass,Pass,Pass,Pass,Pass,Pass,Pass,Pass,Skip,Pass,Pass,Pass,Pass,Pass,Pass,Pass,Pass,Pass,Pass,Pass,Pass,Pass,Pass,Pass,Pass,Pass,Pass,Pass,Pass,Pass,Pass,Pass,Pass,Pass,Pass,Pass,Pass,Pass,Pass,Skip,Pass,
05-28-2016,16:36:48,45.0,2,171680062812,PASS,Pass,Pass,Pass,Pass,Pass,Pass,Pass,Pass,Skip,Pass,Pass,Pass,Pass,Pass,Pass,Pass,Pass,Pass,Pass,Pass,Pass,Pass,Pass,Pass,Pass,Pass,Pass,Pass,Pass,Pass,Pass,Pass,Pass,Pass,Pass,Pass,Pass,Pass,Pass,Skip,Pass,
05-28-2016,16:36:52,48.5,4,171680062811,PASS,Pass,Pass,Pass,Pass,Pass,Pass,Pass,Pass,Skip,Pass,Pass,Pass,Pass,Pass,Pass,Pass,Pass,Pass,Pass,Pass,Pass,Pass,Pass,Pass,Pass,Pass,Pass,Pass,Pass,Pass,Pass,Pass,Pass,Pass,Pass,Pass,Pass,Pass,Pass,Skip,Pass,
05-28-2016,16:38:10,44.3,1,171680062874,PASS,Pass,Pass,Pass,Pass,Pass,Pass,Pass,Pass,Skip,Pass,Pass,Pass,Pass,Pass,Pass,Pass,Pass,Pass,Pass,Pass,Pass,Pass,Pass,Pass,Pass,Pass,Pass,Pass,Pass,Pass,Pass,Pass,Pass,Pass,Pass,Pass,Pass,Pass,Pass,Skip,Pass,
05-28-2016,16:38:14,44.5,3,171680062872,PASS,Pass,Pass,Pass,Pass,Pass,Pass,Pass,Pass,Skip,Pass,Pass,Pass,Pass,Pass,Pass,Pass,Pass,Pass,Pass,Pass,Pass,Pass,Pass,Pass,Pass,Pass,Pass,Pass,Pass,Pass,Pass,Pass,Pass,Pass,Pass,Pass,Pass,Pass,Pass,Skip,Pass,
05-28-2016,16:38:55,44.8,2,171680062873,PASS,Pass,Pass,Pass,Pass,Pass,Pass,Pass,Pass,Skip,Pass,Pass,Pass,Pass,Pass,Pass,Pass,Pass,Pass,Pass,Pass,Pass,Pass,Pass,Pass,Pass,Pass,Pass,Pass,Pass,Pass,Pass,Pass,Pass,Pass,Pass,Pass,Pass,Pass,Pass,Skip,Pass,
05-28-2016,16:38:58,44.2,4,171680062871,PASS,Pass,Pass,Pass,Pass,Pass,Pass,Pass,Pass,Skip,Pass,Pass,Pass,Pass,Pass,Pass,Pass,Pass,Pass,Pass,Pass,Pass,Pass,Pass,Pass,Pass,Pass,Pass,Pass,Pass,Pass,Pass,Pass,Pass,Pass,Pass,Pass,Pass,Pass,Pass,Skip,Pass,
05-28-2016,16:39:19,51.8,5,171680062816,PASS,Pass,Pass,Pass,Pass,Pass,Pass,Pass,Pass,Skip,Pass,Pass,Pass,Pass,Pass,Pass,Pass,Pass,Pass,Pass,Pass,Pass,Pass,Pass,Pass,Pass,Pass,Pass,Pass,Pass,Pass,Pass,Pass,Pass,Pass,Pass,Pass,Pass,Pass,Pass,Skip,Pass,
05-28-2016,16:39:41,45.5,1,171680062876,PASS,Pass,Pass,Pass,Pass,Pass,Pass,Pass,Pass,Skip,Pass,Pass,Pass,Pass,Pass,Pass,Pass,Pass,Pass,Pass,Pass,Pass,Pass,Pass,Pass,Pass,Pass,Pass,Pass,Pass,Pass,Pass,Pass,Pass,Pass,Pass,Pass,Pass,Pass,Pass,Skip,Pass,
05-28-2016,16:39:44,46.1,3,171680062875,PASS,Pass,Pass,Pass,Pass,Pass,Pass,Pass,Pass,Skip,Pass,Pass,Pass,Pass,Pass,Pass,Pass,Pass,Pass,Pass,Pass,Pass,Pass,Pass,Pass,Pass,Pass,Pass,Pass,Pass,Pass,Pass,Pass,Pass,Pass,Pass,Pass,Pass,Pass,Pass,Skip,Pass,
05-28-2016,16:41:48,45.2,6,171680062844,PASS,Pass,Pass,Pass,Pass,Pass,Pass,Pass,Pass,Skip,Pass,Pass,Pass,Pass,Pass,Pass,Pass,Pass,Pass,Pass,Pass,Pass,Pass,Pass,Pass,Pass,Pass,Pass,Pass,Pass,Pass,Pass,Pass,Pass,Pass,Pass,Pass,Pass,Pass,Pass,Skip,Pass,
05-28-2016,16:41:56,47.0,4,171680062845,PASS,Pass,Pass,Pass,Pass,Pass,Pass,Pass,Pass,Skip,Pass,Pass,Pass,Pass,Pass,Pass,Pass,Pass,Pass,Pass,Pass,Pass,Pass,Pass,Pass,Pass,Pass,Pass,Pass,Pass,Pass,Pass,Pass,Pass,Pass,Pass,Pass,Pass,Pass,Pass,Skip,Pass,
05-28-2016,16:42:01,45.7,2,171680062843,PASS,Pass,Pass,Pass,Pass,Pass,Pass,Pass,Pass,Skip,Pass,Pass,Pass,Pass,Pass,Pass,Pass,Pass,Pass,Pass,Pass,Pass,Pass,Pass,Pass,Pass,Pass,Pass,Pass,Pass,Pass,Pass,Pass,Pass,Pass,Pass,Pass,Pass,Pass,Pass,Skip,Pass,
05-28-2016,16:42:36,47.7,5,171680062846,PASS,Pass,Pass,Pass,Pass,Pass,Pass,Pass,Pass,Skip,Pass,Pass,Pass,Pass,Pass,Pass,Pass,Pass,Pass,Pass,Pass,Pass,Pass,Pass,Pass,Pass,Pass,Pass,Pass,Pass,Pass,Pass,Pass,Pass,Pass,Pass,Pass,Pass,Pass,Pass,Skip,Pass,
05-28-2016,16:42:43,47.3,3,171680062842,PASS,Pass,Pass,Pass,Pass,Pass,Pass,Pass,Pass,Skip,Pass,Pass,Pass,Pass,Pass,Pass,Pass,Pass,Pass,Pass,Pass,Pass,Pass,Pass,Pass,Pass,Pass,Pass,Pass,Pass,Pass,Pass,Pass,Pass,Pass,Pass,Pass,Pass,Pass,Pass,Skip,Pass,
05-28-2016,16:43:57,48.3,3,171680063001,PASS,Pass,Pass,Pass,Pass,Pass,Pass,Pass,Pass,Skip,Pass,Pass,Pass,Pass,Pass,Pass,Pass,Pass,Pass,Pass,Pass,Pass,Pass,Pass,Pass,Pass,Pass,Pass,Pass,Pass,Pass,Pass,Pass,Pass,Pass,Pass,Pass,Pass,Pass,Pass,Skip,Pass,
05-28-2016,16:43:58,48.3,5,171680062815,PASS,Pass,Pass,Pass,Pass,Pass,Pass,Pass,Pass,Skip,Pass,Pass,Pass,Pass,Pass,Pass,Pass,Pass,Pass,Pass,Pass,Pass,Pass,Pass,Pass,Pass,Pass,Pass,Pass,Pass,Pass,Pass,Pass,Pass,Pass,Pass,Pass,Pass,Pass,Pass,Skip,Pass,
05-28-2016,16:44:44,47.2,4,171680062841,PASS,Pass,Pass,Pass,Pass,Pass,Pass,Pass,Pass,Skip,Pass,Pass,Pass,Pass,Pass,Pass,Pass,Pass,Pass,Pass,Pass,Pass,Pass,Pass,Pass,Pass,Pass,Pass,Pass,Pass,Pass,Pass,Pass,Pass,Pass,Pass,Pass,Pass,Pass,Pass,Skip,Pass,
05-28-2016,16:44:46,47.8,6,171680063003,PASS,Pass,Pass,Pass,Pass,Pass,Pass,Pass,Pass,Skip,Pass,Pass,Pass,Pass,Pass,Pass,Pass,Pass,Pass,Pass,Pass,Pass,Pass,Pass,Pass,Pass,Pass,Pass,Pass,Pass,Pass,Pass,Pass,Pass,Pass,Pass,Pass,Pass,Pass,Pass,Skip,Pass,
05-28-2016,16:45:46,44.9,1,171680063004,PASS,Pass,Pass,Pass,Pass,Pass,Pass,Pass,Pass,Skip,Pass,Pass,Pass,Pass,Pass,Pass,Pass,Pass,Pass,Pass,Pass,Pass,Pass,Pass,Pass,Pass,Pass,Pass,Pass,Pass,Pass,Pass,Pass,Pass,Pass,Pass,Pass,Pass,Pass,Pass,Skip,Pass,
05-28-2016,16:45:52,49.7,3,171680063005,PASS,Pass,Pass,Pass,Pass,Pass,Pass,Pass,Pass,Skip,Pass,Pass,Pass,Pass,Pass,Pass,Pass,Pass,Pass,Pass,Pass,Pass,Pass,Pass,Pass,Pass,Pass,Pass,Pass,Pass,Pass,Pass,Pass,Pass,Pass,Pass,Pass,Pass,Pass,Pass,Skip,Pass,
05-28-2016,16:45:53,48.4,5,171680063011,PASS,Pass,Pass,Pass,Pass,Pass,Pass,Pass,Pass,Skip,Pass,Pass,Pass,Pass,Pass,Pass,Pass,Pass,Pass,Pass,Pass,Pass,Pass,Pass,Pass,Pass,Pass,Pass,Pass,Pass,Pass,Pass,Pass,Pass,Pass,Pass,Pass,Pass,Pass,Pass,Skip,Pass,
05-28-2016,16:46:35,48.1,2,171680063006,PASS,Pass,Pass,Pass,Pass,Pass,Pass,Pass,Pass,Skip,Pass,Pass,Pass,Pass,Pass,Pass,Pass,Pass,Pass,Pass,Pass,Pass,Pass,Pass,Pass,Pass,Pass,Pass,Pass,Pass,Pass,Pass,Pass,Pass,Pass,Pass,Pass,Pass,Pass,Pass,Skip,Pass,
05-28-2016,16:49:11,44.9,1,171680063014,PASS,Pass,Pass,Pass,Pass,Pass,Pass,Pass,Pass,Skip,Pass,Pass,Pass,Pass,Pass,Pass,Pass,Pass,Pass,Pass,Pass,Pass,Pass,Pass,Pass,Pass,Pass,Pass,Pass,Pass,Pass,Pass,Pass,Pass,Pass,Pass,Pass,Pass,Pass,Pass,Skip,Pass,
05-28-2016,16:49:14,46.0,3,171680063015,PASS,Pass,Pass,Pass,Pass,Pass,Pass,Pass,Pass,Skip,Pass,Pass,Pass,Pass,Pass,Pass,Pass,Pass,Pass,Pass,Pass,Pass,Pass,Pass,Pass,Pass,Pass,Pass,Pass,Pass,Pass,Pass,Pass,Pass,Pass,Pass,Pass,Pass,Pass,Pass,Skip,Pass,
05-28-2016,16:49:57,45.7,2,171680063016,PASS,Pass,Pass,Pass,Pass,Pass,Pass,Pass,Pass,Skip,Pass,Pass,Pass,Pass,Pass,Pass,Pass,Pass,Pass,Pass,Pass,Pass,Pass,Pass,Pass,Pass,Pass,Pass,Pass,Pass,Pass,Pass,Pass,Pass,Pass,Pass,Pass,Pass,Pass,Pass,Skip,Pass,
05-28-2016,16:50:00,45.4,4,171680063051,PASS,Pass,Pass,Pass,Pass,Pass,Pass,Pass,Pass,Skip,Pass,Pass,Pass,Pass,Pass,Pass,Pass,Pass,Pass,Pass,Pass,Pass,Pass,Pass,Pass,Pass,Pass,Pass,Pass,Pass,Pass,Pass,Pass,Pass,Pass,Pass,Pass,Pass,Pass,Pass,Skip,Pass,
05-28-2016,16:52:41,45.7,1,171680063053,PASS,Pass,Pass,Pass,Pass,Pass,Pass,Pass,Pass,Skip,Pass,Pass,Pass,Pass,Pass,Pass,Pass,Pass,Pass,Pass,Pass,Pass,Pass,Pass,Pass,Pass,Pass,Pass,Pass,Pass,Pass,Pass,Pass,Pass,Pass,Pass,Pass,Pass,Pass,Pass,Skip,Pass,
05-28-2016,16:52:42,44.9,3,171680063052,PASS,Pass,Pass,Pass,Pass,Pass,Pass,Pass,Pass,Skip,Pass,Pass,Pass,Pass,Pass,Pass,Pass,Pass,Pass,Pass,Pass,Pass,Pass,Pass,Pass,Pass,Pass,Pass,Pass,Pass,Pass,Pass,Pass,Pass,Pass,Pass,Pass,Pass,Pass,Pass,Skip,Pass,
05-28-2016,16:52:44,45.7,5,171680063002,PASS,Pass,Pass,Pass,Pass,Pass,Pass,Pass,Pass,Skip,Pass,Pass,Pass,Pass,Pass,Pass,Pass,Pass,Pass,Pass,Pass,Pass,Pass,Pass,Pass,Pass,Pass,Pass,Pass,Pass,Pass,Pass,Pass,Pass,Pass,Pass,Pass,Pass,Pass,Pass,Skip,Pass,
05-28-2016,16:56:14,45.0,5,171680063054,PASS,Pass,Pass,Pass,Pass,Pass,Pass,Pass,Pass,Skip,Pass,Pass,Pass,Pass,Pass,Pass,Pass,Pass,Pass,Pass,Pass,Pass,Pass,Pass,Pass,Pass,Pass,Pass,Pass,Pass,Pass,Pass,Pass,Pass,Pass,Pass,Pass,Pass,Pass,Pass,Skip,Pass,
05-28-2016,16:57:07,46.8,1,171680063055,PASS,Pass,Pass,Pass,Pass,Pass,Pass,Pass,Pass,Skip,Pass,Pass,Pass,Pass,Pass,Pass,Pass,Pass,Pass,Pass,Pass,Pass,Pass,Pass,Pass,Pass,Pass,Pass,Pass,Pass,Pass,Pass,Pass,Pass,Pass,Pass,Pass,Pass,Pass,Pass,Skip,Pass,
05-28-2016,16:58:13,45.1,3,171680063056,PASS,Pass,Pass,Pass,Pass,Pass,Pass,Pass,Pass,Skip,Pass,Pass,Pass,Pass,Pass,Pass,Pass,Pass,Pass,Pass,Pass,Pass,Pass,Pass,Pass,Pass,Pass,Pass,Pass,Pass,Pass,Pass,Pass,Pass,Pass,Pass,Pass,Pass,Pass,Pass,Skip,Pass,
05-28-2016,16:58:33,45.9,2,171680063041,PASS,Pass,Pass,Pass,Pass,Pass,Pass,Pass,Pass,Skip,Pass,Pass,Pass,Pass,Pass,Pass,Pass,Pass,Pass,Pass,Pass,Pass,Pass,Pass,Pass,Pass,Pass,Pass,Pass,Pass,Pass,Pass,Pass,Pass,Pass,Pass,Pass,Pass,Pass,Pass,Skip,Pass,
05-28-2016,16:58:58,44.9,4,171680063042,PASS,Pass,Pass,Pass,Pass,Pass,Pass,Pass,Pass,Skip,Pass,Pass,Pass,Pass,Pass,Pass,Pass,Pass,Pass,Pass,Pass,Pass,Pass,Pass,Pass,Pass,Pass,Pass,Pass,Pass,Pass,Pass,Pass,Pass,Pass,Pass,Pass,Pass,Pass,Pass,Skip,Pass,
05-28-2016,16:59:17,46.2,6,171680063043,PASS,Pass,Pass,Pass,Pass,Pass,Pass,Pass,Pass,Skip,Pass,Pass,Pass,Pass,Pass,Pass,Pass,Pass,Pass,Pass,Pass,Pass,Pass,Pass,Pass,Pass,Pass,Pass,Pass,Pass,Pass,Pass,Pass,Pass,Pass,Pass,Pass,Pass,Pass,Pass,Skip,Pass,
05-28-2016,17:00:34,47.2,1,171680063044,PASS,Pass,Pass,Pass,Pass,Pass,Pass,Pass,Pass,Skip,Pass,Pass,Pass,Pass,Pass,Pass,Pass,Pass,Pass,Pass,Pass,Pass,Pass,Pass,Pass,Pass,Pass,Pass,Pass,Pass,Pass,Pass,Pass,Pass,Pass,Pass,Pass,Pass,Pass,Pass,Skip,Pass,
05-28-2016,17:00:41,47.4,3,171680063045,PASS,Pass,Pass,Pass,Pass,Pass,Pass,Pass,Pass,Skip,Pass,Pass,Pass,Pass,Pass,Pass,Pass,Pass,Pass,Pass,Pass,Pass,Pass,Pass,Pass,Pass,Pass,Pass,Pass,Pass,Pass,Pass,Pass,Pass,Pass,Pass,Pass,Pass,Pass,Pass,Skip,Pass,
05-28-2016,17:01:34,45.1,2,171680063046,PASS,Pass,Pass,Pass,Pass,Pass,Pass,Pass,Pass,Skip,Pass,Pass,Pass,Pass,Pass,Pass,Pass,Pass,Pass,Pass,Pass,Pass,Pass,Pass,Pass,Pass,Pass,Pass,Pass,Pass,Pass,Pass,Pass,Pass,Pass,Pass,Pass,Pass,Pass,Pass,Skip,Pass,
05-28-2016,17:02:27,46.5,1,171680063071,PASS,Pass,Pass,Pass,Pass,Pass,Pass,Pass,Pass,Skip,Pass,Pass,Pass,Pass,Pass,Pass,Pass,Pass,Pass,Pass,Pass,Pass,Pass,Pass,Pass,Pass,Pass,Pass,Pass,Pass,Pass,Pass,Pass,Pass,Pass,Pass,Pass,Pass,Pass,Pass,Skip,Pass,
05-28-2016,17:02:49,44.9,4,171680063072,PASS,Pass,Pass,Pass,Pass,Pass,Pass,Pass,Pass,Skip,Pass,Pass,Pass,Pass,Pass,Pass,Pass,Pass,Pass,Pass,Pass,Pass,Pass,Pass,Pass,Pass,Pass,Pass,Pass,Pass,Pass,Pass,Pass,Pass,Pass,Pass,Pass,Pass,Pass,Pass,Skip,Pass,
05-28-2016,17:03:17,49.3,5,171680063073,PASS,Pass,Pass,Pass,Pass,Pass,Pass,Pass,Pass,Skip,Pass,Pass,Pass,Pass,Pass,Pass,Pass,Pass,Pass,Pass,Pass,Pass,Pass,Pass,Pass,Pass,Pass,Pass,Pass,Pass,Pass,Pass,Pass,Pass,Pass,Pass,Pass,Pass,Pass,Pass,Skip,Pass,
05-28-2016,17:03:39,49.9,3,171680063074,PASS,Pass,Pass,Pass,Pass,Pass,Pass,Pass,Pass,Skip,Pass,Pass,Pass,Pass,Pass,Pass,Pass,Pass,Pass,Pass,Pass,Pass,Pass,Pass,Pass,Pass,Pass,Pass,Pass,Pass,Pass,Pass,Pass,Pass,Pass,Pass,Pass,Pass,Pass,Pass,Skip,Pass,
05-28-2016,17:04:06,48.1,6,171680063075,PASS,Pass,Pass,Pass,Pass,Pass,Pass,Pass,Pass,Skip,Pass,Pass,Pass,Pass,Pass,Pass,Pass,Pass,Pass,Pass,Pass,Pass,Pass,Pass,Pass,Pass,Pass,Pass,Pass,Pass,Pass,Pass,Pass,Pass,Pass,Pass,Pass,Pass,Pass,Pass,Skip,Pass,
05-28-2016,17:04:27,47.3,4,171680063076,PASS,Pass,Pass,Pass,Pass,Pass,Pass,Pass,Pass,Skip,Pass,Pass,Pass,Pass,Pass,Pass,Pass,Pass,Pass,Pass,Pass,Pass,Pass,Pass,Pass,Pass,Pass,Pass,Pass,Pass,Pass,Pass,Pass,Pass,Pass,Pass,Pass,Pass,Pass,Pass,Skip,Pass,
05-28-2016,17:04:50,45.0,1,171680063021,PASS,Pass,Pass,Pass,Pass,Pass,Pass,Pass,Pass,Skip,Pass,Pass,Pass,Pass,Pass,Pass,Pass,Pass,Pass,Pass,Pass,Pass,Pass,Pass,Pass,Pass,Pass,Pass,Pass,Pass,Pass,Pass,Pass,Pass,Pass,Pass,Pass,Pass,Pass,Pass,Skip,Pass,
05-28-2016,17:05:27,45.7,5,171680063024,PASS,Pass,Pass,Pass,Pass,Pass,Pass,Pass,Pass,Skip,Pass,Pass,Pass,Pass,Pass,Pass,Pass,Pass,Pass,Pass,Pass,Pass,Pass,Pass,Pass,Pass,Pass,Pass,Pass,Pass,Pass,Pass,Pass,Pass,Pass,Pass,Pass,Pass,Pass,Pass,Skip,Pass,
05-28-2016,17:05:36,45.6,2,171680063022,PASS,Pass,Pass,Pass,Pass,Pass,Pass,Pass,Pass,Skip,Pass,Pass,Pass,Pass,Pass,Pass,Pass,Pass,Pass,Pass,Pass,Pass,Pass,Pass,Pass,Pass,Pass,Pass,Pass,Pass,Pass,Pass,Pass,Pass,Pass,Pass,Pass,Pass,Pass,Pass,Skip,Pass,
05-28-2016,17:08:45,45.8,3,171680063025,PASS,Pass,Pass,Pass,Pass,Pass,Pass,Pass,Pass,Skip,Pass,Pass,Pass,Pass,Pass,Pass,Pass,Pass,Pass,Pass,Pass,Pass,Pass,Pass,Pass,Pass,Pass,Pass,Pass,Pass,Pass,Pass,Pass,Pass,Pass,Pass,Pass,Pass,Pass,Pass,Skip,Pass,
05-28-2016,17:08:47,49.7,1,171680063026,PASS,Pass,Pass,Pass,Pass,Pass,Pass,Pass,Pass,Skip,Pass,Pass,Pass,Pass,Pass,Pass,Pass,Pass,Pass,Pass,Pass,Pass,Pass,Pass,Pass,Pass,Pass,Pass,Pass,Pass,Pass,Pass,Pass,Pass,Pass,Pass,Pass,Pass,Pass,Pass,Skip,Pass,
05-28-2016,17:08:49,48.7,5,171680063031,PASS,Pass,Pass,Pass,Pass,Pass,Pass,Pass,Pass,Skip,Pass,Pass,Pass,Pass,Pass,Pass,Pass,Pass,Pass,Pass,Pass,Pass,Pass,Pass,Pass,Pass,Pass,Pass,Pass,Pass,Pass,Pass,Pass,Pass,Pass,Pass,Pass,Pass,Pass,Pass,Skip,Pass,
05-28-2016,17:09:34,47.1,2,171680063032,PASS,Pass,Pass,Pass,Pass,Pass,Pass,Pass,Pass,Skip,Pass,Pass,Pass,Pass,Pass,Pass,Pass,Pass,Pass,Pass,Pass,Pass,Pass,Pass,Pass,Pass,Pass,Pass,Pass,Pass,Pass,Pass,Pass,Pass,Pass,Pass,Pass,Pass,Pass,Pass,Skip,Pass,
05-28-2016,17:09:36,50.0,4,171680063033,PASS,Pass,Pass,Pass,Pass,Pass,Pass,Pass,Pass,Skip,Pass,Pass,Pass,Pass,Pass,Pass,Pass,Pass,Pass,Pass,Pass,Pass,Pass,Pass,Pass,Pass,Pass,Pass,Pass,Pass,Pass,Pass,Pass,Pass,Pass,Pass,Pass,Pass,Pass,Pass,Skip,Pass,
05-28-2016,17:09:49,45.9,6,171680063034,PASS,Pass,Pass,Pass,Pass,Pass,Pass,Pass,Pass,Skip,Pass,Pass,Pass,Pass,Pass,Pass,Pass,Pass,Pass,Pass,Pass,Pass,Pass,Pass,Pass,Pass,Pass,Pass,Pass,Pass,Pass,Pass,Pass,Pass,Pass,Pass,Pass,Pass,Pass,Pass,Skip,Pass,
05-28-2016,17:10:20,46.2,1,171680063035,PASS,Pass,Pass,Pass,Pass,Pass,Pass,Pass,Pass,Skip,Pass,Pass,Pass,Pass,Pass,Pass,Pass,Pass,Pass,Pass,Pass,Pass,Pass,Pass,Pass,Pass,Pass,Pass,Pass,Pass,Pass,Pass,Pass,Pass,Pass,Pass,Pass,Pass,Pass,Pass,Skip,Pass,
05-28-2016,17:10:27,44.2,3,171680063036,PASS,Pass,Pass,Pass,Pass,Pass,Pass,Pass,Pass,Skip,Pass,Pass,Pass,Pass,Pass,Pass,Pass,Pass,Pass,Pass,Pass,Pass,Pass,Pass,Pass,Pass,Pass,Pass,Pass,Pass,Pass,Pass,Pass,Pass,Pass,Pass,Pass,Pass,Pass,Pass,Skip,Pass,
05-28-2016,17:11:06,48.7,5,171680062581,PASS,Pass,Pass,Pass,Pass,Pass,Pass,Pass,Pass,Skip,Pass,Pass,Pass,Pass,Pass,Pass,Pass,Pass,Pass,Pass,Pass,Pass,Pass,Pass,Pass,Pass,Pass,Pass,Pass,Pass,Pass,Pass,Pass,Pass,Pass,Pass,Pass,Pass,Pass,Pass,Skip,Pass,
05-28-2016,17:11:24,46.6,3,171680062582,PASS,Pass,Pass,Pass,Pass,Pass,Pass,Pass,Pass,Skip,Pass,Pass,Pass,Pass,Pass,Pass,Pass,Pass,Pass,Pass,Pass,Pass,Pass,Pass,Pass,Pass,Pass,Pass,Pass,Pass,Pass,Pass,Pass,Pass,Pass,Pass,Pass,Pass,Pass,Pass,Skip,Pass,
05-28-2016,17:11:53,47.4,6,171680062583,PASS,Pass,Pass,Pass,Pass,Pass,Pass,Pass,Pass,Skip,Pass,Pass,Pass,Pass,Pass,Pass,Pass,Pass,Pass,Pass,Pass,Pass,Pass,Pass,Pass,Pass,Pass,Pass,Pass,Pass,Pass,Pass,Pass,Pass,Pass,Pass,Pass,Pass,Pass,Pass,Skip,Pass,
05-28-2016,17:13:40,44.0,1,171680062586,PASS,Pass,Pass,Pass,Pass,Pass,Pass,Pass,Pass,Skip,Pass,Pass,Pass,Pass,Pass,Pass,Pass,Pass,Pass,Pass,Pass,Pass,Pass,Pass,Pass,Pass,Pass,Pass,Pass,Pass,Pass,Pass,Pass,Pass,Pass,Pass,Pass,Pass,Pass,Pass,Skip,Pass,
05-28-2016,17:13:51,48.6,3,171680062584,PASS,Pass,Pass,Pass,Pass,Pass,Pass,Pass,Pass,Skip,Pass,Pass,Pass,Pass,Pass,Pass,Pass,Pass,Pass,Pass,Pass,Pass,Pass,Pass,Pass,Pass,Pass,Pass,Pass,Pass,Pass,Pass,Pass,Pass,Pass,Pass,Pass,Pass,Pass,Pass,Skip,Pass,
05-28-2016,17:14:25,45.0,2,171680062585,PASS,Pass,Pass,Pass,Pass,Pass,Pass,Pass,Pass,Skip,Pass,Pass,Pass,Pass,Pass,Pass,Pass,Pass,Pass,Pass,Pass,Pass,Pass,Pass,Pass,Pass,Pass,Pass,Pass,Pass,Pass,Pass,Pass,Pass,Pass,Pass,Pass,Pass,Pass,Pass,Skip,Pass,
05-28-2016,17:14:36,45.2,4,171680063081,PASS,Pass,Pass,Pass,Pass,Pass,Pass,Pass,Pass,Skip,Pass,Pass,Pass,Pass,Pass,Pass,Pass,Pass,Pass,Pass,Pass,Pass,Pass,Pass,Pass,Pass,Pass,Pass,Pass,Pass,Pass,Pass,Pass,Pass,Pass,Pass,Pass,Pass,Pass,Pass,Skip,Pass,
05-28-2016,17:20:39,44.8,1,171680063082,PASS,Pass,Pass,Pass,Pass,Pass,Pass,Pass,Pass,Skip,Pass,Pass,Pass,Pass,Pass,Pass,Pass,Pass,Pass,Pass,Pass,Pass,Pass,Pass,Pass,Pass,Pass,Pass,Pass,Pass,Pass,Pass,Pass,Pass,Pass,Pass,Pass,Pass,Pass,Pass,Skip,Pass,
05-28-2016,17:20:59,46.0,3,171680063083,PASS,Pass,Pass,Pass,Pass,Pass,Pass,Pass,Pass,Skip,Pass,Pass,Pass,Pass,Pass,Pass,Pass,Pass,Pass,Pass,Pass,Pass,Pass,Pass,Pass,Pass,Pass,Pass,Pass,Pass,Pass,Pass,Pass,Pass,Pass,Pass,Pass,Pass,Pass,Pass,Skip,Pass,
05-28-2016,17:21:26,46.3,2,171680063084,PASS,Pass,Pass,Pass,Pass,Pass,Pass,Pass,Pass,Skip,Pass,Pass,Pass,Pass,Pass,Pass,Pass,Pass,Pass,Pass,Pass,Pass,Pass,Pass,Pass,Pass,Pass,Pass,Pass,Pass,Pass,Pass,Pass,Pass,Pass,Pass,Pass,Pass,Pass,Pass,Skip,Pass,
05-28-2016,17:22:05,45.1,4,171680063086,PASS,Pass,Pass,Pass,Pass,Pass,Pass,Pass,Pass,Skip,Pass,Pass,Pass,Pass,Pass,Pass,Pass,Pass,Pass,Pass,Pass,Pass,Pass,Pass,Pass,Pass,Pass,Pass,Pass,Pass,Pass,Pass,Pass,Pass,Pass,Pass,Pass,Pass,Pass,Pass,Skip,Pass,
05-28-2016,17:22:11,45.6,1,171680063085,PASS,Pass,Pass,Pass,Pass,Pass,Pass,Pass,Pass,Skip,Pass,Pass,Pass,Pass,Pass,Pass,Pass,Pass,Pass,Pass,Pass,Pass,Pass,Pass,Pass,Pass,Pass,Pass,Pass,Pass,Pass,Pass,Pass,Pass,Pass,Pass,Pass,Pass,Pass,Pass,Skip,Pass,
05-28-2016,17:22:52,46.4,3,171680063111,PASS,Pass,Pass,Pass,Pass,Pass,Pass,Pass,Pass,Skip,Pass,Pass,Pass,Pass,Pass,Pass,Pass,Pass,Pass,Pass,Pass,Pass,Pass,Pass,Pass,Pass,Pass,Pass,Pass,Pass,Pass,Pass,Pass,Pass,Pass,Pass,Pass,Pass,Pass,Pass,Skip,Pass,
05-28-2016,17:22:58,46.2,2,171680063112,PASS,Pass,Pass,Pass,Pass,Pass,Pass,Pass,Pass,Skip,Pass,Pass,Pass,Pass,Pass,Pass,Pass,Pass,Pass,Pass,Pass,Pass,Pass,Pass,Pass,Pass,Pass,Pass,Pass,Pass,Pass,Pass,Pass,Pass,Pass,Pass,Pass,Pass,Pass,Pass,Skip,Pass,
05-28-2016,17:23:11,53.5,5,171680063113,PASS,Pass,Pass,Pass,Pass,Pass,Pass,Pass,Pass,Skip,Pass,Pass,Pass,Pass,Pass,Pass,Pass,Pass,Pass,Pass,Pass,Pass,Pass,Pass,Pass,Pass,Pass,Pass,Pass,Pass,Pass,Pass,Pass,Pass,Pass,Pass,Pass,Pass,Pass,Pass,Skip,Pass,
05-28-2016,17:23:37,45.1,4,171680063114,PASS,Pass,Pass,Pass,Pass,Pass,Pass,Pass,Pass,Skip,Pass,Pass,Pass,Pass,Pass,Pass,Pass,Pass,Pass,Pass,Pass,Pass,Pass,Pass,Pass,Pass,Pass,Pass,Pass,Pass,Pass,Pass,Pass,Pass,Pass,Pass,Pass,Pass,Pass,Pass,Skip,Pass,
05-28-2016,17:24:00,48.5,1,171680063115,PASS,Pass,Pass,Pass,Pass,Pass,Pass,Pass,Pass,Skip,Pass,Pass,Pass,Pass,Pass,Pass,Pass,Pass,Pass,Pass,Pass,Pass,Pass,Pass,Pass,Pass,Pass,Pass,Pass,Pass,Pass,Pass,Pass,Pass,Pass,Pass,Pass,Pass,Pass,Pass,Skip,Pass,
05-28-2016,17:24:42,50.2,6,171680063121,PASS,Pass,Pass,Pass,Pass,Pass,Pass,Pass,Pass,Skip,Pass,Pass,Pass,Pass,Pass,Pass,Pass,Pass,Pass,Pass,Pass,Pass,Pass,Pass,Pass,Pass,Pass,Pass,Pass,Pass,Pass,Pass,Pass,Pass,Pass,Pass,Pass,Pass,Pass,Pass,Skip,Pass,
05-28-2016,17:24:47,46.5,2,171680063116,PASS,Pass,Pass,Pass,Pass,Pass,Pass,Pass,Pass,Skip,Pass,Pass,Pass,Pass,Pass,Pass,Pass,Pass,Pass,Pass,Pass,Pass,Pass,Pass,Pass,Pass,Pass,Pass,Pass,Pass,Pass,Pass,Pass,Pass,Pass,Pass,Pass,Pass,Pass,Pass,Skip,Pass,
05-28-2016,17:25:49,45.7,2,171680063124,PASS,Pass,Pass,Pass,Pass,Pass,Pass,Pass,Pass,Skip,Pass,Pass,Pass,Pass,Pass,Pass,Pass,Pass,Pass,Pass,Pass,Pass,Pass,Pass,Pass,Pass,Pass,Pass,Pass,Pass,Pass,Pass,Pass,Pass,Pass,Pass,Pass,Pass,Pass,Pass,Skip,Pass,
05-28-2016,17:25:50,46.0,3,171680063123,PASS,Pass,Pass,Pass,Pass,Pass,Pass,Pass,Pass,Skip,Pass,Pass,Pass,Pass,Pass,Pass,Pass,Pass,Pass,Pass,Pass,Pass,Pass,Pass,Pass,Pass,Pass,Pass,Pass,Pass,Pass,Pass,Pass,Pass,Pass,Pass,Pass,Pass,Pass,Pass,Skip,Pass,
05-28-2016,17:25:53,45.0,5,171680063125,PASS,Pass,Pass,Pass,Pass,Pass,Pass,Pass,Pass,Skip,Pass,Pass,Pass,Pass,Pass,Pass,Pass,Pass,Pass,Pass,Pass,Pass,Pass,Pass,Pass,Pass,Pass,Pass,Pass,Pass,Pass,Pass,Pass,Pass,Pass,Pass,Pass,Pass,Pass,Pass,Skip,Pass,
05-28-2016,17:26:36,46.1,4,171680063122,PASS,Pass,Pass,Pass,Pass,Pass,Pass,Pass,Pass,Skip,Pass,Pass,Pass,Pass,Pass,Pass,Pass,Pass,Pass,Pass,Pass,Pass,Pass,Pass,Pass,Pass,Pass,Pass,Pass,Pass,Pass,Pass,Pass,Pass,Pass,Pass,Pass,Pass,Pass,Pass,Skip,Pass,
05-28-2016,17:58:53,48.0,1,171680063133,PASS,Pass,Pass,Pass,Pass,Pass,Pass,Pass,Pass,Skip,Pass,Pass,Pass,Pass,Pass,Pass,Pass,Pass,Pass,Pass,Pass,Pass,Pass,Pass,Pass,Pass,Pass,Pass,Pass,Pass,Pass,Pass,Pass,Pass,Pass,Pass,Pass,Pass,Pass,Pass,Skip,Pass,
05-28-2016,17:58:53,44.1,5,171680063131,PASS,Pass,Pass,Pass,Pass,Pass,Pass,Pass,Pass,Skip,Pass,Pass,Pass,Pass,Pass,Pass,Pass,Pass,Pass,Pass,Pass,Pass,Pass,Pass,Pass,Pass,Pass,Pass,Pass,Pass,Pass,Pass,Pass,Pass,Pass,Pass,Pass,Pass,Pass,Pass,Skip,Pass,
05-28-2016,17:58:53,45.6,3,171680063132,PASS,Pass,Pass,Pass,Pass,Pass,Pass,Pass,Pass,Skip,Pass,Pass,Pass,Pass,Pass,Pass,Pass,Pass,Pass,Pass,Pass,Pass,Pass,Pass,Pass,Pass,Pass,Pass,Pass,Pass,Pass,Pass,Pass,Pass,Pass,Pass,Pass,Pass,Pass,Pass,Skip,Pass,
05-28-2016,17:59:38,45.1,4,171680063134,PASS,Pass,Pass,Pass,Pass,Pass,Pass,Pass,Pass,Skip,Pass,Pass,Pass,Pass,Pass,Pass,Pass,Pass,Pass,Pass,Pass,Pass,Pass,Pass,Pass,Pass,Pass,Pass,Pass,Pass,Pass,Pass,Pass,Pass,Pass,Pass,Pass,Pass,Pass,Pass,Skip,Pass,
05-28-2016,17:59:39,46.0,2,171680063126,PASS,Pass,Pass,Pass,Pass,Pass,Pass,Pass,Pass,Skip,Pass,Pass,Pass,Pass,Pass,Pass,Pass,Pass,Pass,Pass,Pass,Pass,Pass,Pass,Pass,Pass,Pass,Pass,Pass,Pass,Pass,Pass,Pass,Pass,Pass,Pass,Pass,Pass,Pass,Pass,Skip,Pass,
05-28-2016,17:59:58,47.2,6,171680063135,PASS,Pass,Pass,Pass,Pass,Pass,Pass,Pass,Pass,Skip,Pass,Pass,Pass,Pass,Pass,Pass,Pass,Pass,Pass,Pass,Pass,Pass,Pass,Pass,Pass,Pass,Pass,Pass,Pass,Pass,Pass,Pass,Pass,Pass,Pass,Pass,Pass,Pass,Pass,Pass,Skip,Pass,
05-28-2016,18:01:29,46.6,3,171680063136,PASS,Pass,Pass,Pass,Pass,Pass,Pass,Pass,Pass,Skip,Pass,Pass,Pass,Pass,Pass,Pass,Pass,Pass,Pass,Pass,Pass,Pass,Pass,Pass,Pass,Pass,Pass,Pass,Pass,Pass,Pass,Pass,Pass,Pass,Pass,Pass,Pass,Pass,Pass,Pass,Skip,Pass,
05-28-2016,18:01:29,47.9,1,171680063151,PASS,Pass,Pass,Pass,Pass,Pass,Pass,Pass,Pass,Skip,Pass,Pass,Pass,Pass,Pass,Pass,Pass,Pass,Pass,Pass,Pass,Pass,Pass,Pass,Pass,Pass,Pass,Pass,Pass,Pass,Pass,Pass,Pass,Pass,Pass,Pass,Pass,Pass,Pass,Pass,Skip,Pass,
05-28-2016,18:01:40,47.1,5,171680063152,PASS,Pass,Pass,Pass,Pass,Pass,Pass,Pass,Pass,Skip,Pass,Pass,Pass,Pass,Pass,Pass,Pass,Pass,Pass,Pass,Pass,Pass,Pass,Pass,Pass,Pass,Pass,Pass,Pass,Pass,Pass,Pass,Pass,Pass,Pass,Pass,Pass,Pass,Pass,Pass,Skip,Pass,
05-28-2016,18:02:18,48.6,2,171680063153,PASS,Pass,Pass,Pass,Pass,Pass,Pass,Pass,Pass,Skip,Pass,Pass,Pass,Pass,Pass,Pass,Pass,Pass,Pass,Pass,Pass,Pass,Pass,Pass,Pass,Pass,Pass,Pass,Pass,Pass,Pass,Pass,Pass,Pass,Pass,Pass,Pass,Pass,Pass,Pass,Skip,Pass,
05-28-2016,18:02:22,45.6,4,171680063154,PASS,Pass,Pass,Pass,Pass,Pass,Pass,Pass,Pass,Skip,Pass,Pass,Pass,Pass,Pass,Pass,Pass,Pass,Pass,Pass,Pass,Pass,Pass,Pass,Pass,Pass,Pass,Pass,Pass,Pass,Pass,Pass,Pass,Pass,Pass,Pass,Pass,Pass,Pass,Pass,Skip,Pass,
05-28-2016,18:02:42,46.6,6,171680063155,PASS,Pass,Pass,Pass,Pass,Pass,Pass,Pass,Pass,Skip,Pass,Pass,Pass,Pass,Pass,Pass,Pass,Pass,Pass,Pass,Pass,Pass,Pass,Pass,Pass,Pass,Pass,Pass,Pass,Pass,Pass,Pass,Pass,Pass,Pass,Pass,Pass,Pass,Pass,Pass,Skip,Pass,
05-28-2016,18:03:11,47.6,2,171680063156,PASS,Pass,Pass,Pass,Pass,Pass,Pass,Pass,Pass,Skip,Pass,Pass,Pass,Pass,Pass,Pass,Pass,Pass,Pass,Pass,Pass,Pass,Pass,Pass,Pass,Pass,Pass,Pass,Pass,Pass,Pass,Pass,Pass,Pass,Pass,Pass,Pass,Pass,Pass,Pass,Skip,Pass,
05-28-2016,18:03:21,45.5,4,171680063061,PASS,Pass,Pass,Pass,Pass,Pass,Pass,Pass,Pass,Skip,Pass,Pass,Pass,Pass,Pass,Pass,Pass,Pass,Pass,Pass,Pass,Pass,Pass,Pass,Pass,Pass,Pass,Pass,Pass,Pass,Pass,Pass,Pass,Pass,Pass,Pass,Pass,Pass,Pass,Pass,Skip,Pass,
05-28-2016,18:03:56,45.6,1,171680063062,PASS,Pass,Pass,Pass,Pass,Pass,Pass,Pass,Pass,Skip,Pass,Pass,Pass,Pass,Pass,Pass,Pass,Pass,Pass,Pass,Pass,Pass,Pass,Pass,Pass,Pass,Pass,Pass,Pass,Pass,Pass,Pass,Pass,Pass,Pass,Pass,Pass,Pass,Pass,Pass,Skip,Pass,
05-28-2016,18:04:09,48.0,3,171680063063,PASS,Pass,Pass,Pass,Pass,Pass,Pass,Pass,Pass,Skip,Pass,Pass,Pass,Pass,Pass,Pass,Pass,Pass,Pass,Pass,Pass,Pass,Pass,Pass,Pass,Pass,Pass,Pass,Pass,Pass,Pass,Pass,Pass,Pass,Pass,Pass,Pass,Pass,Pass,Pass,Skip,Pass,
05-28-2016,18:04:21,46.6,5,171680063064,PASS,Pass,Pass,Pass,Pass,Pass,Pass,Pass,Pass,Skip,Pass,Pass,Pass,Pass,Pass,Pass,Pass,Pass,Pass,Pass,Pass,Pass,Pass,Pass,Pass,Pass,Pass,Pass,Pass,Pass,Pass,Pass,Pass,Pass,Pass,Pass,Pass,Pass,Pass,Pass,Skip,Pass,
05-28-2016,18:05:42,47.6,3,171680062831,PASS,Pass,Pass,Pass,Pass,Pass,Pass,Pass,Pass,Skip,Pass,Pass,Pass,Pass,Pass,Pass,Pass,Pass,Pass,Pass,Pass,Pass,Pass,Pass,Pass,Pass,Pass,Pass,Pass,Pass,Pass,Pass,Pass,Pass,Pass,Pass,Pass,Pass,Pass,Pass,Skip,Pass,
05-28-2016,18:05:45,44.9,6,171680062832,PASS,Pass,Pass,Pass,Pass,Pass,Pass,Pass,Pass,Skip,Pass,Pass,Pass,Pass,Pass,Pass,Pass,Pass,Pass,Pass,Pass,Pass,Pass,Pass,Pass,Pass,Pass,Pass,Pass,Pass,Pass,Pass,Pass,Pass,Pass,Pass,Pass,Pass,Pass,Pass,Skip,Pass,
05-28-2016,18:06:28,46.4,4,171680063066,PASS,Pass,Pass,Pass,Pass,Pass,Pass,Pass,Pass,Skip,Pass,Pass,Pass,Pass,Pass,Pass,Pass,Pass,Pass,Pass,Pass,Pass,Pass,Pass,Pass,Pass,Pass,Pass,Pass,Pass,Pass,Pass,Pass,Pass,Pass,Pass,Pass,Pass,Pass,Pass,Skip,Pass,
05-28-2016,18:07:19,44.1,1,171680062836,PASS,Pass,Pass,Pass,Pass,Pass,Pass,Pass,Pass,Skip,Pass,Pass,Pass,Pass,Pass,Pass,Pass,Pass,Pass,Pass,Pass,Pass,Pass,Pass,Pass,Pass,Pass,Pass,Pass,Pass,Pass,Pass,Pass,Pass,Pass,Pass,Pass,Pass,Pass,Pass,Skip,Pass,
05-28-2016,18:07:25,47.6,3,171680062834,PASS,Pass,Pass,Pass,Pass,Pass,Pass,Pass,Pass,Skip,Pass,Pass,Pass,Pass,Pass,Pass,Pass,Pass,Pass,Pass,Pass,Pass,Pass,Pass,Pass,Pass,Pass,Pass,Pass,Pass,Pass,Pass,Pass,Pass,Pass,Pass,Pass,Pass,Pass,Pass,Skip,Pass,
05-28-2016,18:07:27,48.1,5,171680062833,PASS,Pass,Pass,Pass,Pass,Pass,Pass,Pass,Pass,Skip,Pass,Pass,Pass,Pass,Pass,Pass,Pass,Pass,Pass,Pass,Pass,Pass,Pass,Pass,Pass,Pass,Pass,Pass,Pass,Pass,Pass,Pass,Pass,Pass,Pass,Pass,Pass,Pass,Pass,Pass,Skip,Pass,
05-28-2016,18:08:05,45.4,2,171680062835,PASS,Pass,Pass,Pass,Pass,Pass,Pass,Pass,Pass,Skip,Pass,Pass,Pass,Pass,Pass,Pass,Pass,Pass,Pass,Pass,Pass,Pass,Pass,Pass,Pass,Pass,Pass,Pass,Pass,Pass,Pass,Pass,Pass,Pass,Pass,Pass,Pass,Pass,Pass,Pass,Skip,Pass,
05-28-2016,18:08:14,47.2,6,171680063171,PASS,Pass,Pass,Pass,Pass,Pass,Pass,Pass,Pass,Skip,Pass,Pass,Pass,Pass,Pass,Pass,Pass,Pass,Pass,Pass,Pass,Pass,Pass,Pass,Pass,Pass,Pass,Pass,Pass,Pass,Pass,Pass,Pass,Pass,Pass,Pass,Pass,Pass,Pass,Pass,Skip,Pass,
05-28-2016,18:09:09,44.4,3,171680063174,PASS,Pass,Pass,Pass,Pass,Pass,Pass,Pass,Pass,Skip,Pass,Pass,Pass,Pass,Pass,Pass,Pass,Pass,Pass,Pass,Pass,Pass,Pass,Pass,Pass,Pass,Pass,Pass,Pass,Pass,Pass,Pass,Pass,Pass,Pass,Pass,Pass,Pass,Pass,Pass,Skip,Pass,
05-28-2016,18:09:10,47.9,1,171680063175,PASS,Pass,Pass,Pass,Pass,Pass,Pass,Pass,Pass,Skip,Pass,Pass,Pass,Pass,Pass,Pass,Pass,Pass,Pass,Pass,Pass,Pass,Pass,Pass,Pass,Pass,Pass,Pass,Pass,Pass,Pass,Pass,Pass,Pass,Pass,Pass,Pass,Pass,Pass,Pass,Skip,Pass,
05-28-2016,18:09:17,46.4,5,171680063172,PASS,Pass,Pass,Pass,Pass,Pass,Pass,Pass,Pass,Skip,Pass,Pass,Pass,Pass,Pass,Pass,Pass,Pass,Pass,Pass,Pass,Pass,Pass,Pass,Pass,Pass,Pass,Pass,Pass,Pass,Pass,Pass,Pass,Pass,Pass,Pass,Pass,Pass,Pass,Pass,Skip,Pass,
05-28-2016,18:10:04,55.7,4,171680063173,PASS,Pass,Pass,Pass,Pass,Pass,Pass,Pass,Pass,Skip,Pass,Pass,Pass,Pass,Pass,Pass,Pass,Pass,Pass,Pass,Pass,Pass,Pass,Pass,Pass,Pass,Pass,Pass,Pass,Pass,Pass,Pass,Pass,Pass,Pass,Pass,Pass,Pass,Pass,Pass,Skip,Pass,
05-28-2016,18:10:07,47.2,6,171680063065,PASS,Pass,Pass,Pass,Pass,Pass,Pass,Pass,Pass,Skip,Pass,Pass,Pass,Pass,Pass,Pass,Pass,Pass,Pass,Pass,Pass,Pass,Pass,Pass,Pass,Pass,Pass,Pass,Pass,Pass,Pass,Pass,Pass,Pass,Pass,Pass,Pass,Pass,Pass,Pass,Skip,Pass,
05-28-2016,18:10:09,45.7,1,171680063176,PASS,Pass,Pass,Pass,Pass,Pass,Pass,Pass,Pass,Skip,Pass,Pass,Pass,Pass,Pass,Pass,Pass,Pass,Pass,Pass,Pass,Pass,Pass,Pass,Pass,Pass,Pass,Pass,Pass,Pass,Pass,Pass,Pass,Pass,Pass,Pass,Pass,Pass,Pass,Pass,Skip,Pass,
05-28-2016,18:10:57,47.1,2,171680063182,PASS,Pass,Pass,Pass,Pass,Pass,Pass,Pass,Pass,Skip,Pass,Pass,Pass,Pass,Pass,Pass,Pass,Pass,Pass,Pass,Pass,Pass,Pass,Pass,Pass,Pass,Pass,Pass,Pass,Pass,Pass,Pass,Pass,Pass,Pass,Pass,Pass,Pass,Pass,Pass,Skip,Pass,
05-28-2016,18:11:02,57.8,3,171680063181,PASS,Pass,Pass,Pass,Pass,Pass,Pass,Pass,Pass,Skip,Pass,Pass,Pass,Pass,Pass,Pass,Pass,Pass,Pass,Pass,Pass,Pass,Pass,Pass,Pass,Pass,Pass,Pass,Pass,Pass,Pass,Pass,Pass,Pass,Pass,Pass,Pass,Pass,Pass,Pass,Skip,Pass,
05-28-2016,18:11:41,46.2,5,171680063183,PASS,Pass,Pass,Pass,Pass,Pass,Pass,Pass,Pass,Skip,Pass,Pass,Pass,Pass,Pass,Pass,Pass,Pass,Pass,Pass,Pass,Pass,Pass,Pass,Pass,Pass,Pass,Pass,Pass,Pass,Pass,Pass,Pass,Pass,Pass,Pass,Pass,Pass,Pass,Pass,Skip,Pass,
05-28-2016,18:12:24,57.9,1,171680063184,PASS,Pass,Pass,Pass,Pass,Pass,Pass,Pass,Pass,Skip,Pass,Pass,Pass,Pass,Pass,Pass,Pass,Pass,Pass,Pass,Pass,Pass,Pass,Pass,Pass,Pass,Pass,Pass,Pass,Pass,Pass,Pass,Pass,Pass,Pass,Pass,Pass,Pass,Pass,Pass,Skip,Pass,
05-28-2016,18:12:53,45.6,4,171680063186,PASS,Pass,Pass,Pass,Pass,Pass,Pass,Pass,Pass,Skip,Pass,Pass,Pass,Pass,Pass,Pass,Pass,Pass,Pass,Pass,Pass,Pass,Pass,Pass,Pass,Pass,Pass,Pass,Pass,Pass,Pass,Pass,Pass,Pass,Pass,Pass,Pass,Pass,Pass,Pass,Skip,Pass,
05-28-2016,18:13:11,46.4,2,171680063185,PASS,Pass,Pass,Pass,Pass,Pass,Pass,Pass,Pass,Skip,Pass,Pass,Pass,Pass,Pass,Pass,Pass,Pass,Pass,Pass,Pass,Pass,Pass,Pass,Pass,Pass,Pass,Pass,Pass,Pass,Pass,Pass,Pass,Pass,Pass,Pass,Pass,Pass,Pass,Pass,Skip,Pass,
05-28-2016,18:13:15,47.4,6,171680063221,PASS,Pass,Pass,Pass,Pass,Pass,Pass,Pass,Pass,Skip,Pass,Pass,Pass,Pass,Pass,Pass,Pass,Pass,Pass,Pass,Pass,Pass,Pass,Pass,Pass,Pass,Pass,Pass,Pass,Pass,Pass,Pass,Pass,Pass,Pass,Pass,Pass,Pass,Pass,Pass,Skip,Pass,
05-28-2016,18:13:55,44.1,1,171680063222,PASS,Pass,Pass,Pass,Pass,Pass,Pass,Pass,Pass,Skip,Pass,Pass,Pass,Pass,Pass,Pass,Pass,Pass,Pass,Pass,Pass,Pass,Pass,Pass,Pass,Pass,Pass,Pass,Pass,Pass,Pass,Pass,Pass,Pass,Pass,Pass,Pass,Pass,Pass,Pass,Skip,Pass,
05-28-2016,18:14:19,47.0,3,171680063224,PASS,Pass,Pass,Pass,Pass,Pass,Pass,Pass,Pass,Skip,Pass,Pass,Pass,Pass,Pass,Pass,Pass,Pass,Pass,Pass,Pass,Pass,Pass,Pass,Pass,Pass,Pass,Pass,Pass,Pass,Pass,Pass,Pass,Pass,Pass,Pass,Pass,Pass,Pass,Pass,Skip,Pass,
05-28-2016,18:14:57,48.4,1,171680063226,PASS,Pass,Pass,Pass,Pass,Pass,Pass,Pass,Pass,Skip,Pass,Pass,Pass,Pass,Pass,Pass,Pass,Pass,Pass,Pass,Pass,Pass,Pass,Pass,Pass,Pass,Pass,Pass,Pass,Pass,Pass,Pass,Pass,Pass,Pass,Pass,Pass,Pass,Pass,Pass,Skip,Pass,
05-28-2016,18:15:14,55.7,4,171680063225,PASS,Pass,Pass,Pass,Pass,Pass,Pass,Pass,Pass,Skip,Pass,Pass,Pass,Pass,Pass,Pass,Pass,Pass,Pass,Pass,Pass,Pass,Pass,Pass,Pass,Pass,Pass,Pass,Pass,Pass,Pass,Pass,Pass,Pass,Pass,Pass,Pass,Pass,Pass,Pass,Skip,Pass,
05-28-2016,18:15:43,45.7,2,171680063211,PASS,Pass,Pass,Pass,Pass,Pass,Pass,Pass,Pass,Skip,Pass,Pass,Pass,Pass,Pass,Pass,Pass,Pass,Pass,Pass,Pass,Pass,Pass,Pass,Pass,Pass,Pass,Pass,Pass,Pass,Pass,Pass,Pass,Pass,Pass,Pass,Pass,Pass,Pass,Pass,Skip,Pass,
05-28-2016,18:16:02,49.3,5,171680063212,PASS,Pass,Pass,Pass,Pass,Pass,Pass,Pass,Pass,Skip,Pass,Pass,Pass,Pass,Pass,Pass,Pass,Pass,Pass,Pass,Pass,Pass,Pass,Pass,Pass,Pass,Pass,Pass,Pass,Pass,Pass,Pass,Pass,Pass,Pass,Pass,Pass,Pass,Pass,Pass,Skip,Pass,
05-28-2016,18:16:34,50.6,1,171680063213,PASS,Pass,Pass,Pass,Pass,Pass,Pass,Pass,Pass,Skip,Pass,Pass,Pass,Pass,Pass,Pass,Pass,Pass,Pass,Pass,Pass,Pass,Pass,Pass,Pass,Pass,Pass,Pass,Pass,Pass,Pass,Pass,Pass,Pass,Pass,Pass,Pass,Pass,Pass,Pass,Skip,Pass,
05-28-2016,18:17:05,49.1,3,171680063214,PASS,Pass,Pass,Pass,Pass,Pass,Pass,Pass,Pass,Skip,Pass,Pass,Pass,Pass,Pass,Pass,Pass,Pass,Pass,Pass,Pass,Pass,Pass,Pass,Pass,Pass,Pass,Pass,Pass,Pass,Pass,Pass,Pass,Pass,Pass,Pass,Pass,Pass,Pass,Pass,Skip,Pass,
05-28-2016,18:17:36,51.3,6,171680063215,PASS,Pass,Pass,Pass,Pass,Pass,Pass,Pass,Pass,Skip,Pass,Pass,Pass,Pass,Pass,Pass,Pass,Pass,Pass,Pass,Pass,Pass,Pass,Pass,Pass,Pass,Pass,Pass,Pass,Pass,Pass,Pass,Pass,Pass,Pass,Pass,Pass,Pass,Pass,Pass,Skip,Pass,
05-28-2016,18:17:59,47.0,2,171680063216,PASS,Pass,Pass,Pass,Pass,Pass,Pass,Pass,Pass,Skip,Pass,Pass,Pass,Pass,Pass,Pass,Pass,Pass,Pass,Pass,Pass,Pass,Pass,Pass,Pass,Pass,Pass,Pass,Pass,Pass,Pass,Pass,Pass,Pass,Pass,Pass,Pass,Pass,Pass,Pass,Skip,Pass,
05-28-2016,18:18:18,45.8,3,171680062701,PASS,Pass,Pass,Pass,Pass,Pass,Pass,Pass,Pass,Skip,Pass,Pass,Pass,Pass,Pass,Pass,Pass,Pass,Pass,Pass,Pass,Pass,Pass,Pass,Pass,Pass,Pass,Pass,Pass,Pass,Pass,Pass,Pass,Pass,Pass,Pass,Pass,Pass,Pass,Pass,Skip,Pass,
05-28-2016,18:19:06,48.0,4,171680062702,PASS,Pass,Pass,Pass,Pass,Pass,Pass,Pass,Pass,Skip,Pass,Pass,Pass,Pass,Pass,Pass,Pass,Pass,Pass,Pass,Pass,Pass,Pass,Pass,Pass,Pass,Pass,Pass,Pass,Pass,Pass,Pass,Pass,Pass,Pass,Pass,Pass,Pass,Pass,Pass,Skip,Pass,
05-28-2016,18:19:09,49.1,1,171680062703,PASS,Pass,Pass,Pass,Pass,Pass,Pass,Pass,Pass,Skip,Pass,Pass,Pass,Pass,Pass,Pass,Pass,Pass,Pass,Pass,Pass,Pass,Pass,Pass,Pass,Pass,Pass,Pass,Pass,Pass,Pass,Pass,Pass,Pass,Pass,Pass,Pass,Pass,Pass,Pass,Skip,Pass,
05-28-2016,18:20:18,48.8,5,171680062704,PASS,Pass,Pass,Pass,Pass,Pass,Pass,Pass,Pass,Skip,Pass,Pass,Pass,Pass,Pass,Pass,Pass,Pass,Pass,Pass,Pass,Pass,Pass,Pass,Pass,Pass,Pass,Pass,Pass,Pass,Pass,Pass,Pass,Pass,Pass,Pass,Pass,Pass,Pass,Pass,Skip,Pass,
05-28-2016,18:21:19,47.2,4,171680062691,PASS,Pass,Pass,Pass,Pass,Pass,Pass,Pass,Pass,Skip,Pass,Pass,Pass,Pass,Pass,Pass,Pass,Pass,Pass,Pass,Pass,Pass,Pass,Pass,Pass,Pass,Pass,Pass,Pass,Pass,Pass,Pass,Pass,Pass,Pass,Pass,Pass,Pass,Pass,Pass,Skip,Pass,
05-28-2016,18:21:22,48.6,6,171680062706,PASS,Pass,Pass,Pass,Pass,Pass,Pass,Pass,Pass,Skip,Pass,Pass,Pass,Pass,Pass,Pass,Pass,Pass,Pass,Pass,Pass,Pass,Pass,Pass,Pass,Pass,Pass,Pass,Pass,Pass,Pass,Pass,Pass,Pass,Pass,Pass,Pass,Pass,Pass,Pass,Skip,Pass,
05-28-2016,18:22:45,44.2,1,171680062694,PASS,Pass,Pass,Pass,Pass,Pass,Pass,Pass,Pass,Skip,Pass,Pass,Pass,Pass,Pass,Pass,Pass,Pass,Pass,Pass,Pass,Pass,Pass,Pass,Pass,Pass,Pass,Pass,Pass,Pass,Pass,Pass,Pass,Pass,Pass,Pass,Pass,Pass,Pass,Pass,Skip,Pass,
05-28-2016,18:22:54,49.5,3,171680062692,PASS,Pass,Pass,Pass,Pass,Pass,Pass,Pass,Pass,Skip,Pass,Pass,Pass,Pass,Pass,Pass,Pass,Pass,Pass,Pass,Pass,Pass,Pass,Pass,Pass,Pass,Pass,Pass,Pass,Pass,Pass,Pass,Pass,Pass,Pass,Pass,Pass,Pass,Pass,Pass,Skip,Pass,
05-28-2016,18:23:01,49.2,5,171680062695,PASS,Pass,Pass,Pass,Pass,Pass,Pass,Pass,Pass,Skip,Pass,Pass,Pass,Pass,Pass,Pass,Pass,Pass,Pass,Pass,Pass,Pass,Pass,Pass,Pass,Pass,Pass,Pass,Pass,Pass,Pass,Pass,Pass,Pass,Pass,Pass,Pass,Pass,Pass,Pass,Skip,Pass,
05-28-2016,18:23:33,47.8,2,171680062693,PASS,Pass,Pass,Pass,Pass,Pass,Pass,Pass,Pass,Skip,Pass,Pass,Pass,Pass,Pass,Pass,Pass,Pass,Pass,Pass,Pass,Pass,Pass,Pass,Pass,Pass,Pass,Pass,Pass,Pass,Pass,Pass,Pass,Pass,Pass,Pass,Pass,Pass,Pass,Pass,Skip,Pass,
05-28-2016,18:23:40,46.2,4,171680062705,PASS,Pass,Pass,Pass,Pass,Pass,Pass,Pass,Pass,Skip,Pass,Pass,Pass,Pass,Pass,Pass,Pass,Pass,Pass,Pass,Pass,Pass,Pass,Pass,Pass,Pass,Pass,Pass,Pass,Pass,Pass,Pass,Pass,Pass,Pass,Pass,Pass,Pass,Pass,Pass,Skip,Pass,
05-28-2016,18:23:50,48.2,6,171680062696,PASS,Pass,Pass,Pass,Pass,Pass,Pass,Pass,Pass,Skip,Pass,Pass,Pass,Pass,Pass,Pass,Pass,Pass,Pass,Pass,Pass,Pass,Pass,Pass,Pass,Pass,Pass,Pass,Pass,Pass,Pass,Pass,Pass,Pass,Pass,Pass,Pass,Pass,Pass,Pass,Skip,Pass,
05-28-2016,18:24:51,47.9,1,171680062682,PASS,Pass,Pass,Pass,Pass,Pass,Pass,Pass,Pass,Skip,Pass,Pass,Pass,Pass,Pass,Pass,Pass,Pass,Pass,Pass,Pass,Pass,Pass,Pass,Pass,Pass,Pass,Pass,Pass,Pass,Pass,Pass,Pass,Pass,Pass,Pass,Pass,Pass,Pass,Pass,Skip,Pass,
05-28-2016,18:24:52,45.0,3,171680062681,PASS,Pass,Pass,Pass,Pass,Pass,Pass,Pass,Pass,Skip,Pass,Pass,Pass,Pass,Pass,Pass,Pass,Pass,Pass,Pass,Pass,Pass,Pass,Pass,Pass,Pass,Pass,Pass,Pass,Pass,Pass,Pass,Pass,Pass,Pass,Pass,Pass,Pass,Pass,Pass,Skip,Pass,
05-28-2016,18:25:00,45.7,5,171680062683,PASS,Pass,Pass,Pass,Pass,Pass,Pass,Pass,Pass,Skip,Pass,Pass,Pass,Pass,Pass,Pass,Pass,Pass,Pass,Pass,Pass,Pass,Pass,Pass,Pass,Pass,Pass,Pass,Pass,Pass,Pass,Pass,Pass,Pass,Pass,Pass,Pass,Pass,Pass,Pass,Skip,Pass,
05-28-2016,18:25:44,52.8,2,171680062684,PASS,Pass,Pass,Pass,Pass,Pass,Pass,Pass,Pass,Skip,Pass,Pass,Pass,Pass,Pass,Pass,Pass,Pass,Pass,Pass,Pass,Pass,Pass,Pass,Pass,Pass,Pass,Pass,Pass,Pass,Pass,Pass,Pass,Pass,Pass,Pass,Pass,Pass,Pass,Pass,Skip,Pass,
05-28-2016,18:27:47,45.0,1,171680062685,PASS,Pass,Pass,Pass,Pass,Pass,Pass,Pass,Pass,Skip,Pass,Pass,Pass,Pass,Pass,Pass,Pass,Pass,Pass,Pass,Pass,Pass,Pass,Pass,Pass,Pass,Pass,Pass,Pass,Pass,Pass,Pass,Pass,Pass,Pass,Pass,Pass,Pass,Pass,Pass,Skip,Pass,
05-28-2016,18:28:07,50.6,3,171680062686,PASS,Pass,Pass,Pass,Pass,Pass,Pass,Pass,Pass,Skip,Pass,Pass,Pass,Pass,Pass,Pass,Pass,Pass,Pass,Pass,Pass,Pass,Pass,Pass,Pass,Pass,Pass,Pass,Pass,Pass,Pass,Pass,Pass,Pass,Pass,Pass,Pass,Pass,Pass,Pass,Skip,Pass,
05-28-2016,18:28:54,49.1,5,171680062671,PASS,Pass,Pass,Pass,Pass,Pass,Pass,Pass,Pass,Skip,Pass,Pass,Pass,Pass,Pass,Pass,Pass,Pass,Pass,Pass,Pass,Pass,Pass,Pass,Pass,Pass,Pass,Pass,Pass,Pass,Pass,Pass,Pass,Pass,Pass,Pass,Pass,Pass,Pass,Pass,Skip,Pass,
05-28-2016,18:29:48,51.2,1,171680062672,PASS,Pass,Pass,Pass,Pass,Pass,Pass,Pass,Pass,Skip,Pass,Pass,Pass,Pass,Pass,Pass,Pass,Pass,Pass,Pass,Pass,Pass,Pass,Pass,Pass,Pass,Pass,Pass,Pass,Pass,Pass,Pass,Pass,Pass,Pass,Pass,Pass,Pass,Pass,Pass,Skip,Pass,
05-28-2016,18:30:04,45.1,3,171680062673,PASS,Pass,Pass,Pass,Pass,Pass,Pass,Pass,Pass,Skip,Pass,Pass,Pass,Pass,Pass,Pass,Pass,Pass,Pass,Pass,Pass,Pass,Pass,Pass,Pass,Pass,Pass,Pass,Pass,Pass,Pass,Pass,Pass,Pass,Pass,Pass,Pass,Pass,Pass,Pass,Skip,Pass,
05-28-2016,18:30:40,52.0,2,171680062674,PASS,Pass,Pass,Pass,Pass,Pass,Pass,Pass,Pass,Skip,Pass,Pass,Pass,Pass,Pass,Pass,Pass,Pass,Pass,Pass,Pass,Pass,Pass,Pass,Pass,Pass,Pass,Pass,Pass,Pass,Pass,Pass,Pass,Pass,Pass,Pass,Pass,Pass,Pass,Pass,Skip,Pass,
05-28-2016,18:30:51,47.1,4,171680062675,PASS,Pass,Pass,Pass,Pass,Pass,Pass,Pass,Pass,Skip,Pass,Pass,Pass,Pass,Pass,Pass,Pass,Pass,Pass,Pass,Pass,Pass,Pass,Pass,Pass,Pass,Pass,Pass,Pass,Pass,Pass,Pass,Pass,Pass,Pass,Pass,Pass,Pass,Pass,Pass,Skip,Pass,
05-28-2016,18:31:04,47.1,6,171680062676,PASS,Pass,Pass,Pass,Pass,Pass,Pass,Pass,Pass,Skip,Pass,Pass,Pass,Pass,Pass,Pass,Pass,Pass,Pass,Pass,Pass,Pass,Pass,Pass,Pass,Pass,Pass,Pass,Pass,Pass,Pass,Pass,Pass,Pass,Pass,Pass,Pass,Pass,Pass,Pass,Skip,Pass,
05-28-2016,18:38:53,44.3,1,171680062661,PASS,Pass,Pass,Pass,Pass,Pass,Pass,Pass,Pass,Skip,Pass,Pass,Pass,Pass,Pass,Pass,Pass,Pass,Pass,Pass,Pass,Pass,Pass,Pass,Pass,Pass,Pass,Pass,Pass,Pass,Pass,Pass,Pass,Pass,Pass,Pass,Pass,Pass,Pass,Pass,Skip,Pass,
05-28-2016,18:39:15,57.9,3,171680062662,PASS,Pass,Pass,Pass,Pass,Pass,Pass,Pass,Pass,Skip,Pass,Pass,Pass,Pass,Pass,Pass,Pass,Pass,Pass,Pass,Pass,Pass,Pass,Pass,Pass,Pass,Pass,Pass,Pass,Pass,Pass,Pass,Pass,Pass,Pass,Pass,Pass,Pass,Pass,Pass,Skip,Pass,
05-28-2016,18:39:50,53.9,5,171680062663,PASS,Pass,Pass,Pass,Pass,Pass,Pass,Pass,Pass,Skip,Pass,Pass,Pass,Pass,Pass,Pass,Pass,Pass,Pass,Pass,Pass,Pass,Pass,Pass,Pass,Pass,Pass,Pass,Pass,Pass,Pass,Pass,Pass,Pass,Pass,Pass,Pass,Pass,Pass,Pass,Skip,Pass,
05-28-2016,18:40:04,48.5,2,171680062664,PASS,Pass,Pass,Pass,Pass,Pass,Pass,Pass,Pass,Skip,Pass,Pass,Pass,Pass,Pass,Pass,Pass,Pass,Pass,Pass,Pass,Pass,Pass,Pass,Pass,Pass,Pass,Pass,Pass,Pass,Pass,Pass,Pass,Pass,Pass,Pass,Pass,Pass,Pass,Pass,Skip,Pass,
05-28-2016,18:40:29,47.9,4,171680062665,PASS,Pass,Pass,Pass,Pass,Pass,Pass,Pass,Pass,Skip,Pass,Pass,Pass,Pass,Pass,Pass,Pass,Pass,Pass,Pass,Pass,Pass,Pass,Pass,Pass,Pass,Pass,Pass,Pass,Pass,Pass,Pass,Pass,Pass,Pass,Pass,Pass,Pass,Pass,Pass,Skip,Pass,
05-28-2016,18:40:45,46.4,6,171680062666,PASS,Pass,Pass,Pass,Pass,Pass,Pass,Pass,Pass,Skip,Pass,Pass,Pass,Pass,Pass,Pass,Pass,Pass,Pass,Pass,Pass,Pass,Pass,Pass,Pass,Pass,Pass,Pass,Pass,Pass,Pass,Pass,Pass,Pass,Pass,Pass,Pass,Pass,Pass,Pass,Skip,Pass,
05-28-2016,18:41:05,48.0,1,171680062651,PASS,Pass,Pass,Pass,Pass,Pass,Pass,Pass,Pass,Skip,Pass,Pass,Pass,Pass,Pass,Pass,Pass,Pass,Pass,Pass,Pass,Pass,Pass,Pass,Pass,Pass,Pass,Pass,Pass,Pass,Pass,Pass,Pass,Pass,Pass,Pass,Pass,Pass,Pass,Pass,Skip,Pass,
05-28-2016,18:41:22,46.6,3,171680062652,PASS,Pass,Pass,Pass,Pass,Pass,Pass,Pass,Pass,Skip,Pass,Pass,Pass,Pass,Pass,Pass,Pass,Pass,Pass,Pass,Pass,Pass,Pass,Pass,Pass,Pass,Pass,Pass,Pass,Pass,Pass,Pass,Pass,Pass,Pass,Pass,Pass,Pass,Pass,Pass,Skip,Pass,
05-28-2016,18:41:43,47.8,5,171680062653,PASS,Pass,Pass,Pass,Pass,Pass,Pass,Pass,Pass,Skip,Pass,Pass,Pass,Pass,Pass,Pass,Pass,Pass,Pass,Pass,Pass,Pass,Pass,Pass,Pass,Pass,Pass,Pass,Pass,Pass,Pass,Pass,Pass,Pass,Pass,Pass,Pass,Pass,Pass,Pass,Skip,Pass,
05-28-2016,18:42:00,44.1,2,171680062654,PASS,Pass,Pass,Pass,Pass,Pass,Pass,Pass,Pass,Skip,Pass,Pass,Pass,Pass,Pass,Pass,Pass,Pass,Pass,Pass,Pass,Pass,Pass,Pass,Pass,Pass,Pass,Pass,Pass,Pass,Pass,Pass,Pass,Pass,Pass,Pass,Pass,Pass,Pass,Pass,Skip,Pass,
05-28-2016,18:42:20,45.1,4,171680062655,PASS,Pass,Pass,Pass,Pass,Pass,Pass,Pass,Pass,Skip,Pass,Pass,Pass,Pass,Pass,Pass,Pass,Pass,Pass,Pass,Pass,Pass,Pass,Pass,Pass,Pass,Pass,Pass,Pass,Pass,Pass,Pass,Pass,Pass,Pass,Pass,Pass,Pass,Pass,Pass,Skip,Pass,
05-28-2016,18:42:46,51.4,6,171680062656,PASS,Pass,Pass,Pass,Pass,Pass,Pass,Pass,Pass,Skip,Pass,Pass,Pass,Pass,Pass,Pass,Pass,Pass,Pass,Pass,Pass,Pass,Pass,Pass,Pass,Pass,Pass,Pass,Pass,Pass,Pass,Pass,Pass,Pass,Pass,Pass,Pass,Pass,Pass,Pass,Skip,Pass,
05-28-2016,18:43:05,49.3,1,171680048311,PASS,Pass,Pass,Pass,Pass,Pass,Pass,Pass,Pass,Skip,Pass,Pass,Pass,Pass,Pass,Pass,Pass,Pass,Pass,Pass,Pass,Pass,Pass,Pass,Pass,Pass,Pass,Pass,Pass,Pass,Pass,Pass,Pass,Pass,Pass,Pass,Pass,Pass,Pass,Pass,Skip,Pass,
05-28-2016,18:43:18,44.3,3,171680048312,PASS,Pass,Pass,Pass,Pass,Pass,Pass,Pass,Pass,Skip,Pass,Pass,Pass,Pass,Pass,Pass,Pass,Pass,Pass,Pass,Pass,Pass,Pass,Pass,Pass,Pass,Pass,Pass,Pass,Pass,Pass,Pass,Pass,Pass,Pass,Pass,Pass,Pass,Pass,Pass,Skip,Pass,
05-28-2016,18:43:39,45.0,5,171680048313,PASS,Pass,Pass,Pass,Pass,Pass,Pass,Pass,Pass,Skip,Pass,Pass,Pass,Pass,Pass,Pass,Pass,Pass,Pass,Pass,Pass,Pass,Pass,Pass,Pass,Pass,Pass,Pass,Pass,Pass,Pass,Pass,Pass,Pass,Pass,Pass,Pass,Pass,Pass,Pass,Skip,Pass,
05-28-2016,18:44:01,47.2,2,171680048314,PASS,Pass,Pass,Pass,Pass,Pass,Pass,Pass,Pass,Skip,Pass,Pass,Pass,Pass,Pass,Pass,Pass,Pass,Pass,Pass,Pass,Pass,Pass,Pass,Pass,Pass,Pass,Pass,Pass,Pass,Pass,Pass,Pass,Pass,Pass,Pass,Pass,Pass,Pass,Pass,Skip,Pass,
05-28-2016,18:44:42,46.2,3,171680048316,PASS,Pass,Pass,Pass,Pass,Pass,Pass,Pass,Pass,Skip,Pass,Pass,Pass,Pass,Pass,Pass,Pass,Pass,Pass,Pass,Pass,Pass,Pass,Pass,Pass,Pass,Pass,Pass,Pass,Pass,Pass,Pass,Pass,Pass,Pass,Pass,Pass,Pass,Pass,Pass,Skip,Pass,
05-28-2016,18:44:53,51.5,1,171680048315,PASS,Pass,Pass,Pass,Pass,Pass,Pass,Pass,Pass,Skip,Pass,Pass,Pass,Pass,Pass,Pass,Pass,Pass,Pass,Pass,Pass,Pass,Pass,Pass,Pass,Pass,Pass,Pass,Pass,Pass,Pass,Pass,Pass,Pass,Pass,Pass,Pass,Pass,Pass,Pass,Skip,Pass,
05-28-2016,18:45:22,47.7,5,171680048322,PASS,Pass,Pass,Pass,Pass,Pass,Pass,Pass,Pass,Skip,Pass,Pass,Pass,Pass,Pass,Pass,Pass,Pass,Pass,Pass,Pass,Pass,Pass,Pass,Pass,Pass,Pass,Pass,Pass,Pass,Pass,Pass,Pass,Pass,Pass,Pass,Pass,Pass,Pass,Pass,Skip,Pass,
05-28-2016,18:45:30,48.0,4,171680048321,PASS,Pass,Pass,Pass,Pass,Pass,Pass,Pass,Pass,Skip,Pass,Pass,Pass,Pass,Pass,Pass,Pass,Pass,Pass,Pass,Pass,Pass,Pass,Pass,Pass,Pass,Pass,Pass,Pass,Pass,Pass,Pass,Pass,Pass,Pass,Pass,Pass,Pass,Pass,Pass,Skip,Pass,
05-28-2016,18:46:04,44.8,1,171680048324,PASS,Pass,Pass,Pass,Pass,Pass,Pass,Pass,Pass,Skip,Pass,Pass,Pass,Pass,Pass,Pass,Pass,Pass,Pass,Pass,Pass,Pass,Pass,Pass,Pass,Pass,Pass,Pass,Pass,Pass,Pass,Pass,Pass,Pass,Pass,Pass,Pass,Pass,Pass,Pass,Skip,Pass,
05-28-2016,18:46:07,44.9,6,171680048323,PASS,Pass,Pass,Pass,Pass,Pass,Pass,Pass,Pass,Skip,Pass,Pass,Pass,Pass,Pass,Pass,Pass,Pass,Pass,Pass,Pass,Pass,Pass,Pass,Pass,Pass,Pass,Pass,Pass,Pass,Pass,Pass,Pass,Pass,Pass,Pass,Pass,Pass,Pass,Pass,Skip,Pass,
05-28-2016,18:46:49,45.4,2,171680048325,PASS,Pass,Pass,Pass,Pass,Pass,Pass,Pass,Pass,Skip,Pass,Pass,Pass,Pass,Pass,Pass,Pass,Pass,Pass,Pass,Pass,Pass,Pass,Pass,Pass,Pass,Pass,Pass,Pass,Pass,Pass,Pass,Pass,Pass,Pass,Pass,Pass,Pass,Pass,Pass,Skip,Pass,
05-28-2016,18:47:44,54.5,1,171680048333,PASS,Pass,Pass,Pass,Pass,Pass,Pass,Pass,Pass,Skip,Pass,Pass,Pass,Pass,Pass,Pass,Pass,Pass,Pass,Pass,Pass,Pass,Pass,Pass,Pass,Pass,Pass,Pass,Pass,Pass,Pass,Pass,Pass,Pass,Pass,Pass,Pass,Pass,Pass,Pass,Skip,Pass,
05-28-2016,18:48:28,46.6,3,171680048334,PASS,Pass,Pass,Pass,Pass,Pass,Pass,Pass,Pass,Skip,Pass,Pass,Pass,Pass,Pass,Pass,Pass,Pass,Pass,Pass,Pass,Pass,Pass,Pass,Pass,Pass,Pass,Pass,Pass,Pass,Pass,Pass,Pass,Pass,Pass,Pass,Pass,Pass,Pass,Pass,Skip,Pass,
05-28-2016,18:48:38,53.0,5,171680048331,PASS,Pass,Pass,Pass,Pass,Pass,Pass,Pass,Pass,Skip,Pass,Pass,Pass,Pass,Pass,Pass,Pass,Pass,Pass,Pass,Pass,Pass,Pass,Pass,Pass,Pass,Pass,Pass,Pass,Pass,Pass,Pass,Pass,Pass,Pass,Pass,Pass,Pass,Pass,Pass,Skip,Pass,
05-28-2016,18:49:26,47.9,6,171680048326,PASS,Pass,Pass,Pass,Pass,Pass,Pass,Pass,Pass,Skip,Pass,Pass,Pass,Pass,Pass,Pass,Pass,Pass,Pass,Pass,Pass,Pass,Pass,Pass,Pass,Pass,Pass,Pass,Pass,Pass,Pass,Pass,Pass,Pass,Pass,Pass,Pass,Pass,Pass,Pass,Skip,Pass,
05-28-2016,18:49:26,57.8,4,171680048332,PASS,Pass,Pass,Pass,Pass,Pass,Pass,Pass,Pass,Skip,Pass,Pass,Pass,Pass,Pass,Pass,Pass,Pass,Pass,Pass,Pass,Pass,Pass,Pass,Pass,Pass,Pass,Pass,Pass,Pass,Pass,Pass,Pass,Pass,Pass,Pass,Pass,Pass,Pass,Pass,Skip,Pass,
05-28-2016,18:53:27,47.9,1,171680048361,PASS,Pass,Pass,Pass,Pass,Pass,Pass,Pass,Pass,Skip,Pass,Pass,Pass,Pass,Pass,Pass,Pass,Pass,Pass,Pass,Pass,Pass,Pass,Pass,Pass,Pass,Pass,Pass,Pass,Pass,Pass,Pass,Pass,Pass,Pass,Pass,Pass,Pass,Pass,Pass,Skip,Pass,
05-28-2016,18:53:27,46.4,3,171680048336,PASS,Pass,Pass,Pass,Pass,Pass,Pass,Pass,Pass,Skip,Pass,Pass,Pass,Pass,Pass,Pass,Pass,Pass,Pass,Pass,Pass,Pass,Pass,Pass,Pass,Pass,Pass,Pass,Pass,Pass,Pass,Pass,Pass,Pass,Pass,Pass,Pass,Pass,Pass,Pass,Skip,Pass,
05-28-2016,18:54:13,45.9,2,171680048362,PASS,Pass,Pass,Pass,Pass,Pass,Pass,Pass,Pass,Skip,Pass,Pass,Pass,Pass,Pass,Pass,Pass,Pass,Pass,Pass,Pass,Pass,Pass,Pass,Pass,Pass,Pass,Pass,Pass,Pass,Pass,Pass,Pass,Pass,Pass,Pass,Pass,Pass,Pass,Pass,Skip,Pass,
05-28-2016,18:56:32,45.8,1,171680048363,PASS,Pass,Pass,Pass,Pass,Pass,Pass,Pass,Pass,Skip,Pass,Pass,Pass,Pass,Pass,Pass,Pass,Pass,Pass,Pass,Pass,Pass,Pass,Pass,Pass,Pass,Pass,Pass,Pass,Pass,Pass,Pass,Pass,Pass,Pass,Pass,Pass,Pass,Pass,Pass,Skip,Pass,
05-28-2016,18:56:48,47.0,3,171680048364,PASS,Pass,Pass,Pass,Pass,Pass,Pass,Pass,Pass,Skip,Pass,Pass,Pass,Pass,Pass,Pass,Pass,Pass,Pass,Pass,Pass,Pass,Pass,Pass,Pass,Pass,Pass,Pass,Pass,Pass,Pass,Pass,Pass,Pass,Pass,Pass,Pass,Pass,Pass,Pass,Skip,Pass,
05-28-2016,18:57:13,49.3,5,171680048365,PASS,Pass,Pass,Pass,Pass,Pass,Pass,Pass,Pass,Skip,Pass,Pass,Pass,Pass,Pass,Pass,Pass,Pass,Pass,Pass,Pass,Pass,Pass,Pass,Pass,Pass,Pass,Pass,Pass,Pass,Pass,Pass,Pass,Pass,Pass,Pass,Pass,Pass,Pass,Pass,Skip,Pass,
05-28-2016,18:57:41,51.8,1,171680048366,PASS,Pass,Pass,Pass,Pass,Pass,Pass,Pass,Pass,Skip,Pass,Pass,Pass,Pass,Pass,Pass,Pass,Pass,Pass,Pass,Pass,Pass,Pass,Pass,Pass,Pass,Pass,Pass,Pass,Pass,Pass,Pass,Pass,Pass,Pass,Pass,Pass,Pass,Pass,Pass,Skip,Pass,
05-28-2016,18:58:09,46.5,3,171680048335,PASS,Pass,Pass,Pass,Pass,Pass,Pass,Pass,Pass,Skip,Pass,Pass,Pass,Pass,Pass,Pass,Pass,Pass,Pass,Pass,Pass,Pass,Pass,Pass,Pass,Pass,Pass,Pass,Pass,Pass,Pass,Pass,Pass,Pass,Pass,Pass,Pass,Pass,Pass,Pass,Skip,Pass,
05-28-2016,19:32:54,47.0,1,171680048371,PASS,Pass,Pass,Pass,Pass,Pass,Pass,Pass,Pass,Skip,Pass,Pass,Pass,Pass,Pass,Pass,Pass,Pass,Pass,Pass,Pass,Pass,Pass,Pass,Pass,Pass,Pass,Pass,Pass,Pass,Pass,Pass,Pass,Pass,Pass,Pass,Pass,Pass,Pass,Pass,Skip,Pass,
05-28-2016,19:33:03,45.5,3,171680048372,PASS,Pass,Pass,Pass,Pass,Pass,Pass,Pass,Pass,Skip,Pass,Pass,Pass,Pass,Pass,Pass,Pass,Pass,Pass,Pass,Pass,Pass,Pass,Pass,Pass,Pass,Pass,Pass,Pass,Pass,Pass,Pass,Pass,Pass,Pass,Pass,Pass,Pass,Pass,Pass,Skip,Pass,
05-28-2016,19:33:23,44.8,5,171680048373,PASS,Pass,Pass,Pass,Pass,Pass,Pass,Pass,Pass,Skip,Pass,Pass,Pass,Pass,Pass,Pass,Pass,Pass,Pass,Pass,Pass,Pass,Pass,Pass,Pass,Pass,Pass,Pass,Pass,Pass,Pass,Pass,Pass,Pass,Pass,Pass,Pass,Pass,Pass,Pass,Skip,Pass,
05-28-2016,19:33:46,48.6,2,171680048374,PASS,Pass,Pass,Pass,Pass,Pass,Pass,Pass,Pass,Skip,Pass,Pass,Pass,Pass,Pass,Pass,Pass,Pass,Pass,Pass,Pass,Pass,Pass,Pass,Pass,Pass,Pass,Pass,Pass,Pass,Pass,Pass,Pass,Pass,Pass,Pass,Pass,Pass,Pass,Pass,Skip,Pass,
05-28-2016,19:34:42,49.3,1,171680048375,PASS,Pass,Pass,Pass,Pass,Pass,Pass,Pass,Pass,Skip,Pass,Pass,Pass,Pass,Pass,Pass,Pass,Pass,Pass,Pass,Pass,Pass,Pass,Pass,Pass,Pass,Pass,Pass,Pass,Pass,Pass,Pass,Pass,Pass,Pass,Pass,Pass,Pass,Pass,Pass,Skip,Pass,
05-28-2016,19:34:53,49.9,3,171680048376,PASS,Pass,Pass,Pass,Pass,Pass,Pass,Pass,Pass,Skip,Pass,Pass,Pass,Pass,Pass,Pass,Pass,Pass,Pass,Pass,Pass,Pass,Pass,Pass,Pass,Pass,Pass,Pass,Pass,Pass,Pass,Pass,Pass,Pass,Pass,Pass,Pass,Pass,Pass,Pass,Skip,Pass,
05-28-2016,19:35:10,51.4,5,171680048411,PASS,Pass,Pass,Pass,Pass,Pass,Pass,Pass,Pass,Skip,Pass,Pass,Pass,Pass,Pass,Pass,Pass,Pass,Pass,Pass,Pass,Pass,Pass,Pass,Pass,Pass,Pass,Pass,Pass,Pass,Pass,Pass,Pass,Pass,Pass,Pass,Pass,Pass,Pass,Pass,Skip,Pass,
05-28-2016,19:35:30,47.4,2,171680048412,PASS,Pass,Pass,Pass,Pass,Pass,Pass,Pass,Pass,Skip,Pass,Pass,Pass,Pass,Pass,Pass,Pass,Pass,Pass,Pass,Pass,Pass,Pass,Pass,Pass,Pass,Pass,Pass,Pass,Pass,Pass,Pass,Pass,Pass,Pass,Pass,Pass,Pass,Pass,Pass,Skip,Pass,
05-28-2016,19:36:07,48.0,4,171680048414,PASS,Pass,Pass,Pass,Pass,Pass,Pass,Pass,Pass,Skip,Pass,Pass,Pass,Pass,Pass,Pass,Pass,Pass,Pass,Pass,Pass,Pass,Pass,Pass,Pass,Pass,Pass,Pass,Pass,Pass,Pass,Pass,Pass,Pass,Pass,Pass,Pass,Pass,Pass,Pass,Skip,Pass,
05-28-2016,19:36:18,48.6,1,171680048413,PASS,Pass,Pass,Pass,Pass,Pass,Pass,Pass,Pass,Skip,Pass,Pass,Pass,Pass,Pass,Pass,Pass,Pass,Pass,Pass,Pass,Pass,Pass,Pass,Pass,Pass,Pass,Pass,Pass,Pass,Pass,Pass,Pass,Pass,Pass,Pass,Pass,Pass,Pass,Pass,Skip,Pass,
05-28-2016,19:36:45,47.0,5,171680048416,PASS,Pass,Pass,Pass,Pass,Pass,Pass,Pass,Pass,Skip,Pass,Pass,Pass,Pass,Pass,Pass,Pass,Pass,Pass,Pass,Pass,Pass,Pass,Pass,Pass,Pass,Pass,Pass,Pass,Pass,Pass,Pass,Pass,Pass,Pass,Pass,Pass,Pass,Pass,Pass,Skip,Pass,
05-28-2016,19:36:54,46.6,3,171680048415,PASS,Pass,Pass,Pass,Pass,Pass,Pass,Pass,Pass,Skip,Pass,Pass,Pass,Pass,Pass,Pass,Pass,Pass,Pass,Pass,Pass,Pass,Pass,Pass,Pass,Pass,Pass,Pass,Pass,Pass,Pass,Pass,Pass,Pass,Pass,Pass,Pass,Pass,Pass,Pass,Skip,Pass,
05-28-2016,19:37:28,50.7,1,171680048432,PASS,Pass,Pass,Pass,Pass,Pass,Pass,Pass,Pass,Skip,Pass,Pass,Pass,Pass,Pass,Pass,Pass,Pass,Pass,Pass,Pass,Pass,Pass,Pass,Pass,Pass,Pass,Pass,Pass,Pass,Pass,Pass,Pass,Pass,Pass,Pass,Pass,Pass,Pass,Pass,Skip,Pass,
05-28-2016,19:37:31,46.5,6,171680048431,PASS,Pass,Pass,Pass,Pass,Pass,Pass,Pass,Pass,Skip,Pass,Pass,Pass,Pass,Pass,Pass,Pass,Pass,Pass,Pass,Pass,Pass,Pass,Pass,Pass,Pass,Pass,Pass,Pass,Pass,Pass,Pass,Pass,Pass,Pass,Pass,Pass,Pass,Pass,Pass,Skip,Pass,
05-28-2016,19:38:06,47.2,4,171680048434,PASS,Pass,Pass,Pass,Pass,Pass,Pass,Pass,Pass,Skip,Pass,Pass,Pass,Pass,Pass,Pass,Pass,Pass,Pass,Pass,Pass,Pass,Pass,Pass,Pass,Pass,Pass,Pass,Pass,Pass,Pass,Pass,Pass,Pass,Pass,Pass,Pass,Pass,Pass,Pass,Skip,Pass,
05-28-2016,19:38:14,46.5,2,171680048433,PASS,Pass,Pass,Pass,Pass,Pass,Pass,Pass,Pass,Skip,Pass,Pass,Pass,Pass,Pass,Pass,Pass,Pass,Pass,Pass,Pass,Pass,Pass,Pass,Pass,Pass,Pass,Pass,Pass,Pass,Pass,Pass,Pass,Pass,Pass,Pass,Pass,Pass,Pass,Pass,Skip,Pass,
05-28-2016,19:38:43,46.3,5,171680048436,PASS,Pass,Pass,Pass,Pass,Pass,Pass,Pass,Pass,Skip,Pass,Pass,Pass,Pass,Pass,Pass,Pass,Pass,Pass,Pass,Pass,Pass,Pass,Pass,Pass,Pass,Pass,Pass,Pass,Pass,Pass,Pass,Pass,Pass,Pass,Pass,Pass,Pass,Pass,Pass,Skip,Pass,
05-28-2016,19:38:53,47.0,3,171680048435,PASS,Pass,Pass,Pass,Pass,Pass,Pass,Pass,Pass,Skip,Pass,Pass,Pass,Pass,Pass,Pass,Pass,Pass,Pass,Pass,Pass,Pass,Pass,Pass,Pass,Pass,Pass,Pass,Pass,Pass,Pass,Pass,Pass,Pass,Pass,Pass,Pass,Pass,Pass,Pass,Skip,Pass,
05-28-2016,19:39:03,44.8,1,171680048421,PASS,Pass,Pass,Pass,Pass,Pass,Pass,Pass,Pass,Skip,Pass,Pass,Pass,Pass,Pass,Pass,Pass,Pass,Pass,Pass,Pass,Pass,Pass,Pass,Pass,Pass,Pass,Pass,Pass,Pass,Pass,Pass,Pass,Pass,Pass,Pass,Pass,Pass,Pass,Pass,Skip,Pass,
05-28-2016,19:39:49,45.7,2,171680048422,PASS,Pass,Pass,Pass,Pass,Pass,Pass,Pass,Pass,Skip,Pass,Pass,Pass,Pass,Pass,Pass,Pass,Pass,Pass,Pass,Pass,Pass,Pass,Pass,Pass,Pass,Pass,Pass,Pass,Pass,Pass,Pass,Pass,Pass,Pass,Pass,Pass,Pass,Pass,Pass,Skip,Pass,
05-28-2016,19:40:33,48.8,3,171680048423,PASS,Pass,Pass,Pass,Pass,Pass,Pass,Pass,Pass,Skip,Pass,Pass,Pass,Pass,Pass,Pass,Pass,Pass,Pass,Pass,Pass,Pass,Pass,Pass,Pass,Pass,Pass,Pass,Pass,Pass,Pass,Pass,Pass,Pass,Pass,Pass,Pass,Pass,Pass,Pass,Skip,Pass,
05-28-2016,19:41:00,46.9,1,171680048424,PASS,Pass,Pass,Pass,Pass,Pass,Pass,Pass,Pass,Skip,Pass,Pass,Pass,Pass,Pass,Pass,Pass,Pass,Pass,Pass,Pass,Pass,Pass,Pass,Pass,Pass,Pass,Pass,Pass,Pass,Pass,Pass,Pass,Pass,Pass,Pass,Pass,Pass,Pass,Pass,Skip,Pass,
05-28-2016,19:41:22,45.9,5,171680048425,PASS,Pass,Pass,Pass,Pass,Pass,Pass,Pass,Pass,Skip,Pass,Pass,Pass,Pass,Pass,Pass,Pass,Pass,Pass,Pass,Pass,Pass,Pass,Pass,Pass,Pass,Pass,Pass,Pass,Pass,Pass,Pass,Pass,Pass,Pass,Pass,Pass,Pass,Pass,Pass,Skip,Pass,
05-28-2016,19:41:46,45.1,3,171680048426,PASS,Pass,Pass,Pass,Pass,Pass,Pass,Pass,Pass,Skip,Pass,Pass,Pass,Pass,Pass,Pass,Pass,Pass,Pass,Pass,Pass,Pass,Pass,Pass,Pass,Pass,Pass,Pass,Pass,Pass,Pass,Pass,Pass,Pass,Pass,Pass,Pass,Pass,Pass,Pass,Skip,Pass,
05-28-2016,19:42:01,47.0,1,171680048441,PASS,Pass,Pass,Pass,Pass,Pass,Pass,Pass,Pass,Skip,Pass,Pass,Pass,Pass,Pass,Pass,Pass,Pass,Pass,Pass,Pass,Pass,Pass,Pass,Pass,Pass,Pass,Pass,Pass,Pass,Pass,Pass,Pass,Pass,Pass,Pass,Pass,Pass,Pass,Pass,Skip,Pass,
05-28-2016,19:42:38,45.6,4,171680048443,PASS,Pass,Pass,Pass,Pass,Pass,Pass,Pass,Pass,Skip,Pass,Pass,Pass,Pass,Pass,Pass,Pass,Pass,Pass,Pass,Pass,Pass,Pass,Pass,Pass,Pass,Pass,Pass,Pass,Pass,Pass,Pass,Pass,Pass,Pass,Pass,Pass,Pass,Pass,Pass,Skip,Pass,
05-28-2016,19:42:47,45.1,2,171680048442,PASS,Pass,Pass,Pass,Pass,Pass,Pass,Pass,Pass,Skip,Pass,Pass,Pass,Pass,Pass,Pass,Pass,Pass,Pass,Pass,Pass,Pass,Pass,Pass,Pass,Pass,Pass,Pass,Pass,Pass,Pass,Pass,Pass,Pass,Pass,Pass,Pass,Pass,Pass,Pass,Skip,Pass,
05-28-2016,19:43:25,47.3,3,171680048445,PASS,Pass,Pass,Pass,Pass,Pass,Pass,Pass,Pass,Skip,Pass,Pass,Pass,Pass,Pass,Pass,Pass,Pass,Pass,Pass,Pass,Pass,Pass,Pass,Pass,Pass,Pass,Pass,Pass,Pass,Pass,Pass,Pass,Pass,Pass,Pass,Pass,Pass,Pass,Pass,Skip,Pass,
05-28-2016,19:43:33,46.4,1,171680048444,PASS,Pass,Pass,Pass,Pass,Pass,Pass,Pass,Pass,Skip,Pass,Pass,Pass,Pass,Pass,Pass,Pass,Pass,Pass,Pass,Pass,Pass,Pass,Pass,Pass,Pass,Pass,Pass,Pass,Pass,Pass,Pass,Pass,Pass,Pass,Pass,Pass,Pass,Pass,Pass,Skip,Pass,
05-28-2016,19:44:12,47.1,4,171680048446,PASS,Pass,Pass,Pass,Pass,Pass,Pass,Pass,Pass,Skip,Pass,Pass,Pass,Pass,Pass,Pass,Pass,Pass,Pass,Pass,Pass,Pass,Pass,Pass,Pass,Pass,Pass,Pass,Pass,Pass,Pass,Pass,Pass,Pass,Pass,Pass,Pass,Pass,Pass,Pass,Skip,Pass,
05-28-2016,19:44:24,51.6,5,171680048452,PASS,Pass,Pass,Pass,Pass,Pass,Pass,Pass,Pass,Skip,Pass,Pass,Pass,Pass,Pass,Pass,Pass,Pass,Pass,Pass,Pass,Pass,Pass,Pass,Pass,Pass,Pass,Pass,Pass,Pass,Pass,Pass,Pass,Pass,Pass,Pass,Pass,Pass,Pass,Pass,Skip,Pass,
05-28-2016,19:44:24,51.2,2,171680048451,PASS,Pass,Pass,Pass,Pass,Pass,Pass,Pass,Pass,Skip,Pass,Pass,Pass,Pass,Pass,Pass,Pass,Pass,Pass,Pass,Pass,Pass,Pass,Pass,Pass,Pass,Pass,Pass,Pass,Pass,Pass,Pass,Pass,Pass,Pass,Pass,Pass,Pass,Pass,Pass,Skip,Pass,
05-28-2016,19:45:02,49.3,3,171680048454,PASS,Pass,Pass,Pass,Pass,Pass,Pass,Pass,Pass,Skip,Pass,Pass,Pass,Pass,Pass,Pass,Pass,Pass,Pass,Pass,Pass,Pass,Pass,Pass,Pass,Pass,Pass,Pass,Pass,Pass,Pass,Pass,Pass,Pass,Pass,Pass,Pass,Pass,Pass,Pass,Skip,Pass,
05-28-2016,19:45:10,45.8,1,171680048453,PASS,Pass,Pass,Pass,Pass,Pass,Pass,Pass,Pass,Skip,Pass,Pass,Pass,Pass,Pass,Pass,Pass,Pass,Pass,Pass,Pass,Pass,Pass,Pass,Pass,Pass,Pass,Pass,Pass,Pass,Pass,Pass,Pass,Pass,Pass,Pass,Pass,Pass,Pass,Pass,Skip,Pass,
05-28-2016,19:45:41,49.3,5,171680048456,PASS,Pass,Pass,Pass,Pass,Pass,Pass,Pass,Pass,Skip,Pass,Pass,Pass,Pass,Pass,Pass,Pass,Pass,Pass,Pass,Pass,Pass,Pass,Pass,Pass,Pass,Pass,Pass,Pass,Pass,Pass,Pass,Pass,Pass,Pass,Pass,Pass,Pass,Pass,Pass,Skip,Pass,
05-28-2016,19:45:49,46.9,4,171680048455,PASS,Pass,Pass,Pass,Pass,Pass,Pass,Pass,Pass,Skip,Pass,Pass,Pass,Pass,Pass,Pass,Pass,Pass,Pass,Pass,Pass,Pass,Pass,Pass,Pass,Pass,Pass,Pass,Pass,Pass,Pass,Pass,Pass,Pass,Pass,Pass,Pass,Pass,Pass,Pass,Skip,Pass,
05-28-2016,19:45:58,45.8,2,171680048461,PASS,Pass,Pass,Pass,Pass,Pass,Pass,Pass,Pass,Skip,Pass,Pass,Pass,Pass,Pass,Pass,Pass,Pass,Pass,Pass,Pass,Pass,Pass,Pass,Pass,Pass,Pass,Pass,Pass,Pass,Pass,Pass,Pass,Pass,Pass,Pass,Pass,Pass,Pass,Pass,Skip,Pass,
05-28-2016,19:46:39,46.4,3,171680048463,PASS,Pass,Pass,Pass,Pass,Pass,Pass,Pass,Pass,Skip,Pass,Pass,Pass,Pass,Pass,Pass,Pass,Pass,Pass,Pass,Pass,Pass,Pass,Pass,Pass,Pass,Pass,Pass,Pass,Pass,Pass,Pass,Pass,Pass,Pass,Pass,Pass,Pass,Pass,Pass,Skip,Pass,
05-28-2016,19:46:43,44.2,1,171680048462,PASS,Pass,Pass,Pass,Pass,Pass,Pass,Pass,Pass,Skip,Pass,Pass,Pass,Pass,Pass,Pass,Pass,Pass,Pass,Pass,Pass,Pass,Pass,Pass,Pass,Pass,Pass,Pass,Pass,Pass,Pass,Pass,Pass,Pass,Pass,Pass,Pass,Pass,Pass,Pass,Skip,Pass,
05-28-2016,19:46:58,46.5,5,171680048464,PASS,Pass,Pass,Pass,Pass,Pass,Pass,Pass,Pass,Skip,Pass,Pass,Pass,Pass,Pass,Pass,Pass,Pass,Pass,Pass,Pass,Pass,Pass,Pass,Pass,Pass,Pass,Pass,Pass,Pass,Pass,Pass,Pass,Pass,Pass,Pass,Pass,Pass,Pass,Pass,Skip,Pass,
05-28-2016,19:47:44,46.5,6,171680048465,PASS,Pass,Pass,Pass,Pass,Pass,Pass,Pass,Pass,Skip,Pass,Pass,Pass,Pass,Pass,Pass,Pass,Pass,Pass,Pass,Pass,Pass,Pass,Pass,Pass,Pass,Pass,Pass,Pass,Pass,Pass,Pass,Pass,Pass,Pass,Pass,Pass,Pass,Pass,Pass,Skip,Pass,
05-28-2016,19:51:40,44.9,1,171680048466,PASS,Pass,Pass,Pass,Pass,Pass,Pass,Pass,Pass,Skip,Pass,Pass,Pass,Pass,Pass,Pass,Pass,Pass,Pass,Pass,Pass,Pass,Pass,Pass,Pass,Pass,Pass,Pass,Pass,Pass,Pass,Pass,Pass,Pass,Pass,Pass,Pass,Pass,Pass,Pass,Skip,Pass,
05-28-2016,19:51:50,46.3,3,171680048351,PASS,Pass,Pass,Pass,Pass,Pass,Pass,Pass,Pass,Skip,Pass,Pass,Pass,Pass,Pass,Pass,Pass,Pass,Pass,Pass,Pass,Pass,Pass,Pass,Pass,Pass,Pass,Pass,Pass,Pass,Pass,Pass,Pass,Pass,Pass,Pass,Pass,Pass,Pass,Pass,Skip,Pass,
05-28-2016,19:52:16,44.4,5,171680048352,PASS,Pass,Pass,Pass,Pass,Pass,Pass,Pass,Pass,Skip,Pass,Pass,Pass,Pass,Pass,Pass,Pass,Pass,Pass,Pass,Pass,Pass,Pass,Pass,Pass,Pass,Pass,Pass,Pass,Pass,Pass,Pass,Pass,Pass,Pass,Pass,Pass,Pass,Pass,Pass,Skip,Pass,
05-28-2016,19:52:39,47.1,2,171680048353,PASS,Pass,Pass,Pass,Pass,Pass,Pass,Pass,Pass,Skip,Pass,Pass,Pass,Pass,Pass,Pass,Pass,Pass,Pass,Pass,Pass,Pass,Pass,Pass,Pass,Pass,Pass,Pass,Pass,Pass,Pass,Pass,Pass,Pass,Pass,Pass,Pass,Pass,Pass,Pass,Skip,Pass,
05-28-2016,19:53:00,47.9,4,171680048354,PASS,Pass,Pass,Pass,Pass,Pass,Pass,Pass,Pass,Skip,Pass,Pass,Pass,Pass,Pass,Pass,Pass,Pass,Pass,Pass,Pass,Pass,Pass,Pass,Pass,Pass,Pass,Pass,Pass,Pass,Pass,Pass,Pass,Pass,Pass,Pass,Pass,Pass,Pass,Pass,Skip,Pass,
05-28-2016,19:53:26,47.0,1,171680048355,PASS,Pass,Pass,Pass,Pass,Pass,Pass,Pass,Pass,Skip,Pass,Pass,Pass,Pass,Pass,Pass,Pass,Pass,Pass,Pass,Pass,Pass,Pass,Pass,Pass,Pass,Pass,Pass,Pass,Pass,Pass,Pass,Pass,Pass,Pass,Pass,Pass,Pass,Pass,Pass,Skip,Pass,
05-28-2016,19:53:48,48.8,3,171680048356,PASS,Pass,Pass,Pass,Pass,Pass,Pass,Pass,Pass,Skip,Pass,Pass,Pass,Pass,Pass,Pass,Pass,Pass,Pass,Pass,Pass,Pass,Pass,Pass,Pass,Pass,Pass,Pass,Pass,Pass,Pass,Pass,Pass,Pass,Pass,Pass,Pass,Pass,Pass,Pass,Skip,Pass,
05-28-2016,19:53:59,46.3,6,171680048481,PASS,Pass,Pass,Pass,Pass,Pass,Pass,Pass,Pass,Skip,Pass,Pass,Pass,Pass,Pass,Pass,Pass,Pass,Pass,Pass,Pass,Pass,Pass,Pass,Pass,Pass,Pass,Pass,Pass,Pass,Pass,Pass,Pass,Pass,Pass,Pass,Pass,Pass,Pass,Pass,Skip,Pass,
05-28-2016,19:54:27,46.1,2,171680048482,PASS,Pass,Pass,Pass,Pass,Pass,Pass,Pass,Pass,Skip,Pass,Pass,Pass,Pass,Pass,Pass,Pass,Pass,Pass,Pass,Pass,Pass,Pass,Pass,Pass,Pass,Pass,Pass,Pass,Pass,Pass,Pass,Pass,Pass,Pass,Pass,Pass,Pass,Pass,Pass,Skip,Pass,
05-28-2016,19:54:54,44.3,3,171680048484,PASS,Pass,Pass,Pass,Pass,Pass,Pass,Pass,Pass,Skip,Pass,Pass,Pass,Pass,Pass,Pass,Pass,Pass,Pass,Pass,Pass,Pass,Pass,Pass,Pass,Pass,Pass,Pass,Pass,Pass,Pass,Pass,Pass,Pass,Pass,Pass,Pass,Pass,Pass,Pass,Skip,Pass,
05-28-2016,19:55:14,46.2,1,171680048483,PASS,Pass,Pass,Pass,Pass,Pass,Pass,Pass,Pass,Skip,Pass,Pass,Pass,Pass,Pass,Pass,Pass,Pass,Pass,Pass,Pass,Pass,Pass,Pass,Pass,Pass,Pass,Pass,Pass,Pass,Pass,Pass,Pass,Pass,Pass,Pass,Pass,Pass,Pass,Pass,Skip,Pass,
05-28-2016,19:55:59,45.7,2,171680048485,PASS,Pass,Pass,Pass,Pass,Pass,Pass,Pass,Pass,Skip,Pass,Pass,Pass,Pass,Pass,Pass,Pass,Pass,Pass,Pass,Pass,Pass,Pass,Pass,Pass,Pass,Pass,Pass,Pass,Pass,Pass,Pass,Pass,Pass,Pass,Pass,Pass,Pass,Pass,Pass,Skip,Pass,
05-28-2016,19:56:09,45.1,4,171680048486,PASS,Pass,Pass,Pass,Pass,Pass,Pass,Pass,Pass,Skip,Pass,Pass,Pass,Pass,Pass,Pass,Pass,Pass,Pass,Pass,Pass,Pass,Pass,Pass,Pass,Pass,Pass,Pass,Pass,Pass,Pass,Pass,Pass,Pass,Pass,Pass,Pass,Pass,Pass,Pass,Skip,Pass,
05-28-2016,19:56:30,47.0,6,171680048501,PASS,Pass,Pass,Pass,Pass,Pass,Pass,Pass,Pass,Skip,Pass,Pass,Pass,Pass,Pass,Pass,Pass,Pass,Pass,Pass,Pass,Pass,Pass,Pass,Pass,Pass,Pass,Pass,Pass,Pass,Pass,Pass,Pass,Pass,Pass,Pass,Pass,Pass,Pass,Pass,Skip,Pass,
05-28-2016,19:57:28,45.0,1,171680048502,PASS,Pass,Pass,Pass,Pass,Pass,Pass,Pass,Pass,Skip,Pass,Pass,Pass,Pass,Pass,Pass,Pass,Pass,Pass,Pass,Pass,Pass,Pass,Pass,Pass,Pass,Pass,Pass,Pass,Pass,Pass,Pass,Pass,Pass,Pass,Pass,Pass,Pass,Pass,Pass,Skip,Pass,
05-28-2016,19:58:15,46.5,2,171680048503,PASS,Pass,Pass,Pass,Pass,Pass,Pass,Pass,Pass,Skip,Pass,Pass,Pass,Pass,Pass,Pass,Pass,Pass,Pass,Pass,Pass,Pass,Pass,Pass,Pass,Pass,Pass,Pass,Pass,Pass,Pass,Pass,Pass,Pass,Pass,Pass,Pass,Pass,Pass,Pass,Skip,Pass,
05-28-2016,19:58:16,47.0,3,171680048504,PASS,Pass,Pass,Pass,Pass,Pass,Pass,Pass,Pass,Skip,Pass,Pass,Pass,Pass,Pass,Pass,Pass,Pass,Pass,Pass,Pass,Pass,Pass,Pass,Pass,Pass,Pass,Pass,Pass,Pass,Pass,Pass,Pass,Pass,Pass,Pass,Pass,Pass,Pass,Pass,Skip,Pass,
05-28-2016,19:59:01,46.5,1,171680048505,PASS,Pass,Pass,Pass,Pass,Pass,Pass,Pass,Pass,Skip,Pass,Pass,Pass,Pass,Pass,Pass,Pass,Pass,Pass,Pass,Pass,Pass,Pass,Pass,Pass,Pass,Pass,Pass,Pass,Pass,Pass,Pass,Pass,Pass,Pass,Pass,Pass,Pass,Pass,Pass,Skip,Pass,
05-28-2016,19:59:02,45.7,4,171680048506,PASS,Pass,Pass,Pass,Pass,Pass,Pass,Pass,Pass,Skip,Pass,Pass,Pass,Pass,Pass,Pass,Pass,Pass,Pass,Pass,Pass,Pass,Pass,Pass,Pass,Pass,Pass,Pass,Pass,Pass,Pass,Pass,Pass,Pass,Pass,Pass,Pass,Pass,Pass,Pass,Skip,Pass,
05-28-2016,19:59:47,45.2,2,171680048511,PASS,Pass,Pass,Pass,Pass,Pass,Pass,Pass,Pass,Skip,Pass,Pass,Pass,Pass,Pass,Pass,Pass,Pass,Pass,Pass,Pass,Pass,Pass,Pass,Pass,Pass,Pass,Pass,Pass,Pass,Pass,Pass,Pass,Pass,Pass,Pass,Pass,Pass,Pass,Pass,Skip,Pass,
05-28-2016,19:59:49,46.4,3,171680048512,PASS,Pass,Pass,Pass,Pass,Pass,Pass,Pass,Pass,Skip,Pass,Pass,Pass,Pass,Pass,Pass,Pass,Pass,Pass,Pass,Pass,Pass,Pass,Pass,Pass,Pass,Pass,Pass,Pass,Pass,Pass,Pass,Pass,Pass,Pass,Pass,Pass,Pass,Pass,Pass,Skip,Pass,
05-28-2016,20:00:14,46.5,5,171680048513,PASS,Pass,Pass,Pass,Pass,Pass,Pass,Pass,Pass,Skip,Pass,Pass,Pass,Pass,Pass,Pass,Pass,Pass,Pass,Pass,Pass,Pass,Pass,Pass,Pass,Pass,Pass,Pass,Pass,Pass,Pass,Pass,Pass,Pass,Pass,Pass,Pass,Pass,Pass,Pass,Skip,Pass,
05-28-2016,20:00:50,46.6,1,171680048515,PASS,Pass,Pass,Pass,Pass,Pass,Pass,Pass,Pass,Skip,Pass,Pass,Pass,Pass,Pass,Pass,Pass,Pass,Pass,Pass,Pass,Pass,Pass,Pass,Pass,Pass,Pass,Pass,Pass,Pass,Pass,Pass,Pass,Pass,Pass,Pass,Pass,Pass,Pass,Pass,Skip,Pass,
05-28-2016,20:01:00,45.9,6,171680048514,PASS,Pass,Pass,Pass,Pass,Pass,Pass,Pass,Pass,Skip,Pass,Pass,Pass,Pass,Pass,Pass,Pass,Pass,Pass,Pass,Pass,Pass,Pass,Pass,Pass,Pass,Pass,Pass,Pass,Pass,Pass,Pass,Pass,Pass,Pass,Pass,Pass,Pass,Pass,Pass,Skip,Pass,
05-28-2016,20:01:09,46.5,4,171680048516,PASS,Pass,Pass,Pass,Pass,Pass,Pass,Pass,Pass,Skip,Pass,Pass,Pass,Pass,Pass,Pass,Pass,Pass,Pass,Pass,Pass,Pass,Pass,Pass,Pass,Pass,Pass,Pass,Pass,Pass,Pass,Pass,Pass,Pass,Pass,Pass,Pass,Pass,Pass,Pass,Skip,Pass,
05-28-2016,20:09:55,47.1,1,171680048521,PASS,Pass,Pass,Pass,Pass,Pass,Pass,Pass,Pass,Skip,Pass,Pass,Pass,Pass,Pass,Pass,Pass,Pass,Pass,Pass,Pass,Pass,Pass,Pass,Pass,Pass,Pass,Pass,Pass,Pass,Pass,Pass,Pass,Pass,Pass,Pass,Pass,Pass,Pass,Pass,Skip,Pass,
05-28-2016,20:10:00,44.9,3,171680062941,PASS,Pass,Pass,Pass,Pass,Pass,Pass,Pass,Pass,Skip,Pass,Pass,Pass,Pass,Pass,Pass,Pass,Pass,Pass,Pass,Pass,Pass,Pass,Pass,Pass,Pass,Pass,Pass,Pass,Pass,Pass,Pass,Pass,Pass,Pass,Pass,Pass,Pass,Pass,Pass,Skip,Pass,
05-28-2016,20:10:04,44.9,5,171680063691,PASS,Pass,Pass,Pass,Pass,Pass,Pass,Pass,Pass,Skip,Pass,Pass,Pass,Pass,Pass,Pass,Pass,Pass,Pass,Pass,Pass,Pass,Pass,Pass,Pass,Pass,Pass,Pass,Pass,Pass,Pass,Pass,Pass,Pass,Pass,Pass,Pass,Pass,Pass,Pass,Skip,Pass,
05-28-2016,20:10:42,46.3,2,171680063726,PASS,Pass,Pass,Pass,Pass,Pass,Pass,Pass,Pass,Skip,Pass,Pass,Pass,Pass,Pass,Pass,Pass,Pass,Pass,Pass,Pass,Pass,Pass,Pass,Pass,Pass,Pass,Pass,Pass,Pass,Pass,Pass,Pass,Pass,Pass,Pass,Pass,Pass,Pass,Pass,Skip,Pass,
05-28-2016,20:10:44,44.2,4,171680063693,PASS,Pass,Pass,Pass,Pass,Pass,Pass,Pass,Pass,Skip,Pass,Pass,Pass,Pass,Pass,Pass,Pass,Pass,Pass,Pass,Pass,Pass,Pass,Pass,Pass,Pass,Pass,Pass,Pass,Pass,Pass,Pass,Pass,Pass,Pass,Pass,Pass,Pass,Pass,Pass,Skip,Pass,
05-28-2016,20:11:51,45.2,1,171680063444,PASS,Pass,Pass,Pass,Pass,Pass,Pass,Pass,Pass,Skip,Pass,Pass,Pass,Pass,Pass,Pass,Pass,Pass,Pass,Pass,Pass,Pass,Pass,Pass,Pass,Pass,Pass,Pass,Pass,Pass,Pass,Pass,Pass,Pass,Pass,Pass,Pass,Pass,Pass,Pass,Skip,Pass,
05-28-2016,20:11:51,44.8,3,171680063446,PASS,Pass,Pass,Pass,Pass,Pass,Pass,Pass,Pass,Skip,Pass,Pass,Pass,Pass,Pass,Pass,Pass,Pass,Pass,Pass,Pass,Pass,Pass,Pass,Pass,Pass,Pass,Pass,Pass,Pass,Pass,Pass,Pass,Pass,Pass,Pass,Pass,Pass,Pass,Pass,Skip,Pass,
05-28-2016,20:11:54,44.8,5,171680063445,PASS,Pass,Pass,Pass,Pass,Pass,Pass,Pass,Pass,Skip,Pass,Pass,Pass,Pass,Pass,Pass,Pass,Pass,Pass,Pass,Pass,Pass,Pass,Pass,Pass,Pass,Pass,Pass,Pass,Pass,Pass,Pass,Pass,Pass,Pass,Pass,Pass,Pass,Pass,Pass,Skip,Pass,
05-28-2016,20:12:36,45.1,2,171680063692,PASS,Pass,Pass,Pass,Pass,Pass,Pass,Pass,Pass,Skip,Pass,Pass,Pass,Pass,Pass,Pass,Pass,Pass,Pass,Pass,Pass,Pass,Pass,Pass,Pass,Pass,Pass,Pass,Pass,Pass,Pass,Pass,Pass,Pass,Pass,Pass,Pass,Pass,Pass,Pass,Skip,Pass,
05-28-2016,20:12:37,45.8,4,171680063465,PASS,Pass,Pass,Pass,Pass,Pass,Pass,Pass,Pass,Skip,Pass,Pass,Pass,Pass,Pass,Pass,Pass,Pass,Pass,Pass,Pass,Pass,Pass,Pass,Pass,Pass,Pass,Pass,Pass,Pass,Pass,Pass,Pass,Pass,Pass,Pass,Pass,Pass,Pass,Pass,Skip,Pass,
05-28-2016,20:13:04,46.9,5,171680063443,PASS,Pass,Pass,Pass,Pass,Pass,Pass,Pass,Pass,Skip,Pass,Pass,Pass,Pass,Pass,Pass,Pass,Pass,Pass,Pass,Pass,Pass,Pass,Pass,Pass,Pass,Pass,Pass,Pass,Pass,Pass,Pass,Pass,Pass,Pass,Pass,Pass,Pass,Pass,Pass,Skip,Pass,
05-28-2016,20:13:20,44.4,1,171680063435,PASS,Pass,Pass,Pass,Pass,Pass,Pass,Pass,Pass,Skip,Pass,Pass,Pass,Pass,Pass,Pass,Pass,Pass,Pass,Pass,Pass,Pass,Pass,Pass,Pass,Pass,Pass,Pass,Pass,Pass,Pass,Pass,Pass,Pass,Pass,Pass,Pass,Pass,Pass,Pass,Skip,Pass,
05-28-2016,20:13:22,45.0,3,171680063703,PASS,Pass,Pass,Pass,Pass,Pass,Pass,Pass,Pass,Skip,Pass,Pass,Pass,Pass,Pass,Pass,Pass,Pass,Pass,Pass,Pass,Pass,Pass,Pass,Pass,Pass,Pass,Pass,Pass,Pass,Pass,Pass,Pass,Pass,Pass,Pass,Pass,Pass,Pass,Pass,Skip,Pass,
05-28-2016,20:13:50,46.0,6,171680063685,PASS,Pass,Pass,Pass,Pass,Pass,Pass,Pass,Pass,Skip,Pass,Pass,Pass,Pass,Pass,Pass,Pass,Pass,Pass,Pass,Pass,Pass,Pass,Pass,Pass,Pass,Pass,Pass,Pass,Pass,Pass,Pass,Pass,Pass,Pass,Pass,Pass,Pass,Pass,Pass,Skip,Pass,
05-28-2016,20:14:07,46.3,2,171680063686,PASS,Pass,Pass,Pass,Pass,Pass,Pass,Pass,Pass,Skip,Pass,Pass,Pass,Pass,Pass,Pass,Pass,Pass,Pass,Pass,Pass,Pass,Pass,Pass,Pass,Pass,Pass,Pass,Pass,Pass,Pass,Pass,Pass,Pass,Pass,Pass,Pass,Pass,Pass,Pass,Skip,Pass,
05-28-2016,20:16:04,44.4,1,171680063701,PASS,Pass,Pass,Pass,Pass,Pass,Pass,Pass,Pass,Skip,Pass,Pass,Pass,Pass,Pass,Pass,Pass,Pass,Pass,Pass,Pass,Pass,Pass,Pass,Pass,Pass,Pass,Pass,Pass,Pass,Pass,Pass,Pass,Pass,Pass,Pass,Pass,Pass,Pass,Pass,Skip,Pass,
05-28-2016,20:16:06,45.5,3,171680063702,PASS,Pass,Pass,Pass,Pass,Pass,Pass,Pass,Pass,Skip,Pass,Pass,Pass,Pass,Pass,Pass,Pass,Pass,Pass,Pass,Pass,Pass,Pass,Pass,Pass,Pass,Pass,Pass,Pass,Pass,Pass,Pass,Pass,Pass,Pass,Pass,Pass,Pass,Pass,Pass,Skip,Pass,
05-28-2016,20:16:29,48.0,5,171680063543,PASS,Pass,Pass,Pass,Pass,Pass,Pass,Pass,Pass,Skip,Pass,Pass,Pass,Pass,Pass,Pass,Pass,Pass,Pass,Pass,Pass,Pass,Pass,Pass,Pass,Pass,Pass,Pass,Pass,Pass,Pass,Pass,Pass,Pass,Pass,Pass,Pass,Pass,Pass,Pass,Skip,Pass,
05-28-2016,20:16:49,45.6,2,171680063526,PASS,Pass,Pass,Pass,Pass,Pass,Pass,Pass,Pass,Skip,Pass,Pass,Pass,Pass,Pass,Pass,Pass,Pass,Pass,Pass,Pass,Pass,Pass,Pass,Pass,Pass,Pass,Pass,Pass,Pass,Pass,Pass,Pass,Pass,Pass,Pass,Pass,Pass,Pass,Pass,Skip,Pass,
05-28-2016,20:16:51,45.7,4,171680063633,PASS,Pass,Pass,Pass,Pass,Pass,Pass,Pass,Pass,Skip,Pass,Pass,Pass,Pass,Pass,Pass,Pass,Pass,Pass,Pass,Pass,Pass,Pass,Pass,Pass,Pass,Pass,Pass,Pass,Pass,Pass,Pass,Pass,Pass,Pass,Pass,Pass,Pass,Pass,Pass,Skip,Pass,
05-28-2016,20:18:15,46.1,1,171680063624,PASS,Pass,Pass,Pass,Pass,Pass,Pass,Pass,Pass,Skip,Pass,Pass,Pass,Pass,Pass,Pass,Pass,Pass,Pass,Pass,Pass,Pass,Pass,Pass,Pass,Pass,Pass,Pass,Pass,Pass,Pass,Pass,Pass,Pass,Pass,Pass,Pass,Pass,Pass,Pass,Skip,Pass,
05-28-2016,20:18:15,45.7,3,171680063511,PASS,Pass,Pass,Pass,Pass,Pass,Pass,Pass,Pass,Skip,Pass,Pass,Pass,Pass,Pass,Pass,Pass,Pass,Pass,Pass,Pass,Pass,Pass,Pass,Pass,Pass,Pass,Pass,Pass,Pass,Pass,Pass,Pass,Pass,Pass,Pass,Pass,Pass,Pass,Pass,Skip,Pass,
05-28-2016,20:18:16,45.1,6,171680063505,PASS,Pass,Pass,Pass,Pass,Pass,Pass,Pass,Pass,Skip,Pass,Pass,Pass,Pass,Pass,Pass,Pass,Pass,Pass,Pass,Pass,Pass,Pass,Pass,Pass,Pass,Pass,Pass,Pass,Pass,Pass,Pass,Pass,Pass,Pass,Pass,Pass,Pass,Pass,Pass,Skip,Pass,
05-28-2016,20:19:01,46.0,4,171680063501,PASS,Pass,Pass,Pass,Pass,Pass,Pass,Pass,Pass,Skip,Pass,Pass,Pass,Pass,Pass,Pass,Pass,Pass,Pass,Pass,Pass,Pass,Pass,Pass,Pass,Pass,Pass,Pass,Pass,Pass,Pass,Pass,Pass,Pass,Pass,Pass,Pass,Pass,Pass,Pass,Skip,Pass,
05-28-2016,20:19:02,46.6,2,171680063503,PASS,Pass,Pass,Pass,Pass,Pass,Pass,Pass,Pass,Skip,Pass,Pass,Pass,Pass,Pass,Pass,Pass,Pass,Pass,Pass,Pass,Pass,Pass,Pass,Pass,Pass,Pass,Pass,Pass,Pass,Pass,Pass,Pass,Pass,Pass,Pass,Pass,Pass,Pass,Pass,Skip,Pass,
05-28-2016,20:36:39,44.4,1,171680063623,PASS,Pass,Pass,Pass,Pass,Pass,Pass,Pass,Pass,Skip,Pass,Pass,Pass,Pass,Pass,Pass,Pass,Pass,Pass,Pass,Pass,Pass,Pass,Pass,Pass,Pass,Pass,Pass,Pass,Pass,Pass,Pass,Pass,Pass,Pass,Pass,Pass,Pass,Pass,Pass,Skip,Pass,
05-28-2016,20:36:44,45.3,5,171680063565,PASS,Pass,Pass,Pass,Pass,Pass,Pass,Pass,Pass,Skip,Pass,Pass,Pass,Pass,Pass,Pass,Pass,Pass,Pass,Pass,Pass,Pass,Pass,Pass,Pass,Pass,Pass,Pass,Pass,Pass,Pass,Pass,Pass,Pass,Pass,Pass,Pass,Pass,Pass,Pass,Skip,Pass,
05-28-2016,20:36:45,49.1,3,171680063626,PASS,Pass,Pass,Pass,Pass,Pass,Pass,Pass,Pass,Skip,Pass,Pass,Pass,Pass,Pass,Pass,Pass,Pass,Pass,Pass,Pass,Pass,Pass,Pass,Pass,Pass,Pass,Pass,Pass,Pass,Pass,Pass,Pass,Pass,Pass,Pass,Pass,Pass,Pass,Pass,Skip,Pass,
05-28-2016,20:37:24,45.1,2,171680063614,PASS,Pass,Pass,Pass,Pass,Pass,Pass,Pass,Pass,Skip,Pass,Pass,Pass,Pass,Pass,Pass,Pass,Pass,Pass,Pass,Pass,Pass,Pass,Pass,Pass,Pass,Pass,Pass,Pass,Pass,Pass,Pass,Pass,Pass,Pass,Pass,Pass,Pass,Pass,Pass,Skip,Pass,
05-28-2016,20:37:29,45.1,6,171680063654,PASS,Pass,Pass,Pass,Pass,Pass,Pass,Pass,Pass,Skip,Pass,Pass,Pass,Pass,Pass,Pass,Pass,Pass,Pass,Pass,Pass,Pass,Pass,Pass,Pass,Pass,Pass,Pass,Pass,Pass,Pass,Pass,Pass,Pass,Pass,Pass,Pass,Pass,Pass,Pass,Skip,Pass,
05-28-2016,20:37:32,47.0,4,171680063653,PASS,Pass,Pass,Pass,Pass,Pass,Pass,Pass,Pass,Skip,Pass,Pass,Pass,Pass,Pass,Pass,Pass,Pass,Pass,Pass,Pass,Pass,Pass,Pass,Pass,Pass,Pass,Pass,Pass,Pass,Pass,Pass,Pass,Pass,Pass,Pass,Pass,Pass,Pass,Pass,Skip,Pass,
05-28-2016,20:44:04,45.0,1,171680063612,PASS,Pass,Pass,Pass,Pass,Pass,Pass,Pass,Pass,Skip,Pass,Pass,Pass,Pass,Pass,Pass,Pass,Pass,Pass,Pass,Pass,Pass,Pass,Pass,Pass,Pass,Pass,Pass,Pass,Pass,Pass,Pass,Pass,Pass,Pass,Pass,Pass,Pass,Pass,Pass,Skip,Pass,
05-28-2016,20:44:07,45.6,3,171680063615,PASS,Pass,Pass,Pass,Pass,Pass,Pass,Pass,Pass,Skip,Pass,Pass,Pass,Pass,Pass,Pass,Pass,Pass,Pass,Pass,Pass,Pass,Pass,Pass,Pass,Pass,Pass,Pass,Pass,Pass,Pass,Pass,Pass,Pass,Pass,Pass,Pass,Pass,Pass,Pass,Skip,Pass,
05-28-2016,20:44:24,47.7,5,171680048522,PASS,Pass,Pass,Pass,Pass,Pass,Pass,Pass,Pass,Skip,Pass,Pass,Pass,Pass,Pass,Pass,Pass,Pass,Pass,Pass,Pass,Pass,Pass,Pass,Pass,Pass,Pass,Pass,Pass,Pass,Pass,Pass,Pass,Pass,Pass,Pass,Pass,Pass,Pass,Pass,Skip,Pass,
05-28-2016,20:44:49,45.2,2,171680048523,PASS,Pass,Pass,Pass,Pass,Pass,Pass,Pass,Pass,Skip,Pass,Pass,Pass,Pass,Pass,Pass,Pass,Pass,Pass,Pass,Pass,Pass,Pass,Pass,Pass,Pass,Pass,Pass,Pass,Pass,Pass,Pass,Pass,Pass,Pass,Pass,Pass,Pass,Pass,Pass,Skip,Pass,
05-28-2016,20:45:34,44.9,3,171680048525,PASS,Pass,Pass,Pass,Pass,Pass,Pass,Pass,Pass,Skip,Pass,Pass,Pass,Pass,Pass,Pass,Pass,Pass,Pass,Pass,Pass,Pass,Pass,Pass,Pass,Pass,Pass,Pass,Pass,Pass,Pass,Pass,Pass,Pass,Pass,Pass,Pass,Pass,Pass,Pass,Skip,Pass,
05-28-2016,20:45:35,45.6,1,171680048524,PASS,Pass,Pass,Pass,Pass,Pass,Pass,Pass,Pass,Skip,Pass,Pass,Pass,Pass,Pass,Pass,Pass,Pass,Pass,Pass,Pass,Pass,Pass,Pass,Pass,Pass,Pass,Pass,Pass,Pass,Pass,Pass,Pass,Pass,Pass,Pass,Pass,Pass,Pass,Pass,Skip,Pass,
05-28-2016,20:45:57,49.7,5,171680048526,PASS,Pass,Pass,Pass,Pass,Pass,Pass,Pass,Pass,Skip,Pass,Pass,Pass,Pass,Pass,Pass,Pass,Pass,Pass,Pass,Pass,Pass,Pass,Pass,Pass,Pass,Pass,Pass,Pass,Pass,Pass,Pass,Pass,Pass,Pass,Pass,Pass,Pass,Pass,Pass,Skip,Pass,
05-28-2016,20:46:20,44.4,2,171680048341,PASS,Pass,Pass,Pass,Pass,Pass,Pass,Pass,Pass,Skip,Pass,Pass,Pass,Pass,Pass,Pass,Pass,Pass,Pass,Pass,Pass,Pass,Pass,Pass,Pass,Pass,Pass,Pass,Pass,Pass,Pass,Pass,Pass,Pass,Pass,Pass,Pass,Pass,Pass,Pass,Skip,Pass,
05-28-2016,20:46:53,47.2,3,171680048343,PASS,Pass,Pass,Pass,Pass,Pass,Pass,Pass,Pass,Skip,Pass,Pass,Pass,Pass,Pass,Pass,Pass,Pass,Pass,Pass,Pass,Pass,Pass,Pass,Pass,Pass,Pass,Pass,Pass,Pass,Pass,Pass,Pass,Pass,Pass,Pass,Pass,Pass,Pass,Pass,Skip,Pass,
05-28-2016,20:47:04,44.4,1,171680048342,PASS,Pass,Pass,Pass,Pass,Pass,Pass,Pass,Pass,Skip,Pass,Pass,Pass,Pass,Pass,Pass,Pass,Pass,Pass,Pass,Pass,Pass,Pass,Pass,Pass,Pass,Pass,Pass,Pass,Pass,Pass,Pass,Pass,Pass,Pass,Pass,Pass,Pass,Pass,Pass,Skip,Pass,
05-28-2016,20:47:36,49.2,6,171680048345,PASS,Pass,Pass,Pass,Pass,Pass,Pass,Pass,Pass,Skip,Pass,Pass,Pass,Pass,Pass,Pass,Pass,Pass,Pass,Pass,Pass,Pass,Pass,Pass,Pass,Pass,Pass,Pass,Pass,Pass,Pass,Pass,Pass,Pass,Pass,Pass,Pass,Pass,Pass,Pass,Skip,Pass,
05-28-2016,20:47:41,47.0,4,171680048344,PASS,Pass,Pass,Pass,Pass,Pass,Pass,Pass,Pass,Skip,Pass,Pass,Pass,Pass,Pass,Pass,Pass,Pass,Pass,Pass,Pass,Pass,Pass,Pass,Pass,Pass,Pass,Pass,Pass,Pass,Pass,Pass,Pass,Pass,Pass,Pass,Pass,Pass,Pass,Pass,Skip,Pass,
05-28-2016,20:47:54,45.0,2,171680048346,PASS,Pass,Pass,Pass,Pass,Pass,Pass,Pass,Pass,Skip,Pass,Pass,Pass,Pass,Pass,Pass,Pass,Pass,Pass,Pass,Pass,Pass,Pass,Pass,Pass,Pass,Pass,Pass,Pass,Pass,Pass,Pass,Pass,Pass,Pass,Pass,Pass,Pass,Pass,Pass,Skip,Pass,
05-28-2016,20:48:33,44.4,3,171680048532,PASS,Pass,Pass,Pass,Pass,Pass,Pass,Pass,Pass,Skip,Pass,Pass,Pass,Pass,Pass,Pass,Pass,Pass,Pass,Pass,Pass,Pass,Pass,Pass,Pass,Pass,Pass,Pass,Pass,Pass,Pass,Pass,Pass,Pass,Pass,Pass,Pass,Pass,Pass,Pass,Skip,Pass,
05-28-2016,20:48:44,50.0,1,171680048531,PASS,Pass,Pass,Pass,Pass,Pass,Pass,Pass,Pass,Skip,Pass,Pass,Pass,Pass,Pass,Pass,Pass,Pass,Pass,Pass,Pass,Pass,Pass,Pass,Pass,Pass,Pass,Pass,Pass,Pass,Pass,Pass,Pass,Pass,Pass,Pass,Pass,Pass,Pass,Pass,Skip,Pass,
05-28-2016,20:49:29,45.2,4,171680048533,PASS,Pass,Pass,Pass,Pass,Pass,Pass,Pass,Pass,Skip,Pass,Pass,Pass,Pass,Pass,Pass,Pass,Pass,Pass,Pass,Pass,Pass,Pass,Pass,Pass,Pass,Pass,Pass,Pass,Pass,Pass,Pass,Pass,Pass,Pass,Pass,Pass,Pass,Pass,Pass,Skip,Pass,
05-28-2016,20:49:38,45.0,5,171680048534,PASS,Pass,Pass,Pass,Pass,Pass,Pass,Pass,Pass,Skip,Pass,Pass,Pass,Pass,Pass,Pass,Pass,Pass,Pass,Pass,Pass,Pass,Pass,Pass,Pass,Pass,Pass,Pass,Pass,Pass,Pass,Pass,Pass,Pass,Pass,Pass,Pass,Pass,Pass,Pass,Skip,Pass,
05-28-2016,20:50:25,46.5,6,171680048535,PASS,Pass,Pass,Pass,Pass,Pass,Pass,Pass,Pass,Skip,Pass,Pass,Pass,Pass,Pass,Pass,Pass,Pass,Pass,Pass,Pass,Pass,Pass,Pass,Pass,Pass,Pass,Pass,Pass,Pass,Pass,Pass,Pass,Pass,Pass,Pass,Pass,Pass,Pass,Pass,Skip,Pass,
05-28-2016,21:17:39,47.7,1,171680048536,PASS,Pass,Pass,Pass,Pass,Pass,Pass,Pass,Pass,Skip,Pass,Pass,Pass,Pass,Pass,Pass,Pass,Pass,Pass,Pass,Pass,Pass,Pass,Pass,Pass,Pass,Pass,Pass,Pass,Pass,Pass,Pass,Pass,Pass,Pass,Pass,Pass,Pass,Pass,Pass,Skip,Pass,
05-28-2016,21:17:53,45.8,3,171680048541,PASS,Pass,Pass,Pass,Pass,Pass,Pass,Pass,Pass,Skip,Pass,Pass,Pass,Pass,Pass,Pass,Pass,Pass,Pass,Pass,Pass,Pass,Pass,Pass,Pass,Pass,Pass,Pass,Pass,Pass,Pass,Pass,Pass,Pass,Pass,Pass,Pass,Pass,Pass,Pass,Skip,Pass,
05-28-2016,21:18:36,45.0,5,171680048542,PASS,Pass,Pass,Pass,Pass,Pass,Pass,Pass,Pass,Skip,Pass,Pass,Pass,Pass,Pass,Pass,Pass,Pass,Pass,Pass,Pass,Pass,Pass,Pass,Pass,Pass,Pass,Pass,Pass,Pass,Pass,Pass,Pass,Pass,Pass,Pass,Pass,Pass,Pass,Pass,Skip,Pass,
05-28-2016,21:18:57,47.1,2,171680048543,PASS,Pass,Pass,Pass,Pass,Pass,Pass,Pass,Pass,Skip,Pass,Pass,Pass,Pass,Pass,Pass,Pass,Pass,Pass,Pass,Pass,Pass,Pass,Pass,Pass,Pass,Pass,Pass,Pass,Pass,Pass,Pass,Pass,Pass,Pass,Pass,Pass,Pass,Pass,Pass,Skip,Pass,
05-28-2016,21:19:11,46.5,4,171680048544,PASS,Pass,Pass,Pass,Pass,Pass,Pass,Pass,Pass,Skip,Pass,Pass,Pass,Pass,Pass,Pass,Pass,Pass,Pass,Pass,Pass,Pass,Pass,Pass,Pass,Pass,Pass,Pass,Pass,Pass,Pass,Pass,Pass,Pass,Pass,Pass,Pass,Pass,Pass,Pass,Skip,Pass,
05-28-2016,21:19:31,47.7,6,171680048545,PASS,Pass,Pass,Pass,Pass,Pass,Pass,Pass,Pass,Skip,Pass,Pass,Pass,Pass,Pass,Pass,Pass,Pass,Pass,Pass,Pass,Pass,Pass,Pass,Pass,Pass,Pass,Pass,Pass,Pass,Pass,Pass,Pass,Pass,Pass,Pass,Pass,Pass,Pass,Pass,Skip,Pass,
05-28-2016,21:19:58,49.1,2,171680048546,PASS,Pass,Pass,Pass,Pass,Pass,Pass,Pass,Pass,Skip,Pass,Pass,Pass,Pass,Pass,Pass,Pass,Pass,Pass,Pass,Pass,Pass,Pass,Pass,Pass,Pass,Pass,Pass,Pass,Pass,Pass,Pass,Pass,Pass,Pass,Pass,Pass,Pass,Pass,Pass,Skip,Pass,
05-28-2016,21:20:08,45.3,4,171680048551,PASS,Pass,Pass,Pass,Pass,Pass,Pass,Pass,Pass,Skip,Pass,Pass,Pass,Pass,Pass,Pass,Pass,Pass,Pass,Pass,Pass,Pass,Pass,Pass,Pass,Pass,Pass,Pass,Pass,Pass,Pass,Pass,Pass,Pass,Pass,Pass,Pass,Pass,Pass,Pass,Skip,Pass,
05-28-2016,21:20:44,45.1,1,171680048552,PASS,Pass,Pass,Pass,Pass,Pass,Pass,Pass,Pass,Skip,Pass,Pass,Pass,Pass,Pass,Pass,Pass,Pass,Pass,Pass,Pass,Pass,Pass,Pass,Pass,Pass,Pass,Pass,Pass,Pass,Pass,Pass,Pass,Pass,Pass,Pass,Pass,Pass,Pass,Pass,Skip,Pass,
05-28-2016,21:20:53,45.2,3,171680048553,PASS,Pass,Pass,Pass,Pass,Pass,Pass,Pass,Pass,Skip,Pass,Pass,Pass,Pass,Pass,Pass,Pass,Pass,Pass,Pass,Pass,Pass,Pass,Pass,Pass,Pass,Pass,Pass,Pass,Pass,Pass,Pass,Pass,Pass,Pass,Pass,Pass,Pass,Pass,Pass,Skip,Pass,
05-28-2016,21:21:10,47.2,5,171680048554,PASS,Pass,Pass,Pass,Pass,Pass,Pass,Pass,Pass,Skip,Pass,Pass,Pass,Pass,Pass,Pass,Pass,Pass,Pass,Pass,Pass,Pass,Pass,Pass,Pass,Pass,Pass,Pass,Pass,Pass,Pass,Pass,Pass,Pass,Pass,Pass,Pass,Pass,Pass,Pass,Skip,Pass,
05-28-2016,21:21:30,46.4,2,171680048555,PASS,Pass,Pass,Pass,Pass,Pass,Pass,Pass,Pass,Skip,Pass,Pass,Pass,Pass,Pass,Pass,Pass,Pass,Pass,Pass,Pass,Pass,Pass,Pass,Pass,Pass,Pass,Pass,Pass,Pass,Pass,Pass,Pass,Pass,Pass,Pass,Pass,Pass,Pass,Pass,Skip,Pass,
05-28-2016,21:21:47,44.9,4,171680048556,PASS,Pass,Pass,Pass,Pass,Pass,Pass,Pass,Pass,Skip,Pass,Pass,Pass,Pass,Pass,Pass,Pass,Pass,Pass,Pass,Pass,Pass,Pass,Pass,Pass,Pass,Pass,Pass,Pass,Pass,Pass,Pass,Pass,Pass,Pass,Pass,Pass,Pass,Pass,Pass,Skip,Pass,
05-28-2016,21:22:08,45.1,6,171680048561,PASS,Pass,Pass,Pass,Pass,Pass,Pass,Pass,Pass,Skip,Pass,Pass,Pass,Pass,Pass,Pass,Pass,Pass,Pass,Pass,Pass,Pass,Pass,Pass,Pass,Pass,Pass,Pass,Pass,Pass,Pass,Pass,Pass,Pass,Pass,Pass,Pass,Pass,Pass,Pass,Skip,Pass,
05-28-2016,21:32:08,47.8,3,171680048563,PASS,Pass,Pass,Pass,Pass,Pass,Pass,Pass,Pass,Skip,Pass,Pass,Pass,Pass,Pass,Pass,Pass,Pass,Pass,Pass,Pass,Pass,Pass,Pass,Pass,Pass,Pass,Pass,Pass,Pass,Pass,Pass,Pass,Pass,Pass,Pass,Pass,Pass,Pass,Pass,Skip,Pass,
05-28-2016,21:32:09,47.2,5,171680048562,PASS,Pass,Pass,Pass,Pass,Pass,Pass,Pass,Pass,Skip,Pass,Pass,Pass,Pass,Pass,Pass,Pass,Pass,Pass,Pass,Pass,Pass,Pass,Pass,Pass,Pass,Pass,Pass,Pass,Pass,Pass,Pass,Pass,Pass,Pass,Pass,Pass,Pass,Pass,Pass,Skip,Pass,
05-28-2016,21:32:52,46.6,2,171680048564,PASS,Pass,Pass,Pass,Pass,Pass,Pass,Pass,Pass,Skip,Pass,Pass,Pass,Pass,Pass,Pass,Pass,Pass,Pass,Pass,Pass,Pass,Pass,Pass,Pass,Pass,Pass,Pass,Pass,Pass,Pass,Pass,Pass,Pass,Pass,Pass,Pass,Pass,Pass,Pass,Skip,Pass,
05-28-2016,21:33:07,45.2,4,171680048565,PASS,Pass,Pass,Pass,Pass,Pass,Pass,Pass,Pass,Skip,Pass,Pass,Pass,Pass,Pass,Pass,Pass,Pass,Pass,Pass,Pass,Pass,Pass,Pass,Pass,Pass,Pass,Pass,Pass,Pass,Pass,Pass,Pass,Pass,Pass,Pass,Pass,Pass,Pass,Pass,Skip,Pass,
05-28-2016,21:33:30,49.3,6,171680048566,PASS,Pass,Pass,Pass,Pass,Pass,Pass,Pass,Pass,Skip,Pass,Pass,Pass,Pass,Pass,Pass,Pass,Pass,Pass,Pass,Pass,Pass,Pass,Pass,Pass,Pass,Pass,Pass,Pass,Pass,Pass,Pass,Pass,Pass,Pass,Pass,Pass,Pass,Pass,Pass,Skip,Pass,
05-28-2016,21:35:02,45.7,1,171680048571,PASS,Pass,Pass,Pass,Pass,Pass,Pass,Pass,Pass,Skip,Pass,Pass,Pass,Pass,Pass,Pass,Pass,Pass,Pass,Pass,Pass,Pass,Pass,Pass,Pass,Pass,Pass,Pass,Pass,Pass,Pass,Pass,Pass,Pass,Pass,Pass,Pass,Pass,Pass,Pass,Skip,Pass,
05-28-2016,21:35:21,50.7,3,171680048572,PASS,Pass,Pass,Pass,Pass,Pass,Pass,Pass,Pass,Skip,Pass,Pass,Pass,Pass,Pass,Pass,Pass,Pass,Pass,Pass,Pass,Pass,Pass,Pass,Pass,Pass,Pass,Pass,Pass,Pass,Pass,Pass,Pass,Pass,Pass,Pass,Pass,Pass,Pass,Pass,Skip,Pass,
05-28-2016,21:36:08,46.6,4,171680048573,PASS,Pass,Pass,Pass,Pass,Pass,Pass,Pass,Pass,Skip,Pass,Pass,Pass,Pass,Pass,Pass,Pass,Pass,Pass,Pass,Pass,Pass,Pass,Pass,Pass,Pass,Pass,Pass,Pass,Pass,Pass,Pass,Pass,Pass,Pass,Pass,Pass,Pass,Pass,Pass,Skip,Pass,
05-28-2016,21:36:17,50.8,5,171680048574,PASS,Pass,Pass,Pass,Pass,Pass,Pass,Pass,Pass,Skip,Pass,Pass,Pass,Pass,Pass,Pass,Pass,Pass,Pass,Pass,Pass,Pass,Pass,Pass,Pass,Pass,Pass,Pass,Pass,Pass,Pass,Pass,Pass,Pass,Pass,Pass,Pass,Pass,Pass,Pass,Skip,Pass,
05-28-2016,21:37:05,48.6,6,171680048575,PASS,Pass,Pass,Pass,Pass,Pass,Pass,Pass,Pass,Skip,Pass,Pass,Pass,Pass,Pass,Pass,Pass,Pass,Pass,Pass,Pass,Pass,Pass,Pass,Pass,Pass,Pass,Pass,Pass,Pass,Pass,Pass,Pass,Pass,Pass,Pass,Pass,Pass,Pass,Pass,Skip,Pass,
05-28-2016,21:37:53,45.1,1,171680048576,PASS,Pass,Pass,Pass,Pass,Pass,Pass,Pass,Pass,Skip,Pass,Pass,Pass,Pass,Pass,Pass,Pass,Pass,Pass,Pass,Pass,Pass,Pass,Pass,Pass,Pass,Pass,Pass,Pass,Pass,Pass,Pass,Pass,Pass,Pass,Pass,Pass,Pass,Pass,Pass,Skip,Pass,
05-28-2016,21:38:08,46.5,3,171680048471,PASS,Pass,Pass,Pass,Pass,Pass,Pass,Pass,Pass,Skip,Pass,Pass,Pass,Pass,Pass,Pass,Pass,Pass,Pass,Pass,Pass,Pass,Pass,Pass,Pass,Pass,Pass,Pass,Pass,Pass,Pass,Pass,Pass,Pass,Pass,Pass,Pass,Pass,Pass,Pass,Skip,Pass,
05-28-2016,21:38:52,46.5,5,171680048472,PASS,Pass,Pass,Pass,Pass,Pass,Pass,Pass,Pass,Skip,Pass,Pass,Pass,Pass,Pass,Pass,Pass,Pass,Pass,Pass,Pass,Pass,Pass,Pass,Pass,Pass,Pass,Pass,Pass,Pass,Pass,Pass,Pass,Pass,Pass,Pass,Pass,Pass,Pass,Pass,Skip,Pass,
05-28-2016,21:39:13,45.6,2,171680048473,PASS,Pass,Pass,Pass,Pass,Pass,Pass,Pass,Pass,Skip,Pass,Pass,Pass,Pass,Pass,Pass,Pass,Pass,Pass,Pass,Pass,Pass,Pass,Pass,Pass,Pass,Pass,Pass,Pass,Pass,Pass,Pass,Pass,Pass,Pass,Pass,Pass,Pass,Pass,Pass,Skip,Pass,
05-28-2016,21:39:25,44.8,4,171680048474,PASS,Pass,Pass,Pass,Pass,Pass,Pass,Pass,Pass,Skip,Pass,Pass,Pass,Pass,Pass,Pass,Pass,Pass,Pass,Pass,Pass,Pass,Pass,Pass,Pass,Pass,Pass,Pass,Pass,Pass,Pass,Pass,Pass,Pass,Pass,Pass,Pass,Pass,Pass,Pass,Skip,Pass,
05-28-2016,21:46:34,46.0,3,171680048476,PASS,Pass,Pass,Pass,Pass,Pass,Pass,Pass,Pass,Skip,Pass,Pass,Pass,Pass,Pass,Pass,Pass,Pass,Pass,Pass,Pass,Pass,Pass,Pass,Pass,Pass,Pass,Pass,Pass,Pass,Pass,Pass,Pass,Pass,Pass,Pass,Pass,Pass,Pass,Pass,Skip,Pass,
05-28-2016,21:46:37,48.3,5,171680048475,PASS,Pass,Pass,Pass,Pass,Pass,Pass,Pass,Pass,Skip,Pass,Pass,Pass,Pass,Pass,Pass,Pass,Pass,Pass,Pass,Pass,Pass,Pass,Pass,Pass,Pass,Pass,Pass,Pass,Pass,Pass,Pass,Pass,Pass,Pass,Pass,Pass,Pass,Pass,Pass,Skip,Pass,
05-28-2016,21:47:24,45.0,2,171680048491,PASS,Pass,Pass,Pass,Pass,Pass,Pass,Pass,Pass,Skip,Pass,Pass,Pass,Pass,Pass,Pass,Pass,Pass,Pass,Pass,Pass,Pass,Pass,Pass,Pass,Pass,Pass,Pass,Pass,Pass,Pass,Pass,Pass,Pass,Pass,Pass,Pass,Pass,Pass,Pass,Skip,Pass,
05-28-2016,21:47:40,49.2,4,171680048492,PASS,Pass,Pass,Pass,Pass,Pass,Pass,Pass,Pass,Skip,Pass,Pass,Pass,Pass,Pass,Pass,Pass,Pass,Pass,Pass,Pass,Pass,Pass,Pass,Pass,Pass,Pass,Pass,Pass,Pass,Pass,Pass,Pass,Pass,Pass,Pass,Pass,Pass,Pass,Pass,Skip,Pass,
05-28-2016,21:47:52,46.4,6,171680048493,PASS,Pass,Pass,Pass,Pass,Pass,Pass,Pass,Pass,Skip,Pass,Pass,Pass,Pass,Pass,Pass,Pass,Pass,Pass,Pass,Pass,Pass,Pass,Pass,Pass,Pass,Pass,Pass,Pass,Pass,Pass,Pass,Pass,Pass,Pass,Pass,Pass,Pass,Pass,Pass,Skip,Pass,
05-28-2016,21:49:12,46.2,1,171680048401,PASS,Pass,Pass,Pass,Pass,Pass,Pass,Pass,Pass,Skip,Pass,Pass,Pass,Pass,Pass,Pass,Pass,Pass,Pass,Pass,Pass,Pass,Pass,Pass,Pass,Pass,Pass,Pass,Pass,Pass,Pass,Pass,Pass,Pass,Pass,Pass,Pass,Pass,Pass,Pass,Skip,Pass,
05-28-2016,21:49:19,51.4,3,171680048496,PASS,Pass,Pass,Pass,Pass,Pass,Pass,Pass,Pass,Skip,Pass,Pass,Pass,Pass,Pass,Pass,Pass,Pass,Pass,Pass,Pass,Pass,Pass,Pass,Pass,Pass,Pass,Pass,Pass,Pass,Pass,Pass,Pass,Pass,Pass,Pass,Pass,Pass,Pass,Pass,Skip,Pass,
05-28-2016,21:49:21,48.6,5,171680048495,PASS,Pass,Pass,Pass,Pass,Pass,Pass,Pass,Pass,Skip,Pass,Pass,Pass,Pass,Pass,Pass,Pass,Pass,Pass,Pass,Pass,Pass,Pass,Pass,Pass,Pass,Pass,Pass,Pass,Pass,Pass,Pass,Pass,Pass,Pass,Pass,Pass,Pass,Pass,Pass,Skip,Pass,
05-28-2016,21:49:57,45.0,2,171680048494,PASS,Pass,Pass,Pass,Pass,Pass,Pass,Pass,Pass,Skip,Pass,Pass,Pass,Pass,Pass,Pass,Pass,Pass,Pass,Pass,Pass,Pass,Pass,Pass,Pass,Pass,Pass,Pass,Pass,Pass,Pass,Pass,Pass,Pass,Pass,Pass,Pass,Pass,Pass,Pass,Skip,Pass,
05-28-2016,21:57:37,48.5,1,171680048405,PASS,Pass,Pass,Pass,Pass,Pass,Pass,Pass,Pass,Skip,Pass,Pass,Pass,Pass,Pass,Pass,Pass,Pass,Pass,Pass,Pass,Pass,Pass,Pass,Pass,Pass,Pass,Pass,Pass,Pass,Pass,Pass,Pass,Pass,Pass,Pass,Pass,Pass,Pass,Pass,Skip,Pass,
05-28-2016,21:57:38,47.0,3,171680048404,PASS,Pass,Pass,Pass,Pass,Pass,Pass,Pass,Pass,Skip,Pass,Pass,Pass,Pass,Pass,Pass,Pass,Pass,Pass,Pass,Pass,Pass,Pass,Pass,Pass,Pass,Pass,Pass,Pass,Pass,Pass,Pass,Pass,Pass,Pass,Pass,Pass,Pass,Pass,Pass,Skip,Pass,
05-28-2016,21:57:40,47.3,5,171680048403,PASS,Pass,Pass,Pass,Pass,Pass,Pass,Pass,Pass,Skip,Pass,Pass,Pass,Pass,Pass,Pass,Pass,Pass,Pass,Pass,Pass,Pass,Pass,Pass,Pass,Pass,Pass,Pass,Pass,Pass,Pass,Pass,Pass,Pass,Pass,Pass,Pass,Pass,Pass,Pass,Skip,Pass,
05-28-2016,21:58:23,45.9,2,171680048402,PASS,Pass,Pass,Pass,Pass,Pass,Pass,Pass,Pass,Skip,Pass,Pass,Pass,Pass,Pass,Pass,Pass,Pass,Pass,Pass,Pass,Pass,Pass,Pass,Pass,Pass,Pass,Pass,Pass,Pass,Pass,Pass,Pass,Pass,Pass,Pass,Pass,Pass,Pass,Pass,Skip,Pass,
05-28-2016,21:58:25,45.0,6,171680048406,PASS,Pass,Pass,Pass,Pass,Pass,Pass,Pass,Pass,Skip,Pass,Pass,Pass,Pass,Pass,Pass,Pass,Pass,Pass,Pass,Pass,Pass,Pass,Pass,Pass,Pass,Pass,Pass,Pass,Pass,Pass,Pass,Pass,Pass,Pass,Pass,Pass,Pass,Pass,Pass,Skip,Pass,
05-28-2016,21:59:40,47.1,1,171680059814,PASS,Pass,Pass,Pass,Pass,Pass,Pass,Pass,Pass,Skip,Pass,Pass,Pass,Pass,Pass,Pass,Pass,Pass,Pass,Pass,Pass,Pass,Pass,Pass,Pass,Pass,Pass,Pass,Pass,Pass,Pass,Pass,Pass,Pass,Pass,Pass,Pass,Pass,Pass,Pass,Skip,Pass,
05-28-2016,21:59:41,44.2,5,171680059812,PASS,Pass,Pass,Pass,Pass,Pass,Pass,Pass,Pass,Skip,Pass,Pass,Pass,Pass,Pass,Pass,Pass,Pass,Pass,Pass,Pass,Pass,Pass,Pass,Pass,Pass,Pass,Pass,Pass,Pass,Pass,Pass,Pass,Pass,Pass,Pass,Pass,Pass,Pass,Pass,Skip,Pass,
05-28-2016,21:59:41,46.3,3,171680059813,PASS,Pass,Pass,Pass,Pass,Pass,Pass,Pass,Pass,Skip,Pass,Pass,Pass,Pass,Pass,Pass,Pass,Pass,Pass,Pass,Pass,Pass,Pass,Pass,Pass,Pass,Pass,Pass,Pass,Pass,Pass,Pass,Pass,Pass,Pass,Pass,Pass,Pass,Pass,Pass,Skip,Pass,
05-28-2016,22:00:26,45.8,2,171680059811,PASS,Pass,Pass,Pass,Pass,Pass,Pass,Pass,Pass,Skip,Pass,Pass,Pass,Pass,Pass,Pass,Pass,Pass,Pass,Pass,Pass,Pass,Pass,Pass,Pass,Pass,Pass,Pass,Pass,Pass,Pass,Pass,Pass,Pass,Pass,Pass,Pass,Pass,Pass,Pass,Skip,Pass,
05-28-2016,22:00:30,49.3,6,171680059815,PASS,Pass,Pass,Pass,Pass,Pass,Pass,Pass,Pass,Skip,Pass,Pass,Pass,Pass,Pass,Pass,Pass,Pass,Pass,Pass,Pass,Pass,Pass,Pass,Pass,Pass,Pass,Pass,Pass,Pass,Pass,Pass,Pass,Pass,Pass,Pass,Pass,Pass,Pass,Pass,Skip,Pass,
05-28-2016,22:05:31,45.0,1,171680059705,PASS,Pass,Pass,Pass,Pass,Pass,Pass,Pass,Pass,Skip,Pass,Pass,Pass,Pass,Pass,Pass,Pass,Pass,Pass,Pass,Pass,Pass,Pass,Pass,Pass,Pass,Pass,Pass,Pass,Pass,Pass,Pass,Pass,Pass,Pass,Pass,Pass,Pass,Pass,Pass,Skip,Pass,
05-28-2016,22:05:34,45.2,5,171680059703,PASS,Pass,Pass,Pass,Pass,Pass,Pass,Pass,Pass,Skip,Pass,Pass,Pass,Pass,Pass,Pass,Pass,Pass,Pass,Pass,Pass,Pass,Pass,Pass,Pass,Pass,Pass,Pass,Pass,Pass,Pass,Pass,Pass,Pass,Pass,Pass,Pass,Pass,Pass,Pass,Skip,Pass,
05-28-2016,22:05:37,48.8,3,171680059704,PASS,Pass,Pass,Pass,Pass,Pass,Pass,Pass,Pass,Skip,Pass,Pass,Pass,Pass,Pass,Pass,Pass,Pass,Pass,Pass,Pass,Pass,Pass,Pass,Pass,Pass,Pass,Pass,Pass,Pass,Pass,Pass,Pass,Pass,Pass,Pass,Pass,Pass,Pass,Pass,Skip,Pass,
05-28-2016,22:06:23,48.6,6,171680059701,PASS,Pass,Pass,Pass,Pass,Pass,Pass,Pass,Pass,Skip,Pass,Pass,Pass,Pass,Pass,Pass,Pass,Pass,Pass,Pass,Pass,Pass,Pass,Pass,Pass,Pass,Pass,Pass,Pass,Pass,Pass,Pass,Pass,Pass,Pass,Pass,Pass,Pass,Pass,Pass,Skip,Pass,
05-28-2016,22:06:25,48.0,4,171680059702,PASS,Pass,Pass,Pass,Pass,Pass,Pass,Pass,Pass,Skip,Pass,Pass,Pass,Pass,Pass,Pass,Pass,Pass,Pass,Pass,Pass,Pass,Pass,Pass,Pass,Pass,Pass,Pass,Pass,Pass,Pass,Pass,Pass,Pass,Pass,Pass,Pass,Pass,Pass,Pass,Skip,Pass,
05-28-2016,22:08:13,45.7,1,171680059816,PASS,Pass,Pass,Pass,Pass,Pass,Pass,Pass,Pass,Skip,Pass,Pass,Pass,Pass,Pass,Pass,Pass,Pass,Pass,Pass,Pass,Pass,Pass,Pass,Pass,Pass,Pass,Pass,Pass,Pass,Pass,Pass,Pass,Pass,Pass,Pass,Pass,Pass,Pass,Pass,Skip,Pass,
05-28-2016,22:08:26,44.1,3,171680059706,PASS,Pass,Pass,Pass,Pass,Pass,Pass,Pass,Pass,Skip,Pass,Pass,Pass,Pass,Pass,Pass,Pass,Pass,Pass,Pass,Pass,Pass,Pass,Pass,Pass,Pass,Pass,Pass,Pass,Pass,Pass,Pass,Pass,Pass,Pass,Pass,Pass,Pass,Pass,Pass,Skip,Pass,
05-28-2016,22:08:41,45.1,5,171680059721,PASS,Pass,Pass,Pass,Pass,Pass,Pass,Pass,Pass,Skip,Pass,Pass,Pass,Pass,Pass,Pass,Pass,Pass,Pass,Pass,Pass,Pass,Pass,Pass,Pass,Pass,Pass,Pass,Pass,Pass,Pass,Pass,Pass,Pass,Pass,Pass,Pass,Pass,Pass,Pass,Skip,Pass,
05-28-2016,22:09:26,45.9,2,171680059722,PASS,Pass,Pass,Pass,Pass,Pass,Pass,Pass,Pass,Skip,Pass,Pass,Pass,Pass,Pass,Pass,Pass,Pass,Pass,Pass,Pass,Pass,Pass,Pass,Pass,Pass,Pass,Pass,Pass,Pass,Pass,Pass,Pass,Pass,Pass,Pass,Pass,Pass,Pass,Pass,Skip,Pass,
05-28-2016,22:09:50,45.8,4,171680059723,PASS,Pass,Pass,Pass,Pass,Pass,Pass,Pass,Pass,Skip,Pass,Pass,Pass,Pass,Pass,Pass,Pass,Pass,Pass,Pass,Pass,Pass,Pass,Pass,Pass,Pass,Pass,Pass,Pass,Pass,Pass,Pass,Pass,Pass,Pass,Pass,Pass,Pass,Pass,Pass,Skip,Pass,
05-28-2016,22:14:58,44.3,1,171680059724,PASS,Pass,Pass,Pass,Pass,Pass,Pass,Pass,Pass,Skip,Pass,Pass,Pass,Pass,Pass,Pass,Pass,Pass,Pass,Pass,Pass,Pass,Pass,Pass,Pass,Pass,Pass,Pass,Pass,Pass,Pass,Pass,Pass,Pass,Pass,Pass,Pass,Pass,Pass,Pass,Skip,Pass,
05-28-2016,22:15:22,46.3,5,171680059725,PASS,Pass,Pass,Pass,Pass,Pass,Pass,Pass,Pass,Skip,Pass,Pass,Pass,Pass,Pass,Pass,Pass,Pass,Pass,Pass,Pass,Pass,Pass,Pass,Pass,Pass,Pass,Pass,Pass,Pass,Pass,Pass,Pass,Pass,Pass,Pass,Pass,Pass,Pass,Pass,Skip,Pass,
05-28-2016,22:15:25,51.3,3,171680059726,PASS,Pass,Pass,Pass,Pass,Pass,Pass,Pass,Pass,Skip,Pass,Pass,Pass,Pass,Pass,Pass,Pass,Pass,Pass,Pass,Pass,Pass,Pass,Pass,Pass,Pass,Pass,Pass,Pass,Pass,Pass,Pass,Pass,Pass,Pass,Pass,Pass,Pass,Pass,Pass,Skip,Pass,
05-28-2016,22:16:02,46.4,2,171680059841,PASS,Pass,Pass,Pass,Pass,Pass,Pass,Pass,Pass,Skip,Pass,Pass,Pass,Pass,Pass,Pass,Pass,Pass,Pass,Pass,Pass,Pass,Pass,Pass,Pass,Pass,Pass,Pass,Pass,Pass,Pass,Pass,Pass,Pass,Pass,Pass,Pass,Pass,Pass,Pass,Skip,Pass,
05-28-2016,22:16:39,45.0,4,171680059842,PASS,Pass,Pass,Pass,Pass,Pass,Pass,Pass,Pass,Skip,Pass,Pass,Pass,Pass,Pass,Pass,Pass,Pass,Pass,Pass,Pass,Pass,Pass,Pass,Pass,Pass,Pass,Pass,Pass,Pass,Pass,Pass,Pass,Pass,Pass,Pass,Pass,Pass,Pass,Pass,Skip,Pass,
05-28-2016,22:17:11,49.2,6,171680059843,PASS,Pass,Pass,Pass,Pass,Pass,Pass,Pass,Pass,Skip,Pass,Pass,Pass,Pass,Pass,Pass,Pass,Pass,Pass,Pass,Pass,Pass,Pass,Pass,Pass,Pass,Pass,Pass,Pass,Pass,Pass,Pass,Pass,Pass,Pass,Pass,Pass,Pass,Pass,Pass,Skip,Pass,
05-28-2016,22:18:35,46.3,3,171680059844,PASS,Pass,Pass,Pass,Pass,Pass,Pass,Pass,Pass,Skip,Pass,Pass,Pass,Pass,Pass,Pass,Pass,Pass,Pass,Pass,Pass,Pass,Pass,Pass,Pass,Pass,Pass,Pass,Pass,Pass,Pass,Pass,Pass,Pass,Pass,Pass,Pass,Pass,Pass,Pass,Skip,Pass,
05-28-2016,22:18:38,50.5,1,171680059845,PASS,Pass,Pass,Pass,Pass,Pass,Pass,Pass,Pass,Skip,Pass,Pass,Pass,Pass,Pass,Pass,Pass,Pass,Pass,Pass,Pass,Pass,Pass,Pass,Pass,Pass,Pass,Pass,Pass,Pass,Pass,Pass,Pass,Pass,Pass,Pass,Pass,Pass,Pass,Pass,Skip,Pass,
05-28-2016,22:19:09,46.8,5,171680059846,PASS,Pass,Pass,Pass,Pass,Pass,Pass,Pass,Pass,Skip,Pass,Pass,Pass,Pass,Pass,Pass,Pass,Pass,Pass,Pass,Pass,Pass,Pass,Pass,Pass,Pass,Pass,Pass,Pass,Pass,Pass,Pass,Pass,Pass,Pass,Pass,Pass,Pass,Pass,Pass,Skip,Pass,
05-28-2016,22:19:46,45.0,2,171680059762,PASS,Pass,Pass,Pass,Pass,Pass,Pass,Pass,Pass,Skip,Pass,Pass,Pass,Pass,Pass,Pass,Pass,Pass,Pass,Pass,Pass,Pass,Pass,Pass,Pass,Pass,Pass,Pass,Pass,Pass,Pass,Pass,Pass,Pass,Pass,Pass,Pass,Pass,Pass,Pass,Skip,Pass,
05-28-2016,22:19:51,48.6,4,171680059761,PASS,Pass,Pass,Pass,Pass,Pass,Pass,Pass,Pass,Skip,Pass,Pass,Pass,Pass,Pass,Pass,Pass,Pass,Pass,Pass,Pass,Pass,Pass,Pass,Pass,Pass,Pass,Pass,Pass,Pass,Pass,Pass,Pass,Pass,Pass,Pass,Pass,Pass,Pass,Pass,Skip,Pass,
05-28-2016,22:20:08,45.2,6,171680059763,PASS,Pass,Pass,Pass,Pass,Pass,Pass,Pass,Pass,Skip,Pass,Pass,Pass,Pass,Pass,Pass,Pass,Pass,Pass,Pass,Pass,Pass,Pass,Pass,Pass,Pass,Pass,Pass,Pass,Pass,Pass,Pass,Pass,Pass,Pass,Pass,Pass,Pass,Pass,Pass,Skip,Pass,
05-28-2016,22:28:11,46.0,1,171680059764,PASS,Pass,Pass,Pass,Pass,Pass,Pass,Pass,Pass,Skip,Pass,Pass,Pass,Pass,Pass,Pass,Pass,Pass,Pass,Pass,Pass,Pass,Pass,Pass,Pass,Pass,Pass,Pass,Pass,Pass,Pass,Pass,Pass,Pass,Pass,Pass,Pass,Pass,Pass,Pass,Skip,Pass,
05-28-2016,22:28:21,46.6,3,171680059765,PASS,Pass,Pass,Pass,Pass,Pass,Pass,Pass,Pass,Skip,Pass,Pass,Pass,Pass,Pass,Pass,Pass,Pass,Pass,Pass,Pass,Pass,Pass,Pass,Pass,Pass,Pass,Pass,Pass,Pass,Pass,Pass,Pass,Pass,Pass,Pass,Pass,Pass,Pass,Pass,Skip,Pass,
05-28-2016,22:29:00,48.4,5,171680059766,PASS,Pass,Pass,Pass,Pass,Pass,Pass,Pass,Pass,Skip,Pass,Pass,Pass,Pass,Pass,Pass,Pass,Pass,Pass,Pass,Pass,Pass,Pass,Pass,Pass,Pass,Pass,Pass,Pass,Pass,Pass,Pass,Pass,Pass,Pass,Pass,Pass,Pass,Pass,Pass,Skip,Pass,
05-28-2016,22:29:16,44.8,2,171680059651,PASS,Pass,Pass,Pass,Pass,Pass,Pass,Pass,Pass,Skip,Pass,Pass,Pass,Pass,Pass,Pass,Pass,Pass,Pass,Pass,Pass,Pass,Pass,Pass,Pass,Pass,Pass,Pass,Pass,Pass,Pass,Pass,Pass,Pass,Pass,Pass,Pass,Pass,Pass,Pass,Skip,Pass,
05-28-2016,22:29:38,44.1,4,171680059652,PASS,Pass,Pass,Pass,Pass,Pass,Pass,Pass,Pass,Skip,Pass,Pass,Pass,Pass,Pass,Pass,Pass,Pass,Pass,Pass,Pass,Pass,Pass,Pass,Pass,Pass,Pass,Pass,Pass,Pass,Pass,Pass,Pass,Pass,Pass,Pass,Pass,Pass,Pass,Pass,Skip,Pass,
05-28-2016,22:30:00,48.5,6,171680059653,PASS,Pass,Pass,Pass,Pass,Pass,Pass,Pass,Pass,Skip,Pass,Pass,Pass,Pass,Pass,Pass,Pass,Pass,Pass,Pass,Pass,Pass,Pass,Pass,Pass,Pass,Pass,Pass,Pass,Pass,Pass,Pass,Pass,Pass,Pass,Pass,Pass,Pass,Pass,Pass,Skip,Pass,
05-28-2016,22:30:18,45.2,1,171680059654,PASS,Pass,Pass,Pass,Pass,Pass,Pass,Pass,Pass,Skip,Pass,Pass,Pass,Pass,Pass,Pass,Pass,Pass,Pass,Pass,Pass,Pass,Pass,Pass,Pass,Pass,Pass,Pass,Pass,Pass,Pass,Pass,Pass,Pass,Pass,Pass,Pass,Pass,Pass,Pass,Skip,Pass,
05-28-2016,22:30:38,47.0,3,171680059655,PASS,Pass,Pass,Pass,Pass,Pass,Pass,Pass,Pass,Skip,Pass,Pass,Pass,Pass,Pass,Pass,Pass,Pass,Pass,Pass,Pass,Pass,Pass,Pass,Pass,Pass,Pass,Pass,Pass,Pass,Pass,Pass,Pass,Pass,Pass,Pass,Pass,Pass,Pass,Pass,Skip,Pass,
05-28-2016,22:30:58,46.4,5,171680059656,PASS,Pass,Pass,Pass,Pass,Pass,Pass,Pass,Pass,Skip,Pass,Pass,Pass,Pass,Pass,Pass,Pass,Pass,Pass,Pass,Pass,Pass,Pass,Pass,Pass,Pass,Pass,Pass,Pass,Pass,Pass,Pass,Pass,Pass,Pass,Pass,Pass,Pass,Pass,Pass,Skip,Pass,
05-28-2016,22:32:14,44.3,1,171680059691,PASS,Pass,Pass,Pass,Pass,Pass,Pass,Pass,Pass,Skip,Pass,Pass,Pass,Pass,Pass,Pass,Pass,Pass,Pass,Pass,Pass,Pass,Pass,Pass,Pass,Pass,Pass,Pass,Pass,Pass,Pass,Pass,Pass,Pass,Pass,Pass,Pass,Pass,Pass,Pass,Skip,Pass,
05-28-2016,22:32:27,45.1,3,171680059692,PASS,Pass,Pass,Pass,Pass,Pass,Pass,Pass,Pass,Skip,Pass,Pass,Pass,Pass,Pass,Pass,Pass,Pass,Pass,Pass,Pass,Pass,Pass,Pass,Pass,Pass,Pass,Pass,Pass,Pass,Pass,Pass,Pass,Pass,Pass,Pass,Pass,Pass,Pass,Pass,Skip,Pass,
05-28-2016,22:34:59,44.8,1,171680059693,PASS,Pass,Pass,Pass,Pass,Pass,Pass,Pass,Pass,Skip,Pass,Pass,Pass,Pass,Pass,Pass,Pass,Pass,Pass,Pass,Pass,Pass,Pass,Pass,Pass,Pass,Pass,Pass,Pass,Pass,Pass,Pass,Pass,Pass,Pass,Pass,Pass,Pass,Pass,Pass,Skip,Pass,
05-28-2016,22:35:20,47.1,3,171680059694,PASS,Pass,Pass,Pass,Pass,Pass,Pass,Pass,Pass,Skip,Pass,Pass,Pass,Pass,Pass,Pass,Pass,Pass,Pass,Pass,Pass,Pass,Pass,Pass,Pass,Pass,Pass,Pass,Pass,Pass,Pass,Pass,Pass,Pass,Pass,Pass,Pass,Pass,Pass,Pass,Skip,Pass,
05-28-2016,22:35:42,47.2,5,171680059695,PASS,Pass,Pass,Pass,Pass,Pass,Pass,Pass,Pass,Skip,Pass,Pass,Pass,Pass,Pass,Pass,Pass,Pass,Pass,Pass,Pass,Pass,Pass,Pass,Pass,Pass,Pass,Pass,Pass,Pass,Pass,Pass,Pass,Pass,Pass,Pass,Pass,Pass,Pass,Pass,Skip,Pass,
05-28-2016,22:35:58,45.1,2,171680059696,PASS,Pass,Pass,Pass,Pass,Pass,Pass,Pass,Pass,Skip,Pass,Pass,Pass,Pass,Pass,Pass,Pass,Pass,Pass,Pass,Pass,Pass,Pass,Pass,Pass,Pass,Pass,Pass,Pass,Pass,Pass,Pass,Pass,Pass,Pass,Pass,Pass,Pass,Pass,Pass,Skip,Pass,
05-28-2016,22:36:20,46.4,4,171680059641,PASS,Pass,Pass,Pass,Pass,Pass,Pass,Pass,Pass,Skip,Pass,Pass,Pass,Pass,Pass,Pass,Pass,Pass,Pass,Pass,Pass,Pass,Pass,Pass,Pass,Pass,Pass,Pass,Pass,Pass,Pass,Pass,Pass,Pass,Pass,Pass,Pass,Pass,Pass,Pass,Skip,Pass,
05-28-2016,22:36:42,49.1,6,171680059642,PASS,Pass,Pass,Pass,Pass,Pass,Pass,Pass,Pass,Skip,Pass,Pass,Pass,Pass,Pass,Pass,Pass,Pass,Pass,Pass,Pass,Pass,Pass,Pass,Pass,Pass,Pass,Pass,Pass,Pass,Pass,Pass,Pass,Pass,Pass,Pass,Pass,Pass,Pass,Pass,Skip,Pass,
05-28-2016,22:36:58,45.1,1,171680059643,PASS,Pass,Pass,Pass,Pass,Pass,Pass,Pass,Pass,Skip,Pass,Pass,Pass,Pass,Pass,Pass,Pass,Pass,Pass,Pass,Pass,Pass,Pass,Pass,Pass,Pass,Pass,Pass,Pass,Pass,Pass,Pass,Pass,Pass,Pass,Pass,Pass,Pass,Pass,Pass,Skip,Pass,
05-28-2016,22:37:27,44.8,3,171680059644,PASS,Pass,Pass,Pass,Pass,Pass,Pass,Pass,Pass,Skip,Pass,Pass,Pass,Pass,Pass,Pass,Pass,Pass,Pass,Pass,Pass,Pass,Pass,Pass,Pass,Pass,Pass,Pass,Pass,Pass,Pass,Pass,Pass,Pass,Pass,Pass,Pass,Pass,Pass,Pass,Skip,Pass,
05-28-2016,22:37:54,45.5,5,171680059645,PASS,Pass,Pass,Pass,Pass,Pass,Pass,Pass,Pass,Skip,Pass,Pass,Pass,Pass,Pass,Pass,Pass,Pass,Pass,Pass,Pass,Pass,Pass,Pass,Pass,Pass,Pass,Pass,Pass,Pass,Pass,Pass,Pass,Pass,Pass,Pass,Pass,Pass,Pass,Pass,Skip,Pass,
05-28-2016,22:38:07,47.1,2,171680059646,PASS,Pass,Pass,Pass,Pass,Pass,Pass,Pass,Pass,Skip,Pass,Pass,Pass,Pass,Pass,Pass,Pass,Pass,Pass,Pass,Pass,Pass,Pass,Pass,Pass,Pass,Pass,Pass,Pass,Pass,Pass,Pass,Pass,Pass,Pass,Pass,Pass,Pass,Pass,Pass,Skip,Pass,
05-28-2016,22:38:31,48.8,4,171680059711,PASS,Pass,Pass,Pass,Pass,Pass,Pass,Pass,Pass,Skip,Pass,Pass,Pass,Pass,Pass,Pass,Pass,Pass,Pass,Pass,Pass,Pass,Pass,Pass,Pass,Pass,Pass,Pass,Pass,Pass,Pass,Pass,Pass,Pass,Pass,Pass,Pass,Pass,Pass,Pass,Skip,Pass,
05-28-2016,22:38:47,45.1,6,171680059712,PASS,Pass,Pass,Pass,Pass,Pass,Pass,Pass,Pass,Skip,Pass,Pass,Pass,Pass,Pass,Pass,Pass,Pass,Pass,Pass,Pass,Pass,Pass,Pass,Pass,Pass,Pass,Pass,Pass,Pass,Pass,Pass,Pass,Pass,Pass,Pass,Pass,Pass,Pass,Pass,Skip,Pass,
05-28-2016,22:39:07,45.2,1,171680059713,PASS,Pass,Pass,Pass,Pass,Pass,Pass,Pass,Pass,Skip,Pass,Pass,Pass,Pass,Pass,Pass,Pass,Pass,Pass,Pass,Pass,Pass,Pass,Pass,Pass,Pass,Pass,Pass,Pass,Pass,Pass,Pass,Pass,Pass,Pass,Pass,Pass,Pass,Pass,Pass,Skip,Pass,
05-28-2016,22:39:27,45.7,3,171680059714,PASS,Pass,Pass,Pass,Pass,Pass,Pass,Pass,Pass,Skip,Pass,Pass,Pass,Pass,Pass,Pass,Pass,Pass,Pass,Pass,Pass,Pass,Pass,Pass,Pass,Pass,Pass,Pass,Pass,Pass,Pass,Pass,Pass,Pass,Pass,Pass,Pass,Pass,Pass,Pass,Skip,Pass,
05-28-2016,22:39:52,45.1,2,171680059715,PASS,Pass,Pass,Pass,Pass,Pass,Pass,Pass,Pass,Skip,Pass,Pass,Pass,Pass,Pass,Pass,Pass,Pass,Pass,Pass,Pass,Pass,Pass,Pass,Pass,Pass,Pass,Pass,Pass,Pass,Pass,Pass,Pass,Pass,Pass,Pass,Pass,Pass,Pass,Pass,Skip,Pass,
05-28-2016,22:40:15,47.4,4,171680059716,PASS,Pass,Pass,Pass,Pass,Pass,Pass,Pass,Pass,Skip,Pass,Pass,Pass,Pass,Pass,Pass,Pass,Pass,Pass,Pass,Pass,Pass,Pass,Pass,Pass,Pass,Pass,Pass,Pass,Pass,Pass,Pass,Pass,Pass,Pass,Pass,Pass,Pass,Pass,Pass,Skip,Pass,
05-28-2016,22:40:25,44.3,6,171680059731,PASS,Pass,Pass,Pass,Pass,Pass,Pass,Pass,Pass,Skip,Pass,Pass,Pass,Pass,Pass,Pass,Pass,Pass,Pass,Pass,Pass,Pass,Pass,Pass,Pass,Pass,Pass,Pass,Pass,Pass,Pass,Pass,Pass,Pass,Pass,Pass,Pass,Pass,Pass,Pass,Skip,Pass,
05-28-2016,22:40:48,44.0,1,171680059732,PASS,Pass,Pass,Pass,Pass,Pass,Pass,Pass,Pass,Skip,Pass,Pass,Pass,Pass,Pass,Pass,Pass,Pass,Pass,Pass,Pass,Pass,Pass,Pass,Pass,Pass,Pass,Pass,Pass,Pass,Pass,Pass,Pass,Pass,Pass,Pass,Pass,Pass,Pass,Pass,Skip,Pass,
05-28-2016,22:41:08,46.3,3,171680059733,PASS,Pass,Pass,Pass,Pass,Pass,Pass,Pass,Pass,Skip,Pass,Pass,Pass,Pass,Pass,Pass,Pass,Pass,Pass,Pass,Pass,Pass,Pass,Pass,Pass,Pass,Pass,Pass,Pass,Pass,Pass,Pass,Pass,Pass,Pass,Pass,Pass,Pass,Pass,Pass,Skip,Pass,
05-28-2016,22:41:27,46.4,5,171680059734,PASS,Pass,Pass,Pass,Pass,Pass,Pass,Pass,Pass,Skip,Pass,Pass,Pass,Pass,Pass,Pass,Pass,Pass,Pass,Pass,Pass,Pass,Pass,Pass,Pass,Pass,Pass,Pass,Pass,Pass,Pass,Pass,Pass,Pass,Pass,Pass,Pass,Pass,Pass,Pass,Skip,Pass,
05-28-2016,22:53:03,44.1,1,171680059735,PASS,Pass,Pass,Pass,Pass,Pass,Pass,Pass,Pass,Skip,Pass,Pass,Pass,Pass,Pass,Pass,Pass,Pass,Pass,Pass,Pass,Pass,Pass,Pass,Pass,Pass,Pass,Pass,Pass,Pass,Pass,Pass,Pass,Pass,Pass,Pass,Pass,Pass,Pass,Pass,Skip,Pass,
05-28-2016,23:05:30,44.1,1,171680059736,PASS,Pass,Pass,Pass,Pass,Pass,Pass,Pass,Pass,Skip,Pass,Pass,Pass,Pass,Pass,Pass,Pass,Pass,Pass,Pass,Pass,Pass,Pass,Pass,Pass,Pass,Pass,Pass,Pass,Pass,Pass,Pass,Pass,Pass,Pass,Pass,Pass,Pass,Pass,Pass,Skip,Pass,
05-28-2016,23:06:06,45.0,3,171680059751,PASS,Pass,Pass,Pass,Pass,Pass,Pass,Pass,Pass,Skip,Pass,Pass,Pass,Pass,Pass,Pass,Pass,Pass,Pass,Pass,Pass,Pass,Pass,Pass,Pass,Pass,Pass,Pass,Pass,Pass,Pass,Pass,Pass,Pass,Pass,Pass,Pass,Pass,Pass,Pass,Skip,Pass,
05-28-2016,23:06:19,45.2,5,171680059735,PASS,Pass,Pass,Pass,Pass,Pass,Pass,Pass,Pass,Skip,Pass,Pass,Pass,Pass,Pass,Pass,Pass,Pass,Pass,Pass,Pass,Pass,Pass,Pass,Pass,Pass,Pass,Pass,Pass,Pass,Pass,Pass,Pass,Pass,Pass,Pass,Pass,Pass,Pass,Pass,Skip,Pass,
05-28-2016,23:06:25,45.7,2,171680059752,PASS,Pass,Pass,Pass,Pass,Pass,Pass,Pass,Pass,Skip,Pass,Pass,Pass,Pass,Pass,Pass,Pass,Pass,Pass,Pass,Pass,Pass,Pass,Pass,Pass,Pass,Pass,Pass,Pass,Pass,Pass,Pass,Pass,Pass,Pass,Pass,Pass,Pass,Pass,Pass,Skip,Pass,
05-28-2016,23:06:56,49.5,4,171680059753,PASS,Pass,Pass,Pass,Pass,Pass,Pass,Pass,Pass,Skip,Pass,Pass,Pass,Pass,Pass,Pass,Pass,Pass,Pass,Pass,Pass,Pass,Pass,Pass,Pass,Pass,Pass,Pass,Pass,Pass,Pass,Pass,Pass,Pass,Pass,Pass,Pass,Pass,Pass,Pass,Skip,Pass,
05-28-2016,23:07:12,45.0,6,171680059754,PASS,Pass,Pass,Pass,Pass,Pass,Pass,Pass,Pass,Skip,Pass,Pass,Pass,Pass,Pass,Pass,Pass,Pass,Pass,Pass,Pass,Pass,Pass,Pass,Pass,Pass,Pass,Pass,Pass,Pass,Pass,Pass,Pass,Pass,Pass,Pass,Pass,Pass,Pass,Pass,Skip,Pass,
05-28-2016,23:08:00,46.4,1,171680059755,PASS,Pass,Pass,Pass,Pass,Pass,Pass,Pass,Pass,Skip,Pass,Pass,Pass,Pass,Pass,Pass,Pass,Pass,Pass,Pass,Pass,Pass,Pass,Pass,Pass,Pass,Pass,Pass,Pass,Pass,Pass,Pass,Pass,Pass,Pass,Pass,Pass,Pass,Pass,Pass,Skip,Pass,
05-28-2016,23:09:38,44.3,1,171680059756,PASS,Pass,Pass,Pass,Pass,Pass,Pass,Pass,Pass,Skip,Pass,Pass,Pass,Pass,Pass,Pass,Pass,Pass,Pass,Pass,Pass,Pass,Pass,Pass,Pass,Pass,Pass,Pass,Pass,Pass,Pass,Pass,Pass,Pass,Pass,Pass,Pass,Pass,Pass,Pass,Skip,Pass,
05-28-2016,23:09:49,46.5,3,171680059671,PASS,Pass,Pass,Pass,Pass,Pass,Pass,Pass,Pass,Skip,Pass,Pass,Pass,Pass,Pass,Pass,Pass,Pass,Pass,Pass,Pass,Pass,Pass,Pass,Pass,Pass,Pass,Pass,Pass,Pass,Pass,Pass,Pass,Pass,Pass,Pass,Pass,Pass,Pass,Pass,Skip,Pass,
05-28-2016,23:10:27,47.1,5,171680059672,PASS,Pass,Pass,Pass,Pass,Pass,Pass,Pass,Pass,Skip,Pass,Pass,Pass,Pass,Pass,Pass,Pass,Pass,Pass,Pass,Pass,Pass,Pass,Pass,Pass,Pass,Pass,Pass,Pass,Pass,Pass,Pass,Pass,Pass,Pass,Pass,Pass,Pass,Pass,Pass,Skip,Pass,
05-28-2016,23:11:24,44.8,1,171680059673,PASS,Pass,Pass,Pass,Pass,Pass,Pass,Pass,Pass,Skip,Pass,Pass,Pass,Pass,Pass,Pass,Pass,Pass,Pass,Pass,Pass,Pass,Pass,Pass,Pass,Pass,Pass,Pass,Pass,Pass,Pass,Pass,Pass,Pass,Pass,Pass,Pass,Pass,Pass,Pass,Skip,Pass,
05-28-2016,23:11:44,47.3,3,171680059674,PASS,Pass,Pass,Pass,Pass,Pass,Pass,Pass,Pass,Skip,Pass,Pass,Pass,Pass,Pass,Pass,Pass,Pass,Pass,Pass,Pass,Pass,Pass,Pass,Pass,Pass,Pass,Pass,Pass,Pass,Pass,Pass,Pass,Pass,Pass,Pass,Pass,Pass,Pass,Pass,Skip,Pass,
05-28-2016,23:12:06,49.2,5,171680059675,PASS,Pass,Pass,Pass,Pass,Pass,Pass,Pass,Pass,Skip,Pass,Pass,Pass,Pass,Pass,Pass,Pass,Pass,Pass,Pass,Pass,Pass,Pass,Pass,Pass,Pass,Pass,Pass,Pass,Pass,Pass,Pass,Pass,Pass,Pass,Pass,Pass,Pass,Pass,Pass,Skip,Pass,
05-28-2016,23:12:24,45.6,2,171680059676,PASS,Pass,Pass,Pass,Pass,Pass,Pass,Pass,Pass,Skip,Pass,Pass,Pass,Pass,Pass,Pass,Pass,Pass,Pass,Pass,Pass,Pass,Pass,Pass,Pass,Pass,Pass,Pass,Pass,Pass,Pass,Pass,Pass,Pass,Pass,Pass,Pass,Pass,Pass,Pass,Skip,Pass,
05-28-2016,23:12:50,49.6,4,171680059631,PASS,Pass,Pass,Pass,Pass,Pass,Pass,Pass,Pass,Skip,Pass,Pass,Pass,Pass,Pass,Pass,Pass,Pass,Pass,Pass,Pass,Pass,Pass,Pass,Pass,Pass,Pass,Pass,Pass,Pass,Pass,Pass,Pass,Pass,Pass,Pass,Pass,Pass,Pass,Pass,Skip,Pass,
05-28-2016,23:13:04,45.1,6,171680059632,PASS,Pass,Pass,Pass,Pass,Pass,Pass,Pass,Pass,Skip,Pass,Pass,Pass,Pass,Pass,Pass,Pass,Pass,Pass,Pass,Pass,Pass,Pass,Pass,Pass,Pass,Pass,Pass,Pass,Pass,Pass,Pass,Pass,Pass,Pass,Pass,Pass,Pass,Pass,Pass,Skip,Pass,
05-28-2016,23:13:55,45.2,1,171680059633,PASS,Pass,Pass,Pass,Pass,Pass,Pass,Pass,Pass,Skip,Pass,Pass,Pass,Pass,Pass,Pass,Pass,Pass,Pass,Pass,Pass,Pass,Pass,Pass,Pass,Pass,Pass,Pass,Pass,Pass,Pass,Pass,Pass,Pass,Pass,Pass,Pass,Pass,Pass,Pass,Skip,Pass,
05-28-2016,23:14:18,47.0,3,171680059634,PASS,Pass,Pass,Pass,Pass,Pass,Pass,Pass,Pass,Skip,Pass,Pass,Pass,Pass,Pass,Pass,Pass,Pass,Pass,Pass,Pass,Pass,Pass,Pass,Pass,Pass,Pass,Pass,Pass,Pass,Pass,Pass,Pass,Pass,Pass,Pass,Pass,Pass,Pass,Pass,Skip,Pass,
05-28-2016,23:14:43,47.2,5,171680059635,PASS,Pass,Pass,Pass,Pass,Pass,Pass,Pass,Pass,Skip,Pass,Pass,Pass,Pass,Pass,Pass,Pass,Pass,Pass,Pass,Pass,Pass,Pass,Pass,Pass,Pass,Pass,Pass,Pass,Pass,Pass,Pass,Pass,Pass,Pass,Pass,Pass,Pass,Pass,Pass,Skip,Pass,
05-28-2016,23:14:56,46.9,2,171680059636,PASS,Pass,Pass,Pass,Pass,Pass,Pass,Pass,Pass,Skip,Pass,Pass,Pass,Pass,Pass,Pass,Pass,Pass,Pass,Pass,Pass,Pass,Pass,Pass,Pass,Pass,Pass,Pass,Pass,Pass,Pass,Pass,Pass,Pass,Pass,Pass,Pass,Pass,Pass,Pass,Skip,Pass,
05-28-2016,23:15:28,45.1,6,171680059801,PASS,Pass,Pass,Pass,Pass,Pass,Pass,Pass,Pass,Skip,Pass,Pass,Pass,Pass,Pass,Pass,Pass,Pass,Pass,Pass,Pass,Pass,Pass,Pass,Pass,Pass,Pass,Pass,Pass,Pass,Pass,Pass,Pass,Pass,Pass,Pass,Pass,Pass,Pass,Pass,Skip,Pass,
05-28-2016,23:15:41,44.4,1,171680059802,PASS,Pass,Pass,Pass,Pass,Pass,Pass,Pass,Pass,Skip,Pass,Pass,Pass,Pass,Pass,Pass,Pass,Pass,Pass,Pass,Pass,Pass,Pass,Pass,Pass,Pass,Pass,Pass,Pass,Pass,Pass,Pass,Pass,Pass,Pass,Pass,Pass,Pass,Pass,Pass,Skip,Pass,
05-28-2016,23:15:55,46.4,3,171680059803,PASS,Pass,Pass,Pass,Pass,Pass,Pass,Pass,Pass,Skip,Pass,Pass,Pass,Pass,Pass,Pass,Pass,Pass,Pass,Pass,Pass,Pass,Pass,Pass,Pass,Pass,Pass,Pass,Pass,Pass,Pass,Pass,Pass,Pass,Pass,Pass,Pass,Pass,Pass,Pass,Skip,Pass,
05-28-2016,23:18:00,44.4,2,171680059804,PASS,Pass,Pass,Pass,Pass,Pass,Pass,Pass,Pass,Skip,Pass,Pass,Pass,Pass,Pass,Pass,Pass,Pass,Pass,Pass,Pass,Pass,Pass,Pass,Pass,Pass,Pass,Pass,Pass,Pass,Pass,Pass,Pass,Pass,Pass,Pass,Pass,Pass,Pass,Pass,Skip,Pass,
05-28-2016,23:18:26,45.4,4,171680059805,PASS,Pass,Pass,Pass,Pass,Pass,Pass,Pass,Pass,Skip,Pass,Pass,Pass,Pass,Pass,Pass,Pass,Pass,Pass,Pass,Pass,Pass,Pass,Pass,Pass,Pass,Pass,Pass,Pass,Pass,Pass,Pass,Pass,Pass,Pass,Pass,Pass,Pass,Pass,Pass,Skip,Pass,
05-28-2016,23:18:47,48.1,5,171680059806,PASS,Pass,Pass,Pass,Pass,Pass,Pass,Pass,Pass,Skip,Pass,Pass,Pass,Pass,Pass,Pass,Pass,Pass,Pass,Pass,Pass,Pass,Pass,Pass,Pass,Pass,Pass,Pass,Pass,Pass,Pass,Pass,Pass,Pass,Pass,Pass,Pass,Pass,Pass,Pass,Skip,Pass,
05-28-2016,23:20:28,44.3,1,171680059681,PASS,Pass,Pass,Pass,Pass,Pass,Pass,Pass,Pass,Skip,Pass,Pass,Pass,Pass,Pass,Pass,Pass,Pass,Pass,Pass,Pass,Pass,Pass,Pass,Pass,Pass,Pass,Pass,Pass,Pass,Pass,Pass,Pass,Pass,Pass,Pass,Pass,Pass,Pass,Pass,Skip,Pass,
05-28-2016,23:21:05,46.5,3,171680059682,PASS,Pass,Pass,Pass,Pass,Pass,Pass,Pass,Pass,Skip,Pass,Pass,Pass,Pass,Pass,Pass,Pass,Pass,Pass,Pass,Pass,Pass,Pass,Pass,Pass,Pass,Pass,Pass,Pass,Pass,Pass,Pass,Pass,Pass,Pass,Pass,Pass,Pass,Pass,Pass,Skip,Pass,
05-28-2016,23:21:28,44.0,5,171680059683,PASS,Pass,Pass,Pass,Pass,Pass,Pass,Pass,Pass,Skip,Pass,Pass,Pass,Pass,Pass,Pass,Pass,Pass,Pass,Pass,Pass,Pass,Pass,Pass,Pass,Pass,Pass,Pass,Pass,Pass,Pass,Pass,Pass,Pass,Pass,Pass,Pass,Pass,Pass,Pass,Skip,Pass,
05-28-2016,23:21:47,46.3,2,171680059684,PASS,Pass,Pass,Pass,Pass,Pass,Pass,Pass,Pass,Skip,Pass,Pass,Pass,Pass,Pass,Pass,Pass,Pass,Pass,Pass,Pass,Pass,Pass,Pass,Pass,Pass,Pass,Pass,Pass,Pass,Pass,Pass,Pass,Pass,Pass,Pass,Pass,Pass,Pass,Pass,Skip,Pass,
05-28-2016,23:22:08,45.0,4,171680059685,PASS,Pass,Pass,Pass,Pass,Pass,Pass,Pass,Pass,Skip,Pass,Pass,Pass,Pass,Pass,Pass,Pass,Pass,Pass,Pass,Pass,Pass,Pass,Pass,Pass,Pass,Pass,Pass,Pass,Pass,Pass,Pass,Pass,Pass,Pass,Pass,Pass,Pass,Pass,Pass,Skip,Pass,
05-28-2016,23:22:27,45.0,6,171680059686,PASS,Pass,Pass,Pass,Pass,Pass,Pass,Pass,Pass,Skip,Pass,Pass,Pass,Pass,Pass,Pass,Pass,Pass,Pass,Pass,Pass,Pass,Pass,Pass,Pass,Pass,Pass,Pass,Pass,Pass,Pass,Pass,Pass,Pass,Pass,Pass,Pass,Pass,Pass,Pass,Skip,Pass,
05-28-2016,23:23:46,47.3,1,171680059741,PASS,Pass,Pass,Pass,Pass,Pass,Pass,Pass,Pass,Skip,Pass,Pass,Pass,Pass,Pass,Pass,Pass,Pass,Pass,Pass,Pass,Pass,Pass,Pass,Pass,Pass,Pass,Pass,Pass,Pass,Pass,Pass,Pass,Pass,Pass,Pass,Pass,Pass,Pass,Pass,Skip,Pass,
05-28-2016,23:25:44,48.5,3,171680059742,PASS,Pass,Pass,Pass,Pass,Pass,Pass,Pass,Pass,Skip,Pass,Pass,Pass,Pass,Pass,Pass,Pass,Pass,Pass,Pass,Pass,Pass,Pass,Pass,Pass,Pass,Pass,Pass,Pass,Pass,Pass,Pass,Pass,Pass,Pass,Pass,Pass,Pass,Pass,Pass,Skip,Pass,
05-28-2016,23:26:09,47.9,5,171680059743,PASS,Pass,Pass,Pass,Pass,Pass,Pass,Pass,Pass,Skip,Pass,Pass,Pass,Pass,Pass,Pass,Pass,Pass,Pass,Pass,Pass,Pass,Pass,Pass,Pass,Pass,Pass,Pass,Pass,Pass,Pass,Pass,Pass,Pass,Pass,Pass,Pass,Pass,Pass,Pass,Skip,Pass,
05-28-2016,23:26:27,47.8,1,171680059744,PASS,Pass,Pass,Pass,Pass,Pass,Pass,Pass,Pass,Skip,Pass,Pass,Pass,Pass,Pass,Pass,Pass,Pass,Pass,Pass,Pass,Pass,Pass,Pass,Pass,Pass,Pass,Pass,Pass,Pass,Pass,Pass,Pass,Pass,Pass,Pass,Pass,Pass,Pass,Pass,Skip,Pass,
05-28-2016,23:27:14,47.2,2,171680059745,PASS,Pass,Pass,Pass,Pass,Pass,Pass,Pass,Pass,Skip,Pass,Pass,Pass,Pass,Pass,Pass,Pass,Pass,Pass,Pass,Pass,Pass,Pass,Pass,Pass,Pass,Pass,Pass,Pass,Pass,Pass,Pass,Pass,Pass,Pass,Pass,Pass,Pass,Pass,Pass,Skip,Pass,
05-28-2016,23:27:18,47.0,4,171680059746,PASS,Pass,Pass,Pass,Pass,Pass,Pass,Pass,Pass,Skip,Pass,Pass,Pass,Pass,Pass,Pass,Pass,Pass,Pass,Pass,Pass,Pass,Pass,Pass,Pass,Pass,Pass,Pass,Pass,Pass,Pass,Pass,Pass,Pass,Pass,Pass,Pass,Pass,Pass,Pass,Skip,Pass,
05-28-2016,23:27:32,44.9,6,171680059771,PASS,Pass,Pass,Pass,Pass,Pass,Pass,Pass,Pass,Skip,Pass,Pass,Pass,Pass,Pass,Pass,Pass,Pass,Pass,Pass,Pass,Pass,Pass,Pass,Pass,Pass,Pass,Pass,Pass,Pass,Pass,Pass,Pass,Pass,Pass,Pass,Pass,Pass,Pass,Pass,Skip,Pass,
05-28-2016,23:27:59,44.9,1,171680059772,PASS,Pass,Pass,Pass,Pass,Pass,Pass,Pass,Pass,Skip,Pass,Pass,Pass,Pass,Pass,Pass,Pass,Pass,Pass,Pass,Pass,Pass,Pass,Pass,Pass,Pass,Pass,Pass,Pass,Pass,Pass,Pass,Pass,Pass,Pass,Pass,Pass,Pass,Pass,Pass,Skip,Pass,
05-28-2016,23:28:12,44.2,3,171680059773,PASS,Pass,Pass,Pass,Pass,Pass,Pass,Pass,Pass,Skip,Pass,Pass,Pass,Pass,Pass,Pass,Pass,Pass,Pass,Pass,Pass,Pass,Pass,Pass,Pass,Pass,Pass,Pass,Pass,Pass,Pass,Pass,Pass,Pass,Pass,Pass,Pass,Pass,Pass,Pass,Skip,Pass,
05-28-2016,23:28:49,50.0,5,171680059774,PASS,Pass,Pass,Pass,Pass,Pass,Pass,Pass,Pass,Skip,Pass,Pass,Pass,Pass,Pass,Pass,Pass,Pass,Pass,Pass,Pass,Pass,Pass,Pass,Pass,Pass,Pass,Pass,Pass,Pass,Pass,Pass,Pass,Pass,Pass,Pass,Pass,Pass,Pass,Pass,Skip,Pass,
05-28-2016,23:30:50,43.9,1,171680059775,PASS,Pass,Pass,Pass,Pass,Pass,Pass,Pass,Pass,Skip,Pass,Pass,Pass,Pass,Pass,Pass,Pass,Pass,Pass,Pass,Pass,Pass,Pass,Pass,Pass,Pass,Pass,Pass,Pass,Pass,Pass,Pass,Pass,Pass,Pass,Pass,Pass,Pass,Pass,Pass,Skip,Pass,
05-28-2016,23:31:07,45.6,3,171680059776,PASS,Pass,Pass,Pass,Pass,Pass,Pass,Pass,Pass,Skip,Pass,Pass,Pass,Pass,Pass,Pass,Pass,Pass,Pass,Pass,Pass,Pass,Pass,Pass,Pass,Pass,Pass,Pass,Pass,Pass,Pass,Pass,Pass,Pass,Pass,Pass,Pass,Pass,Pass,Pass,Skip,Pass,
05-28-2016,23:31:15,45.8,5,171680059831,PASS,Pass,Pass,Pass,Pass,Pass,Pass,Pass,Pass,Skip,Pass,Pass,Pass,Pass,Pass,Pass,Pass,Pass,Pass,Pass,Pass,Pass,Pass,Pass,Pass,Pass,Pass,Pass,Pass,Pass,Pass,Pass,Pass,Pass,Pass,Pass,Pass,Pass,Pass,Pass,Skip,Pass,
05-28-2016,23:31:40,46.2,2,171680059832,PASS,Pass,Pass,Pass,Pass,Pass,Pass,Pass,Pass,Skip,Pass,Pass,Pass,Pass,Pass,Pass,Pass,Pass,Pass,Pass,Pass,Pass,Pass,Pass,Pass,Pass,Pass,Pass,Pass,Pass,Pass,Pass,Pass,Pass,Pass,Pass,Pass,Pass,Pass,Pass,Skip,Pass,
05-28-2016,23:32:18,49.1,4,171680059833,PASS,Pass,Pass,Pass,Pass,Pass,Pass,Pass,Pass,Skip,Pass,Pass,Pass,Pass,Pass,Pass,Pass,Pass,Pass,Pass,Pass,Pass,Pass,Pass,Pass,Pass,Pass,Pass,Pass,Pass,Pass,Pass,Pass,Pass,Pass,Pass,Pass,Pass,Pass,Pass,Skip,Pass,
05-28-2016,23:32:35,46.5,1,171680059834,PASS,Pass,Pass,Pass,Pass,Pass,Pass,Pass,Pass,Skip,Pass,Pass,Pass,Pass,Pass,Pass,Pass,Pass,Pass,Pass,Pass,Pass,Pass,Pass,Pass,Pass,Pass,Pass,Pass,Pass,Pass,Pass,Pass,Pass,Pass,Pass,Pass,Pass,Pass,Pass,Skip,Pass,
05-28-2016,23:38:02,44.1,3,171680059835,PASS,Pass,Pass,Pass,Pass,Pass,Pass,Pass,Pass,Skip,Pass,Pass,Pass,Pass,Pass,Pass,Pass,Pass,Pass,Pass,Pass,Pass,Pass,Pass,Pass,Pass,Pass,Pass,Pass,Pass,Pass,Pass,Pass,Pass,Pass,Pass,Pass,Pass,Pass,Pass,Skip,Pass,
05-28-2016,23:38:39,48.0,5,171680059791,PASS,Pass,Pass,Pass,Pass,Pass,Pass,Pass,Pass,Skip,Pass,Pass,Pass,Pass,Pass,Pass,Pass,Pass,Pass,Pass,Pass,Pass,Pass,Pass,Pass,Pass,Pass,Pass,Pass,Pass,Pass,Pass,Pass,Pass,Pass,Pass,Pass,Pass,Pass,Pass,Skip,Pass,
05-28-2016,23:38:47,45.0,4,171680059836,PASS,Pass,Pass,Pass,Pass,Pass,Pass,Pass,Pass,Skip,Pass,Pass,Pass,Pass,Pass,Pass,Pass,Pass,Pass,Pass,Pass,Pass,Pass,Pass,Pass,Pass,Pass,Pass,Pass,Pass,Pass,Pass,Pass,Pass,Pass,Pass,Pass,Pass,Pass,Pass,Skip,Pass,
05-28-2016,23:39:25,45.7,6,171680059792,PASS,Pass,Pass,Pass,Pass,Pass,Pass,Pass,Pass,Skip,Pass,Pass,Pass,Pass,Pass,Pass,Pass,Pass,Pass,Pass,Pass,Pass,Pass,Pass,Pass,Pass,Pass,Pass,Pass,Pass,Pass,Pass,Pass,Pass,Pass,Pass,Pass,Pass,Pass,Pass,Skip,Pass,
05-28-2016,23:41:42,47.2,1,171680059793,PASS,Pass,Pass,Pass,Pass,Pass,Pass,Pass,Pass,Skip,Pass,Pass,Pass,Pass,Pass,Pass,Pass,Pass,Pass,Pass,Pass,Pass,Pass,Pass,Pass,Pass,Pass,Pass,Pass,Pass,Pass,Pass,Pass,Pass,Pass,Pass,Pass,Pass,Pass,Pass,Skip,Pass,
05-28-2016,23:43:04,46.8,3,171680059794,PASS,Pass,Pass,Pass,Pass,Pass,Pass,Pass,Pass,Skip,Pass,Pass,Pass,Pass,Pass,Pass,Pass,Pass,Pass,Pass,Pass,Pass,Pass,Pass,Pass,Pass,Pass,Pass,Pass,Pass,Pass,Pass,Pass,Pass,Pass,Pass,Pass,Pass,Pass,Pass,Skip,Pass,
05-28-2016,23:43:17,47.4,5,171680059795,PASS,Pass,Pass,Pass,Pass,Pass,Pass,Pass,Pass,Skip,Pass,Pass,Pass,Pass,Pass,Pass,Pass,Pass,Pass,Pass,Pass,Pass,Pass,Pass,Pass,Pass,Pass,Pass,Pass,Pass,Pass,Pass,Pass,Pass,Pass,Pass,Pass,Pass,Pass,Pass,Skip,Pass,
05-28-2016,23:43:33,45.6,2,171680059796,PASS,Pass,Pass,Pass,Pass,Pass,Pass,Pass,Pass,Skip,Pass,Pass,Pass,Pass,Pass,Pass,Pass,Pass,Pass,Pass,Pass,Pass,Pass,Pass,Pass,Pass,Pass,Pass,Pass,Pass,Pass,Pass,Pass,Pass,Pass,Pass,Pass,Pass,Pass,Pass,Skip,Pass,
05-28-2016,23:43:54,46.0,4,171680059851,PASS,Pass,Pass,Pass,Pass,Pass,Pass,Pass,Pass,Skip,Pass,Pass,Pass,Pass,Pass,Pass,Pass,Pass,Pass,Pass,Pass,Pass,Pass,Pass,Pass,Pass,Pass,Pass,Pass,Pass,Pass,Pass,Pass,Pass,Pass,Pass,Pass,Pass,Pass,Pass,Skip,Pass,
05-28-2016,23:44:19,48.2,6,171680059852,PASS,Pass,Pass,Pass,Pass,Pass,Pass,Pass,Pass,Skip,Pass,Pass,Pass,Pass,Pass,Pass,Pass,Pass,Pass,Pass,Pass,Pass,Pass,Pass,Pass,Pass,Pass,Pass,Pass,Pass,Pass,Pass,Pass,Pass,Pass,Pass,Pass,Pass,Pass,Pass,Skip,Pass,
05-28-2016,23:44:21,45.0,1,171680059835,PASS,Pass,Pass,Pass,Pass,Pass,Pass,Pass,Pass,Skip,Pass,Pass,Pass,Pass,Pass,Pass,Pass,Pass,Pass,Pass,Pass,Pass,Pass,Pass,Pass,Pass,Pass,Pass,Pass,Pass,Pass,Pass,Pass,Pass,Pass,Pass,Pass,Pass,Pass,Pass,Skip,Pass,
05-28-2016,23:45:00,45.0,3,171680059853,PASS,Pass,Pass,Pass,Pass,Pass,Pass,Pass,Pass,Skip,Pass,Pass,Pass,Pass,Pass,Pass,Pass,Pass,Pass,Pass,Pass,Pass,Pass,Pass,Pass,Pass,Pass,Pass,Pass,Pass,Pass,Pass,Pass,Pass,Pass,Pass,Pass,Pass,Pass,Pass,Skip,Pass,
05-28-2016,23:45:40,46.1,1,171680059854,PASS,Pass,Pass,Pass,Pass,Pass,Pass,Pass,Pass,Skip,Pass,Pass,Pass,Pass,Pass,Pass,Pass,Pass,Pass,Pass,Pass,Pass,Pass,Pass,Pass,Pass,Pass,Pass,Pass,Pass,Pass,Pass,Pass,Pass,Pass,Pass,Pass,Pass,Pass,Pass,Skip,Pass,
05-28-2016,23:46:03,47.8,5,171680059855,PASS,Pass,Pass,Pass,Pass,Pass,Pass,Pass,Pass,Skip,Pass,Pass,Pass,Pass,Pass,Pass,Pass,Pass,Pass,Pass,Pass,Pass,Pass,Pass,Pass,Pass,Pass,Pass,Pass,Pass,Pass,Pass,Pass,Pass,Pass,Pass,Pass,Pass,Pass,Pass,Skip,Pass,
05-28-2016,23:46:47,45.8,2,171680059856,PASS,Pass,Pass,Pass,Pass,Pass,Pass,Pass,Pass,Skip,Pass,Pass,Pass,Pass,Pass,Pass,Pass,Pass,Pass,Pass,Pass,Pass,Pass,Pass,Pass,Pass,Pass,Pass,Pass,Pass,Pass,Pass,Pass,Pass,Pass,Pass,Pass,Pass,Pass,Pass,Skip,Pass,
05-28-2016,23:47:17,45.7,4,171680059911,PASS,Pass,Pass,Pass,Pass,Pass,Pass,Pass,Pass,Skip,Pass,Pass,Pass,Pass,Pass,Pass,Pass,Pass,Pass,Pass,Pass,Pass,Pass,Pass,Pass,Pass,Pass,Pass,Pass,Pass,Pass,Pass,Pass,Pass,Pass,Pass,Pass,Pass,Pass,Pass,Skip,Pass,
05-28-2016,23:47:38,45.0,6,171680059912,PASS,Pass,Pass,Pass,Pass,Pass,Pass,Pass,Pass,Skip,Pass,Pass,Pass,Pass,Pass,Pass,Pass,Pass,Pass,Pass,Pass,Pass,Pass,Pass,Pass,Pass,Pass,Pass,Pass,Pass,Pass,Pass,Pass,Pass,Pass,Pass,Pass,Pass,Pass,Pass,Skip,Pass,
05-28-2016,23:48:00,45.7,1,171680059913,PASS,Pass,Pass,Pass,Pass,Pass,Pass,Pass,Pass,Skip,Pass,Pass,Pass,Pass,Pass,Pass,Pass,Pass,Pass,Pass,Pass,Pass,Pass,Pass,Pass,Pass,Pass,Pass,Pass,Pass,Pass,Pass,Pass,Pass,Pass,Pass,Pass,Pass,Pass,Pass,Skip,Pass,
05-28-2016,23:48:20,45.4,3,171680059914,PASS,Pass,Pass,Pass,Pass,Pass,Pass,Pass,Pass,Skip,Pass,Pass,Pass,Pass,Pass,Pass,Pass,Pass,Pass,Pass,Pass,Pass,Pass,Pass,Pass,Pass,Pass,Pass,Pass,Pass,Pass,Pass,Pass,Pass,Pass,Pass,Pass,Pass,Pass,Pass,Skip,Pass,
05-28-2016,23:48:58,46.8,5,171680059915,PASS,Pass,Pass,Pass,Pass,Pass,Pass,Pass,Pass,Skip,Pass,Pass,Pass,Pass,Pass,Pass,Pass,Pass,Pass,Pass,Pass,Pass,Pass,Pass,Pass,Pass,Pass,Pass,Pass,Pass,Pass,Pass,Pass,Pass,Pass,Pass,Pass,Pass,Pass,Pass,Skip,Pass,
05-28-2016,23:50:29,44.9,1,171680059916,PASS,Pass,Pass,Pass,Pass,Pass,Pass,Pass,Pass,Skip,Pass,Pass,Pass,Pass,Pass,Pass,Pass,Pass,Pass,Pass,Pass,Pass,Pass,Pass,Pass,Pass,Pass,Pass,Pass,Pass,Pass,Pass,Pass,Pass,Pass,Pass,Pass,Pass,Pass,Pass,Skip,Pass,
05-28-2016,23:51:45,45.3,3,171680059901,PASS,Pass,Pass,Pass,Pass,Pass,Pass,Pass,Pass,Skip,Pass,Pass,Pass,Pass,Pass,Pass,Pass,Pass,Pass,Pass,Pass,Pass,Pass,Pass,Pass,Pass,Pass,Pass,Pass,Pass,Pass,Pass,Pass,Pass,Pass,Pass,Pass,Pass,Pass,Pass,Skip,Pass,
05-28-2016,23:52:30,45.2,1,171680059902,PASS,Pass,Pass,Pass,Pass,Pass,Pass,Pass,Pass,Skip,Pass,Pass,Pass,Pass,Pass,Pass,Pass,Pass,Pass,Pass,Pass,Pass,Pass,Pass,Pass,Pass,Pass,Pass,Pass,Pass,Pass,Pass,Pass,Pass,Pass,Pass,Pass,Pass,Pass,Pass,Skip,Pass,
05-28-2016,23:53:00,50.6,5,171680059903,PASS,Pass,Pass,Pass,Pass,Pass,Pass,Pass,Pass,Skip,Pass,Pass,Pass,Pass,Pass,Pass,Pass,Pass,Pass,Pass,Pass,Pass,Pass,Pass,Pass,Pass,Pass,Pass,Pass,Pass,Pass,Pass,Pass,Pass,Pass,Pass,Pass,Pass,Pass,Pass,Skip,Pass,
05-28-2016,23:53:14,44.2,2,171680059904,PASS,Pass,Pass,Pass,Pass,Pass,Pass,Pass,Pass,Skip,Pass,Pass,Pass,Pass,Pass,Pass,Pass,Pass,Pass,Pass,Pass,Pass,Pass,Pass,Pass,Pass,Pass,Pass,Pass,Pass,Pass,Pass,Pass,Pass,Pass,Pass,Pass,Pass,Pass,Pass,Skip,Pass,
05-28-2016,23:53:58,47.1,4,171680059905,PASS,Pass,Pass,Pass,Pass,Pass,Pass,Pass,Pass,Skip,Pass,Pass,Pass,Pass,Pass,Pass,Pass,Pass,Pass,Pass,Pass,Pass,Pass,Pass,Pass,Pass,Pass,Pass,Pass,Pass,Pass,Pass,Pass,Pass,Pass,Pass,Pass,Pass,Pass,Pass,Skip,Pass,
05-28-2016,23:54:09,47.9,6,171680059906,PASS,Pass,Pass,Pass,Pass,Pass,Pass,Pass,Pass,Skip,Pass,Pass,Pass,Pass,Pass,Pass,Pass,Pass,Pass,Pass,Pass,Pass,Pass,Pass,Pass,Pass,Pass,Pass,Pass,Pass,Pass,Pass,Pass,Pass,Pass,Pass,Pass,Pass,Pass,Pass,Skip,Pass,
05-28-2016,23:54:44,45.3,1,171680059891,PASS,Pass,Pass,Pass,Pass,Pass,Pass,Pass,Pass,Skip,Pass,Pass,Pass,Pass,Pass,Pass,Pass,Pass,Pass,Pass,Pass,Pass,Pass,Pass,Pass,Pass,Pass,Pass,Pass,Pass,Pass,Pass,Pass,Pass,Pass,Pass,Pass,Pass,Pass,Pass,Skip,Pass,
05-28-2016,23:55:08,44.4,3,171680059892,PASS,Pass,Pass,Pass,Pass,Pass,Pass,Pass,Pass,Skip,Pass,Pass,Pass,Pass,Pass,Pass,Pass,Pass,Pass,Pass,Pass,Pass,Pass,Pass,Pass,Pass,Pass,Pass,Pass,Pass,Pass,Pass,Pass,Pass,Pass,Pass,Pass,Pass,Pass,Pass,Skip,Pass,
05-28-2016,23:55:29,45.7,2,171680059893,PASS,Pass,Pass,Pass,Pass,Pass,Pass,Pass,Pass,Skip,Pass,Pass,Pass,Pass,Pass,Pass,Pass,Pass,Pass,Pass,Pass,Pass,Pass,Pass,Pass,Pass,Pass,Pass,Pass,Pass,Pass,Pass,Pass,Pass,Pass,Pass,Pass,Pass,Pass,Pass,Skip,Pass,
05-28-2016,23:56:12,48.7,3,171680059895,PASS,Pass,Pass,Pass,Pass,Pass,Pass,Pass,Pass,Skip,Pass,Pass,Pass,Pass,Pass,Pass,Pass,Pass,Pass,Pass,Pass,Pass,Pass,Pass,Pass,Pass,Pass,Pass,Pass,Pass,Pass,Pass,Pass,Pass,Pass,Pass,Pass,Pass,Pass,Pass,Skip,Pass,
05-28-2016,23:56:19,49.8,1,171680059894,PASS,Pass,Pass,Pass,Pass,Pass,Pass,Pass,Pass,Skip,Pass,Pass,Pass,Pass,Pass,Pass,Pass,Pass,Pass,Pass,Pass,Pass,Pass,Pass,Pass,Pass,Pass,Pass,Pass,Pass,Pass,Pass,Pass,Pass,Pass,Pass,Pass,Pass,Pass,Pass,Skip,Pass,
05-28-2016,23:56:44,44.2,5,171680059896,PASS,Pass,Pass,Pass,Pass,Pass,Pass,Pass,Pass,Skip,Pass,Pass,Pass,Pass,Pass,Pass,Pass,Pass,Pass,Pass,Pass,Pass,Pass,Pass,Pass,Pass,Pass,Pass,Pass,Pass,Pass,Pass,Pass,Pass,Pass,Pass,Pass,Pass,Pass,Pass,Skip,Pass,
05-28-2016,23:57:02,46.3,4,171680059821,PASS,Pass,Pass,Pass,Pass,Pass,Pass,Pass,Pass,Skip,Pass,Pass,Pass,Pass,Pass,Pass,Pass,Pass,Pass,Pass,Pass,Pass,Pass,Pass,Pass,Pass,Pass,Pass,Pass,Pass,Pass,Pass,Pass,Pass,Pass,Pass,Pass,Pass,Pass,Pass,Skip,Pass,
05-28-2016,23:57:30,47.2,1,171680059822,PASS,Pass,Pass,Pass,Pass,Pass,Pass,Pass,Pass,Skip,Pass,Pass,Pass,Pass,Pass,Pass,Pass,Pass,Pass,Pass,Pass,Pass,Pass,Pass,Pass,Pass,Pass,Pass,Pass,Pass,Pass,Pass,Pass,Pass,Pass,Pass,Pass,Pass,Pass,Pass,Skip,Pass,
05-28-2016,23:59:04,44.3,1,171680059823,PASS,Pass,Pass,Pass,Pass,Pass,Pass,Pass,Pass,Skip,Pass,Pass,Pass,Pass,Pass,Pass,Pass,Pass,Pass,Pass,Pass,Pass,Pass,Pass,Pass,Pass,Pass,Pass,Pass,Pass,Pass,Pass,Pass,Pass,Pass,Pass,Pass,Pass,Pass,Pass,Skip,Pass,
